chrom	blockRange	ABBA	BABA	Dstat	Dcube	Chisq	P-val
1	1-501	16	17	-0.030303030303	None	0.030303030303	0.861804433049
1	501-1000	15	12	0.111111111111	None	0.333333333333	0.563702861651
1	1000-1500	16	16	0.0	None	0	1
1	1500-1515	0	0	0	0	0	1
2	1-379	10	14	-0.166666666667	None	0.666666666667	0.414216178243
3	1-500	13	14	-0.037037037037	None	0.037037037037	0.847389659687
3	500-1000	14	17	-0.0967741935484	None	0.290322580645	0.590013887163
3	1000-1500	22	9	0.41935483871	None	5.45161290323	0.0195502690929
3	1500-2000	13	18	-0.161290322581	None	0.806451612903	0.369171416333
3	2000-2143	2	5	-0.428571428571	None	1.28571428571	0.256839257958
4	1-500	10	13	-0.130434782609	None	0.391304347826	0.531614576882
4	500-1000	15	17	-0.0625	None	0.125	0.723673609832
4	1000-1500	9	15	-0.25	None	1.5	0.22067136192
4	1500-2000	14	14	0.0	None	0	1
4	2000-2300	7	11	0.888888888889	0.345778586151
