1	500101	485019	1294	2474	166	2439	150	227	205	1601	204	201	185	227	200	189	2250
1	1000300	491957	538	1574	16	1346	30	33	11	292	14	39	14	38	28	61	1346
1	1500026	492462	442	1523	9	1230	51	17	14	217	27	34	15	14	71	31	1141
1	2000559	493007	521	1697	9	1522	51	14	3	259	43	64	127	8	63	6	1062
1	2500024	492271	516	1667	16	1288	49	18	14	327	27	41	55	23	132	12	1107
1	3000178	492094	676	1738	17	1452	105	55	46	376	20	96	35	26	21	104	1267
1	3500029	492281	613	1493	17	1318	74	28	39	361	25	73	21	27	39	69	1204
1	4000095	493295	548	1441	12	1296	38	27	27	318	41	17	56	15	50	32	1074
1	4500004	492450	582	1624	18	1275	107	67	58	436	23	71	21	18	28	47	1001
1	5000024	492964	585	1424	47	1294	21	26	9	275	11	30	24	58	26	18	1245
1	5500071	492189	770	1616	28	1358	56	80	20	456	53	85	29	54	62	79	964
1	6000065	492612	686	1388	27	1337	60	50	25	329	55	106	67	68	42	161	852
1	6500049	492086	646	1428	53	1366	77	47	50	447	44	95	53	53	48	58	1118
1	7000123	491711	815	1453	32	1308	47	76	47	434	34	96	36	68	33	139	1020
1	7500007	492005	734	1262	67	1260	81	49	58	378	64	99	61	52	65	60	1062
1	8000077	491689	769	1601	49	1363	103	52	87	430	48	109	63	64	67	93	1150
1	8500000	492241	732	1435	49	1273	31	43	35	382	40	59	34	58	31	64	1010
1	9000183	492372	621	1441	69	1386	71	69	74	455	52	89	71	79	65	93	919
1	9500063	491730	643	1388	54	1317	63	61	93	434	45	64	69	54	51	68	1066
1	10000093	491886	708	1398	99	1312	43	51	91	421	45	75	96	82	39	88	1038
1	10500164	491473	769	1399	83	1317	91	79	91	488	44	104	66	77	49	128	1062
1	11000006	491265	706	1433	94	1278	57	51	75	396	61	93	53	100	70	72	1021
1	11500013	491513	769	1447	49	1250	111	48	60	423	60	95	66	109	75	120	1155
1	12000027	491909	633	1428	68	1284	93	71	100	478	53	81	60	39	90	46	1133
1	12500062	491461	760	1388	88	1424	103	75	83	420	66	95	82	70	79	60	1124
1	13000143	491663	761	1476	50	1351	87	37	49	464	68	115	60	89	71	76	1132
1	13500014	491532	714	1559	68	1504	72	63	54	501	51	123	88	76	66	88	1029
1	14000035	492101	665	1721	30	1462	78	43	50	415	27	90	31	39	88	69	967
1	14500089	492613	664	1518	22	1359	74	30	26	363	43	99	52	27	36	67	923
1	15000027	492854	627	1373	47	1289	54	42	26	349	43	120	105	49	25	66	661
1	15500000	491843	701	1657	68	1498	129	53	36	459	47	208	61	50	40	111	902
1	16000206	492421	663	1466	57	1497	88	60	62	443	51	107	92	52	37	64	940
1	16500021	490654	776	1481	72	1412	92	62	95	539	60	91	65	73	83	84	1336
1	17000012	491683	689	1688	63	1496	144	82	84	470	61	103	70	72	78	69	895
1	17500014	490909	745	1659	49	1417	109	47	66	480	59	147	56	71	59	98	965
1	18000011	491353	782	1769	52	1508	114	59	63	485	38	123	43	44	64	72	968
1	18500058	491452	770	1565	71	1454	83	41	54	491	74	117	83	56	41	105	861
1	19000031	492207	606	1613	37	1363	73	45	40	430	41	114	70	46	24	54	1055
1	19500074	492724	608	1407	27	1314	82	33	32	380	21	109	44	24	18	56	982
1	20000175	492769	702	1461	69	1395	93	57	58	401	45	76	53	52	67	55	973
1	20500072	492627	652	1490	42	1325	127	49	41	370	38	92	51	34	45	61	880
1	21000001	491700	699	1552	62	1397	122	60	73	501	62	119	63	63	65	85	1088
1	21500046	491927	707	1553	22	1342	131	50	33	387	42	166	75	46	67	77	973
1	22000138	492106	673	1392	23	1383	147	51	56	411	50	189	94	36	49	91	1093
1	22500168	492159	688	1394	30	1251	114	36	71	410	35	185	93	24	24	98	929
1	23000143	491942	715	1480	44	1436	94	48	33	472	55	179	102	40	36	109	1002
1	23500018	491234	745	1585	61	1442	118	47	45	434	49	195	121	55	72	101	1193
1	24000106	491617	644	1469	29	1330	114	47	43	378	53	177	65	43	36	68	1245
1	24500170	491448	690	1457	46	1321	140	54	59	447	21	189	64	59	64	102	1320
1	25000238	489674	737	1505	33	1374	259	40	98	439	51	243	100	34	43	115	1238
1	25500037	491158	721	1591	41	1392	169	45	78	539	47	134	66	50	58	83	1073
1	26000061	491542	713	1544	59	1458	146	57	45	554	44	176	67	49	49	60	986
1	26500034	491946	668	1498	25	1399	108	62	60	416	49	139	72	56	56	107	868
1	27000035	491815	673	1499	39	1400	82	40	55	558	27	145	80	48	36	67	1035
1	27500010	491664	728	1642	59	1468	87	69	56	520	52	85	39	48	57	81	1014
1	28000055	491926	668	1525	48	1308	63	77	59	407	53	66	68	96	61	74	1098
1	28500003	492171	565	1421	40	1297	53	20	17	344	21	75	25	20	38	22	1274
1	29000012	492582	600	1452	30	1303	65	48	52	399	35	50	27	32	37	59	1057
1	29500099	492759	637	1459	66	1235	47	34	41	363	40	65	86	59	50	62	866
1	30000008	491705	706	1536	58	1486	83	89	86	391	74	69	103	47	59	75	928
1	30500167	492561	697	1612	57	1381	62	70	59	464	84	75	88	41	61	51	835
1	31000448	492224	714	1551	47	1431	86	57	60	430	68	102	64	84	67	87	805
1	31500055	491717	613	1440	36	1355	74	42	54	366	34	75	61	43	40	72	1030
1	32000042	492646	670	1550	49	1366	49	68	45	442	60	73	60	41	37	49	895
1	32500098	491870	715	1445	55	1319	79	52	76	448	38	74	58	42	49	50	1162
1	33000042	491348	684	1396	54	1410	96	57	65	416	55	97	63	57	36	75	1150
1	33500009	491903	644	1392	39	1188	89	72	70	510	40	104	52	62	44	51	1014
1	34000074	491459	672	1437	54	1284	44	85	57	442	69	64	70	73	73	77	1258
1	34500097	492879	607	1484	31	1288	80	61	49	360	42	75	28	45	48	85	910
1	35000074	492485	845	1460	32	1260	39	38	21	329	41	75	34	54	38	175	854
1	35500127	492847	769	1433	23	1354	36	55	35	401	40	80	26	65	32	66	647
1	36000098	492099	650	1364	40	1306	69	47	37	325	27	73	60	74	55	120	906
1	36500008	491874	832	1555	48	1406	56	80	51	449	56	91	52	61	39	130	893
1	37000116	491743	763	1536	62	1447	65	95	73	505	103	87	65	72	75	91	1052
1	37500010	492444	683	1323	26	1240	33	58	43	392	43	83	40	51	41	73	937
1	38000328	492347	697	1422	69	1260	45	59	78	419	27	80	40	113	46	172	960
1	38500155	492303	904	1421	37	1264	33	57	23	404	39	71	22	70	39	148	823
1	39000114	491441	727	1557	67	1359	86	108	57	530	54	124	66	89	84	115	1038
1	39500112	492457	702	1524	45	1452	63	98	53	484	43	48	43	84	53	83	666
1	40000012	491965	689	1516	60	1423	40	67	95	425	45	51	64	69	36	47	1154
1	40500176	492810	596	1447	29	1267	50	36	31	324	34	40	15	43	31	90	955
1	41000030	491301	958	1607	31	1523	66	92	66	439	71	108	48	71	53	153	1056
1	41500024	492366	754	1597	50	1433	48	86	50	398	64	67	38	55	37	127	838
1	42000004	492000	694	1534	46	1281	68	34	35	398	33	70	50	64	58	88	894
1	42500010	492784	588	1398	61	1339	56	20	38	363	16	82	49	42	42	44	996
1	43000009	492404	659	1459	67	1277	40	76	37	441	59	46	28	62	62	43	849
1	43500210	492912	641	1364	41	1363	54	36	44	398	26	51	39	64	33	68	835
1	44000018	491912	716	1302	25	1247	112	29	28	335	48	192	71	42	60	143	940
1	44500153	492388	698	1490	56	1372	66	61	54	446	42	77	47	69	53	92	902
1	45000033	492082	687	1470	72	1347	94	44	77	380	32	90	68	69	49	55	886
1	45500129	492681	627	1475	49	1404	73	56	59	380	69	86	45	45	67	61	996
1	46000084	492213	684	1536	37	1397	78	45	54	422	47	78	43	58	46	91	998
1	46500029	492731	593	1451	21	1261	30	65	32	330	68	48	25	23	40	53	1042
1	47000032	493029	558	1537	19	1253	49	42	20	293	37	48	15	24	43	28	1004
1	47500080	492033	610	1696	29	1430	151	89	58	413	71	78	44	31	148	50	1058
1	48000177	492454	610	1471	59	1427	52	20	27	343	32	74	279	58	12	69	686
1	48500171	491912	670	1587	54	1306	57	54	42	327	61	66	39	83	74	79	1039
1	49000420	492606	655	1587	35	1366	71	41	49	353	36	102	40	61	35	54	1092
1	49500010	491189	721	1576	40	1495	75	65	52	386	70	87	113	43	44	77	1133
1	50000090	491688	625	1583	75	1387	69	58	77	452	41	62	74	60	39	67	1170
1	50500041	491843	660	1531	98	1443	65	49	40	360	50	67	112	101	68	54	1232
1	51000058	492125	596	1400	27	1538	54	21	20	243	25	133	110	17	19	38	1140
1	51500278	492782	523	1490	32	1369	23	54	58	366	83	27	134	41	40	16	952
1	52000220	493030	630	1369	38	1234	34	59	57	386	45	40	36	34	41	38	842
1	52500145	491877	659	1607	75	1483	51	51	43	355	57	86	57	76	71	60	1166
1	53000012	491527	705	1518	58	1280	66	45	44	417	65	92	77	65	78	64	1129
1	53500023	491613	738	1518	78	1485	72	89	71	471	46	109	43	64	48	115	1075
1	54000001	491821	718	1566	47	1400	85	65	64	409	44	125	60	63	65	84	1149
1	54500066	490335	781	1755	60	1459	76	94	91	483	96	99	81	62	78	95	1222
1	55000013	490448	693	1715	98	1575	90	63	69	502	81	104	91	88	74	88	1352
1	55500025	490005	811	1698	50	1597	125	97	55	468	79	193	111	50	49	135	1344
1	56000013	490058	704	1753	67	1586	80	83	72	498	70	146	100	76	71	104	1119
1	56500022	490428	732	1833	64	1655	104	56	100	554	82	120	95	68	131	90	1059
1	57000173	491985	660	1525	77	1394	65	100	101	515	72	79	42	65	62	105	813
1	57500068	492117	649	1358	44	1318	52	50	49	336	30	46	58	42	50	74	1266
1	58000069	492467	671	1422	76	1283	31	75	91	399	61	59	27	61	30	65	775
1	58500078	492734	621	1533	56	1412	40	67	50	366	70	30	84	51	54	54	859
1	59000009	493106	625	1377	16	1210	46	27	40	300	28	110	68	26	17	62	805
1	59500087	492673	598	1527	42	1395	40	37	27	331	34	50	62	38	85	48	985
1	60000008	492325	693	1415	85	1240	45	55	75	409	58	68	63	70	58	65	870
1	60500038	492474	588	1338	44	1250	48	40	30	363	29	60	51	66	71	34	896
1	61000016	492625	580	1400	28	1212	43	42	32	403	76	74	94	18	75	27	677
1	61500048	493299	620	1386	59	1296	36	42	46	347	50	28	61	75	36	58	745
1	62000017	492549	656	1423	70	1223	30	49	23	423	40	32	29	97	47	80	838
1	62500085	493012	620	1377	16	1374	63	48	20	265	34	108	55	30	44	45	1037
1	63000032	492042	693	1489	52	1353	41	78	38	414	83	47	53	78	74	62	1038
1	63500013	492056	665	1427	33	1245	81	42	62	400	21	98	35	56	45	60	1215
1	64000034	491827	709	1525	53	1357	40	81	80	349	46	62	55	65	45	99	1346
1	64500068	491868	697	1449	53	1369	65	66	48	400	72	56	71	62	71	40	1162
1	65000052	492569	592	1424	43	1359	50	36	35	323	43	77	75	39	79	51	947
1	65500007	492748	574	1295	34	1232	81	41	43	345	24	110	55	23	19	40	1055
1	66000035	492480	624	1449	31	1297	82	24	30	324	28	103	58	46	24	57	1235
1	66500023	492135	660	1329	48	1295	151	22	42	302	22	183	100	75	40	90	1021
1	67000000	492113	650	1517	48	1253	54	89	45	440	26	108	28	66	45	121	913
1	67500064	492174	640	1387	58	1193	73	85	66	409	46	73	67	66	41	84	981
1	68000113	492777	606	1462	45	1231	39	63	38	387	47	58	64	44	59	59	898
1	68500055	491734	609	1437	44	1226	69	37	57	336	21	58	55	54	43	45	1398
1	69000000	491201	656	1572	63	1244	78	55	73	462	53	76	42	95	102	42	1139
1	69500409	492481	552	1355	24	1216	41	78	51	348	47	72	51	25	25	46	1229
1	70000035	488978	784	1879	74	1833	68	155	99	749	88	111	98	125	102	108	1503
1	70500148	491748	704	1493	59	1372	39	56	21	430	26	66	25	63	35	94	1197
1	71000022	492104	738	1454	40	1373	41	41	27	359	39	72	45	75	43	128	886
1	71500223	492761	637	1641	26	1402	38	65	39	393	56	30	50	32	63	79	905
1	72000064	493168	511	1426	12	1173	18	23	15	260	12	18	30	12	8	33	1066
1	72500013	491415	706	1694	59	1506	76	60	52	388	54	95	88	80	66	86	1191
1	73000155	491721	710	1589	47	1496	73	73	62	411	69	122	71	32	42	55	1039
1	73500012	492231	680	1558	52	1455	79	49	37	382	50	106	71	38	33	72	871
1	74000024	492439	613	1428	46	1346	16	37	57	435	24	46	39	76	41	18	908
1	74500069	492540	619	1581	39	1455	82	84	51	382	34	61	22	61	36	57	924
1	75000054	492293	718	1567	75	1486	46	53	61	470	49	87	48	59	68	83	989
1	75500114	491467	737	1539	50	1412	63	99	57	475	104	68	89	38	62	41	1033
1	76000131	492226	666	1411	42	1349	39	49	45	399	42	74	63	52	30	53	898
1	76500017	491805	770	1502	66	1396	51	66	45	450	88	96	65	58	49	88	984
1	77000004	492608	715	1473	38	1425	56	53	27	386	57	81	46	35	26	64	944
1	77500005	491728	710	1486	29	1431	111	38	52	413	49	146	86	54	55	97	1082
1	78000058	492776	615	1421	41	1301	60	22	33	311	36	80	68	31	33	62	1155
1	78500011	492323	597	1398	54	1309	53	57	47	335	73	95	124	37	61	52	1064
1	79000065	491912	663	1422	63	1355	44	57	56	426	51	63	109	92	50	86	1025
1	79500041	492391	598	1485	38	1365	33	62	54	384	78	39	55	67	82	46	1004
1	80000158	492498	662	1589	39	1377	73	73	34	394	37	59	45	42	66	58	1079
1	80500049	491684	727	1587	70	1432	76	54	91	515	81	56	47	60	49	31	892
1	81000030	493044	642	1380	16	1281	60	37	23	315	26	63	36	30	36	42	998
1	81500002	492444	619	1370	34	1199	67	23	32	324	18	84	57	39	35	22	1195
1	82000084	492171	651	1624	57	1444	65	63	43	458	89	85	87	46	75	59	903
1	82500034	491964	725	1529	77	1420	65	80	64	457	67	79	43	62	64	77	848
1	83000025	492069	680	1517	39	1384	62	59	60	423	63	88	43	58	52	79	1086
1	83500078	491843	814	1525	56	1466	105	42	52	413	38	110	72	57	34	95	964
1	84000131	492048	705	1492	37	1417	37	85	52	378	74	66	63	50	65	64	1061
1	84500088	492064	635	1326	61	1213	52	66	36	378	49	81	79	70	58	77	1050
1	85000042	492331	593	1402	47	1358	45	46	55	382	48	69	62	47	49	58	1137
1	85500025	491901	648	1527	47	1406	66	79	38	443	57	69	58	42	46	54	1165
1	86000080	490744	746	1418	53	1238	70	73	60	458	52	53	54	59	74	86	1299
1	86500184	491771	717	1654	76	1409	83	83	62	442	88	96	105	54	69	98	971
1	87000224	491998	680	1518	59	1425	94	59	48	397	57	85	82	83	54	90	1104
1	87500005	491719	666	1596	27	1434	114	37	50	395	39	145	75	26	46	81	1020
1	88000045	491847	677	1461	19	1433	69	50	25	376	34	140	66	28	33	76	1230
1	88500176	491186	650	1580	64	1341	65	51	59	406	34	139	75	74	60	80	884
1	89000017	491970	649	1522	55	1432	90	51	59	421	33	92	57	46	32	52	1010
1	89500000	491621	778	1566	36	1475	75	63	64	389	43	109	66	61	66	103	987
1	90000022	491229	717	1681	66	1451	87	81	78	426	64	92	62	57	71	115	1081
1	90500112	492524	668	1502	53	1427	71	38	50	386	45	88	48	63	56	89	971
1	91000103	492035	711	1675	49	1473	57	64	52	411	74	69	75	64	65	65	935
1	91500025	492176	687	1565	57	1452	43	73	38	404	61	90	51	57	49	136	840
1	92000380	493242	665	1524	40	1363	28	52	20	392	29	60	40	81	52	75	706
1	92500084	492518	628	1709	41	1416	54	61	47	378	38	86	32	50	33	93	742
1	93000145	493240	583	1477	17	1525	57	12	9	287	11	81	62	19	19	30	923
1	93500061	491549	692	1456	23	1213	42	65	32	402	41	59	28	44	52	56	1169
1	94000187	492948	590	1513	74	1358	36	33	19	318	47	56	53	62	67	50	858
1	94500053	491998	743	1661	57	1417	80	89	100	470	65	74	89	63	63	107	750
1	95000028	491762	732	1597	86	1409	74	53	79	475	41	102	88	99	70	84	840
1	95500042	491499	657	1702	40	1548	102	63	47	437	62	103	102	50	81	64	916
1	96000021	491861	719	1597	113	1425	52	45	33	409	56	135	95	74	33	84	778
1	96500034	490780	826	1619	60	1595	169	56	76	396	58	279	113	67	78	181	1102
1	97000027	490453	627	1630	47	1516	114	65	50	346	51	191	133	48	58	103	1349
1	97500028	490938	833	1618	34	1515	64	71	37	294	50	181	124	24	45	148	1427
1	98000012	491923	622	1403	29	1298	112	27	47	370	19	153	53	29	40	52	1373
1	98500017	492545	527	1374	38	1282	29	22	20	229	10	87	31	37	23	119	1010
1	99000117	492553	543	1396	6	1239	41	15	14	242	8	85	37	43	59	60	978
1	99500167	492196	552	1495	44	1285	27	42	26	311	19	18	15	46	49	68	1080
1	100000047	492102	602	1545	17	1282	24	27	6	314	20	30	10	42	62	48	967
1	100500259	492751	566	1545	9	1259	27	40	6	293	17	98	14	44	64	119	793
1	101000052	492505	588	1458	11	1261	11	48	6	289	8	49	17	49	13	399	763
1	101500002	492889	585	1482	26	1229	9	44	27	328	33	16	22	107	36	104	682
1	102000021	492150	702	1438	10	1303	5	41	1	331	6	83	12	27	7	286	799
1	102500196	492614	700	1378	4	1247	7	68	11	296	20	49	6	39	10	241	569
1	103000074	490865	844	1581	50	1493	44	60	25	378	21	82	23	123	64	242	809
1	103675352	667473	477	1270	34	1084	49	39	33	348	46	57	40	77	47	81	584
1	104000136	319108	408	1022	30	895	23	40	25	270	37	46	61	22	21	23	534
1	104500100	488565	940	1532	128	1386	142	159	119	674	145	124	148	134	146	114	1237
1	105000064	491512	713	1467	43	1287	43	82	46	533	55	54	46	64	56	89	971
1	105500375	492129	702	1609	41	1334	45	53	42	419	22	89	40	65	54	61	878
1	106000051	491018	692	1604	54	1448	49	56	55	406	37	55	61	42	47	83	1055
1	106500036	491975	552	1483	55	1318	42	53	35	340	36	46	45	56	34	55	955
1	107000076	492094	562	1367	40	1240	35	40	25	290	36	50	28	43	26	54	1160
1	107500044	491197	535	1466	24	1200	41	36	21	330	15	48	37	80	43	56	1121
1	108000026	491418	623	1400	36	1221	48	32	35	292	36	70	74	39	42	67	1013
1	108500094	491998	649	1368	35	1231	50	37	23	282	18	64	43	49	40	78	1012
1	109000043	491268	558	1431	39	1292	49	26	20	289	18	73	40	24	27	53	1269
1	109500078	491112	674	1428	27	1282	44	57	45	382	26	50	37	51	36	118	1141
1	110000001	492184	587	1417	14	1228	22	35	22	251	15	22	12	37	15	81	1041
1	110500315	492788	560	1362	36	1209	24	29	13	282	28	52	27	47	23	80	878
1	111000178	490592	697	1553	71	1493	52	57	48	493	49	73	54	82	33	86	1170
1	111500022	490818	819	1519	47	1370	43	91	35	475	43	113	39	66	37	158	1019
1	112000036	490458	679	1540	90	1559	77	54	58	485	40	133	164	85	28	130	1062
1	112500049	492322	583	1411	19	1302	34	42	15	368	30	98	40	27	12	147	829
1	113000041	491038	508	1490	9	1339	191	28	22	356	26	281	38	10	36	23	1169
1	113500008	492082	552	1389	18	1194	54	25	31	296	42	92	40	11	25	81	1018
1	114000231	492016	620	1406	32	1217	26	51	33	328	21	72	44	42	17	108	1165
1	114500166	491376	605	1477	32	1182	30	50	28	278	35	35	36	39	48	99	1239
1	115000296	491579	666	1423	31	1366	19	73	60	365	45	60	62	24	30	107	1206
1	115500292	491854	728	1473	74	1248	38	66	63	470	20	46	29	61	37	74	797
1	116000030	491734	649	1366	12	1251	22	51	24	387	29	31	22	40	22	160	954
1	116500195	491236	663	1371	28	1191	12	146	26	347	84	47	44	68	46	98	1133
1	117000003	491241	667	1496	70	1371	27	57	55	323	27	62	50	66	30	168	810
1	117500185	491342	667	1573	45	1376	71	65	56	525	45	94	36	54	52	133	825
1	118000044	490609	790	1431	35	1354	50	93	46	381	49	106	61	53	30	88	1119
1	118500023	490902	786	1477	53	1287	73	73	62	432	66	93	84	62	61	99	1023
1	119000195	490791	618	1528	104	1309	65	63	57	445	64	90	82	132	61	100	945
1	119500079	490642	778	1533	81	1340	57	91	54	505	58	85	53	99	91	115	925
1	120000032	490573	730	1554	51	1410	72	73	66	442	64	102	71	114	72	111	904
1	120500035	490278	705	1623	94	1402	98	95	72	538	84	116	87	96	81	106	893
1	121000004	489420	773	1674	86	1487	110	93	75	528	85	150	83	87	89	115	1090
1	121500562	489628	654	1295	71	1229	98	68	63	377	56	135	86	60	67	95	857
1	122000005	488702	672	1253	67	1202	113	54	57	427	62	152	88	119	92	115	846
1	122500053	488283	931	1607	122	1440	126	109	103	577	104	203	130	137	104	194	1068
1	122678406	175463	258	586	18	572	10	19	10	163	11	22	27	26	13	22	318
