11	500173	488274	847	2110	83	2049	83	200	110	1064	138	116	135	116	143	160	1364
11	1000079	492525	513	1514	18	1389	13	22	102	508	15	34	44	17	21	18	1230
11	1500048	492119	568	1484	46	1412	11	79	51	398	72	37	90	33	17	73	1148
11	2000011	491948	676	1583	11	1296	1	84	10	337	36	24	6	38	40	184	991
11	2500009	492300	547	1604	2	1441	2	82	5	263	61	21	93	16	41	66	1232
11	3000029	491572	718	1494	16	1483	90	16	17	377	6	240	66	19	16	169	1284
11	3500039	491984	729	1505	34	1271	9	17	6	213	3	24	8	79	13	375	905
11	4000152	492279	705	1448	36	1268	40	55	26	392	10	122	22	74	14	153	956
11	4500075	492162	709	1393	72	1396	25	80	34	387	36	37	24	93	13	147	1053
11	5000159	491838	749	1448	43	1372	22	105	72	467	31	40	32	55	14	100	1310
11	5500001	491587	856	1448	31	1362	18	80	32	394	20	44	15	99	51	243	1044
11	6000027	492680	676	1413	37	1152	82	21	32	298	12	98	8	65	18	171	1010
11	6500092	492064	796	1584	62	1367	80	63	42	369	22	93	39	62	24	105	1005
11	7000022	491753	695	1521	38	1362	43	60	48	383	44	66	69	83	71	93	1259
11	7500055	491914	767	1345	18	1335	48	86	21	358	52	111	48	91	40	124	1125
11	8000026	491537	897	1404	40	1430	70	53	48	402	23	118	56	48	30	144	1176
11	8500349	492587	646	1474	41	1335	41	51	45	375	22	123	44	49	31	127	862
11	9000086	491389	797	1415	36	1429	57	36	35	386	21	133	78	27	20	116	1062
11	9500043	489837	798	1384	63	1413	74	94	64	624	62	142	90	85	83	125	1127
11	10000184	490565	843	1409	37	1433	80	62	45	398	44	170	93	63	41	170	1152
11	10500005	491278	652	1388	35	1268	130	42	27	310	26	189	94	36	29	63	1090
11	11000008	491057	661	1166	30	1113	51	75	33	430	27	150	50	63	38	113	904
11	11500091	490227	693	1381	56	1278	55	88	45	506	53	112	71	102	65	100	1124
11	12000193	492524	689	1376	64	1267	63	96	94	525	68	90	89	99	89	86	1083
11	12500034	492640	719	1448	51	1368	45	55	30	400	38	116	33	52	24	70	951
11	13000106	492269	785	1482	63	1432	48	67	49	454	49	64	52	71	49	37	776
11	13500177	491785	722	1470	54	1381	147	40	66	425	42	166	57	35	79	43	1043
11	14000032	491804	716	1611	29	1340	80	61	65	421	49	83	38	74	46	129	1146
11	14500033	491752	696	1652	57	1504	48	55	49	467	73	108	66	71	80	79	936
11	15000105	492268	658	1454	55	1353	83	65	62	406	49	91	47	56	75	64	925
11	15500078	492586	660	1482	38	1374	67	65	82	440	64	115	63	36	29	102	824
11	16000083	491704	705	1537	35	1296	74	43	41	424	52	114	71	64	73	73	854
11	16500144	492399	608	1633	44	1335	61	68	55	377	76	55	45	58	80	55	793
11	17000273	492321	698	1540	52	1401	72	78	74	410	59	62	83	54	65	42	1131
11	17500008	492207	623	1563	46	1307	52	44	41	384	82	45	40	54	103	47	1041
11	18000100	492010	676	1426	45	1380	52	51	68	460	65	68	50	70	71	53	1129
11	18500036	492542	674	1388	57	1330	44	70	68	412	69	46	49	45	32	57	857
11	19000027	491974	687	1382	54	1247	77	98	83	414	72	53	92	41	58	67	1028
11	19500036	491812	683	1423	40	1198	35	144	71	450	80	47	65	33	42	76	1115
11	20000019	492276	583	1387	53	1208	26	16	15	304	30	23	24	95	67	39	985
11	20500025	492690	595	1489	20	1364	10	28	24	352	27	25	36	17	15	40	1268
11	21000177	492366	541	1473	31	1300	47	33	22	272	30	32	34	43	60	48	1360
11	21500010	491411	676	1361	20	1304	24	100	38	411	40	47	30	32	51	84	1176
11	22000161	491414	689	1797	85	1610	32	72	62	508	64	69	63	117	86	109	1167
11	22500034	491961	593	1526	49	1292	13	68	60	377	38	42	70	50	39	47	1060
11	23000315	492956	483	1345	14	1148	23	29	51	298	20	31	23	12	22	19	991
11	23500010	491746	649	1745	33	1417	62	52	37	410	48	69	36	34	24	74	999
11	24000006	491635	646	1698	30	1428	84	74	60	394	55	77	26	55	62	134	1198
11	24500137	492111	684	1530	37	1477	35	83	45	408	63	75	70	78	58	71	1037
11	25000010	491611	657	1697	66	1554	55	68	60	425	45	105	41	90	42	87	1127
11	25500001	492017	575	1582	35	1463	53	75	62	368	67	53	69	57	44	75	1156
11	26000201	492411	607	1363	15	1248	11	61	25	296	37	25	52	26	17	55	1056
11	26500064	490956	598	1506	20	1169	66	43	66	385	27	41	10	80	75	61	1199
11	27000081	492453	620	1469	24	1344	41	46	31	292	51	49	42	14	54	59	996
11	27500028	491506	691	1468	23	1221	53	88	28	402	28	81	32	55	39	120	1232
11	28000352	492047	601	1349	34	1202	31	83	32	298	45	45	29	56	60	91	1422
11	28500057	491789	693	1523	58	1381	64	61	42	369	64	70	48	63	46	103	1142
11	29000115	491492	832	1490	61	1333	45	92	53	445	113	86	50	69	78	121	1157
11	29500005	492427	698	1445	26	1324	68	37	44	346	28	112	51	54	42	100	1074
11	30000002	492615	707	1495	47	1319	45	72	22	369	34	71	38	68	60	100	907
11	30500056	492324	605	1335	62	1259	67	36	50	431	40	50	54	43	62	41	1101
11	31000246	492289	716	1381	50	1247	61	76	54	378	44	73	52	72	61	140	934
11	31500040	491771	634	1395	56	1290	90	70	79	437	57	94	55	71	58	102	876
11	32000043	491645	638	1385	70	1299	86	111	78	503	57	107	64	52	79	60	948
11	32500032	492103	652	1372	80	1240	57	39	41	379	32	89	44	64	38	93	802
11	33000025	491174	746	1397	74	1268	65	77	47	433	76	96	74	85	70	102	1206
11	33500070	491268	783	1504	89	1387	88	80	51	497	52	95	72	109	61	71	1052
11	34000112	492291	664	1470	54	1386	45	74	37	415	66	76	62	64	62	80	934
11	34500072	492392	785	1546	34	1428	69	69	35	373	29	73	30	58	67	94	994
11	35000066	493267	535	1341	29	1294	46	27	32	318	27	62	35	46	48	64	855
11	35500188	492702	663	1491	52	1406	44	50	42	374	40	70	34	77	45	87	855
11	36000023	491657	580	1302	33	1159	50	67	47	402	63	78	43	24	47	52	960
11	36500048	493105	607	1478	34	1319	27	29	27	312	34	55	53	44	28	72	902
11	37000061	494166	569	1270	21	1215	28	22	16	246	20	44	23	26	38	21	605
11	37500003	492621	683	1331	63	1301	27	22	40	374	83	101	72	33	26	27	811
11	38000012	492945	686	1442	40	1385	65	29	22	351	15	148	52	32	19	83	803
11	38500064	493011	622	1514	48	1355	70	46	54	363	42	95	43	52	49	65	803
11	39000297	492774	632	1486	46	1363	54	32	29	387	30	58	49	52	29	43	863
11	39500075	492193	627	1517	24	1329	76	42	30	349	36	85	40	38	53	47	907
11	40000082	492689	658	1502	33	1346	56	61	60	371	76	61	62	51	57	51	836
11	40500006	492985	582	1456	33	1223	81	37	80	355	20	38	23	20	33	27	520
11	41000159	492850	623	1506	39	1287	53	45	49	450	47	38	63	50	58	58	731
11	41500068	493106	619	1425	43	1300	34	65	61	355	25	46	43	38	37	77	545
11	42000004	493398	655	1418	53	1291	33	66	21	357	33	73	37	45	19	79	437
11	42500121	492690	621	1583	55	1378	83	56	54	416	43	99	40	100	41	90	748
11	43000035	492115	608	1366	51	1281	42	42	51	355	30	49	42	43	37	41	1055
11	43500159	492571	580	1385	48	1297	52	71	46	365	43	69	43	39	55	39	1069
11	44000035	492244	686	1346	60	1208	41	72	53	415	46	84	55	91	52	71	769
11	44500009	492519	708	1451	53	1299	32	85	65	395	50	61	44	70	51	112	715
11	45000004	492788	624	1459	33	1254	44	93	51	411	31	79	40	72	29	142	710
11	45500160	493346	635	1400	35	1247	46	39	36	396	22	86	63	46	33	75	484
11	46000062	492747	696	1517	47	1329	72	50	56	372	31	67	37	45	48	62	670
11	46500015	492175	685	1454	49	1300	70	84	37	414	56	87	77	53	35	92	934
11	47000111	492499	640	1320	44	1281	38	47	45	367	56	62	76	54	39	56	1080
11	47500022	491477	617	1389	81	1286	84	69	74	417	60	86	95	61	85	41	1321
11	48000000	491631	634	1339	48	1281	46	92	53	390	61	61	74	47	67	58	1212
11	48500000	491067	653	1255	49	1212	71	70	74	375	62	93	107	59	57	101	1386
11	49000012	492101	587	1295	61	1163	46	45	43	374	27	68	39	50	35	76	1143
11	49500030	492121	722	1375	46	1283	61	63	48	422	53	77	51	61	42	73	1022
11	50000029	492041	730	1410	48	1274	47	71	56	418	60	80	32	60	53	96	889
11	50500032	491986	564	1484	29	1285	57	51	67	381	53	81	38	39	56	53	896
11	51000002	491508	592	1288	15	1137	22	32	14	238	19	30	62	23	22	47	1086
11	51500035	491393	601	1551	27	1428	65	99	83	510	74	54	83	47	57	80	1329
11	52000007	491882	631	1564	73	1316	24	54	32	432	55	28	44	76	96	24	1019
11	52500054	492187	592	1550	50	1320	56	53	43	389	75	51	47	78	74	24	1071
11	53000147	491940	651	1318	5	1100	41	51	24	267	15	62	21	14	20	132	1205
11	53500086	492397	691	1342	19	1305	22	138	72	353	109	30	21	27	24	68	952
11	54000098	492596	603	1366	12	1282	16	42	36	320	27	55	24	24	15	58	1145
11	54500125	492601	669	1550	23	1429	24	75	28	369	24	28	29	25	13	53	1073
11	55000076	492191	643	1641	23	1418	50	71	25	352	68	78	30	29	63	36	963
11	55500030	491881	574	1614	82	1370	58	36	77	442	43	35	57	77	72	43	991
11	56000046	491679	648	1700	53	1519	77	80	76	454	52	108	74	57	45	77	1099
11	56500031	492157	698	1552	52	1380	47	68	74	418	62	67	63	38	49	75	1017
11	57000033	492434	647	1383	30	1279	44	33	29	333	32	85	43	52	57	65	1202
11	57500054	491806	677	1447	35	1307	32	44	27	344	39	108	40	21	36	127	1199
11	58000102	492511	611	1435	36	1347	34	51	29	383	36	66	67	50	34	27	1040
11	58500016	491387	732	1460	55	1403	73	60	56	415	44	97	80	61	64	88	1184
11	59000006	491074	743	1386	53	1341	101	61	71	494	64	171	73	62	91	91	1148
11	59500070	490724	752	1461	81	1319	98	52	56	489	40	190	62	90	83	105	1062
11	60000108	491275	721	1370	46	1287	76	87	73	499	96	85	81	94	79	55	1117
11	60500032	491292	763	1488	78	1321	85	102	96	504	68	120	83	93	109	65	1073
11	61000057	491158	763	1486	46	1372	85	125	98	544	107	78	70	60	59	94	1053
11	61500013	492470	621	1397	64	1307	51	46	51	498	31	53	147	51	25	52	815
11	62000024	492264	668	1527	79	1456	65	60	59	464	51	93	66	94	57	70	930
11	62500010	492300	647	1570	70	1457	71	72	69	436	67	68	70	65	59	78	848
11	63000018	491859	710	1584	59	1517	61	62	46	412	56	113	74	87	33	86	990
11	63500010	491577	732	1813	53	1489	74	58	50	515	54	135	65	83	81	99	1164
11	64000083	491218	707	1734	70	1570	97	61	85	453	56	119	80	69	82	67	1190
11	64500002	492104	647	1491	36	1354	50	41	47	421	37	53	41	49	39	83	938
11	65000025	491202	672	1653	57	1443	66	70	99	526	77	132	105	72	76	95	1051
11	65500053	492044	662	1582	69	1400	80	63	68	430	69	86	74	65	74	95	942
11	66000026	491937	723	1553	53	1463	57	43	53	439	65	65	83	62	62	53	898
11	66500052	491868	651	1356	34	1169	64	49	74	392	26	57	51	35	31	54	1354
11	67000116	492070	672	1353	36	1276	55	57	33	395	69	73	73	53	39	99	891
11	67500088	491582	769	1558	52	1367	89	66	39	403	66	167	80	50	44	119	1037
11	68000017	490417	754	1585	51	1400	104	76	71	410	67	121	42	54	64	87	1087
11	68500031	490571	724	1587	91	1391	62	101	78	471	68	69	74	99	59	96	979
11	69000038	489816	708	1585	77	1469	87	92	80	473	92	122	85	84	91	93	1385
11	69500146	491234	786	1756	65	1562	98	96	70	516	77	122	112	46	73	86	1083
11	70000172	491937	711	1441	63	1473	100	57	48	432	60	118	76	73	57	69	1027
11	70500040	491126	736	1781	68	1575	82	85	76	473	67	110	80	78	80	81	961
11	71000051	489302	874	1918	103	1688	111	108	101	635	100	148	77	105	108	160	1340
11	71500040	490236	816	1682	74	1557	120	90	90	554	88	167	120	87	98	121	1189
11	72000054	490778	896	1628	75	1501	109	87	91	550	72	103	76	112	98	126	1145
11	72500068	491250	756	1647	54	1525	141	84	86	492	97	106	100	100	70	110	888
11	73000009	489482	852	1687	114	1575	115	112	89	504	119	132	125	129	100	98	1100
11	73500002	487877	984	1796	117	1657	90	107	116	609	94	193	122	122	86	145	1136
11	74000013	490317	596	1359	54	1230	77	101	74	430	82	94	80	59	64	78	886
11	74389035	382415	556	1188	25	1020	39	57	33	295	48	52	40	72	36	68	693
