12	500049	491048	607	1564	37	1545	40	103	57	500	53	62	69	41	56	40	1262
12	1000106	491336	651	1466	57	1489	105	75	59	451	64	54	83	69	84	61	629
12	1500650	493357	487	1405	6	1296	24	47	18	277	48	31	64	25	41	35	604
12	2000214	491593	817	1299	40	1086	53	97	39	442	89	64	47	20	24	132	467
12	2500020	490382	846	1650	41	1585	136	40	52	552	71	238	97	67	89	83	829
12	3000051	493270	540	1412	30	1364	33	28	33	264	22	55	67	23	18	33	564
12	3500010	492410	567	1594	27	1393	48	48	32	241	39	76	56	48	32	117	848
12	4000141	492665	612	1352	24	1302	35	49	33	233	21	88	37	14	11	37	883
12	4500013	493298	635	1457	17	1246	23	13	11	251	9	21	12	38	33	72	861
12	5000112	492064	584	1472	26	1290	41	61	34	304	31	38	21	20	24	39	1221
12	5500304	492410	634	1498	37	1302	41	75	35	349	47	62	49	41	41	68	922
12	6000044	491575	664	1417	13	1268	42	83	51	318	20	71	19	33	27	166	905
12	6500035	492163	674	1523	20	1339	69	52	35	289	50	98	38	18	25	85	912
12	7000068	491814	659	1397	15	1317	72	36	26	302	22	132	51	22	34	124	1073
12	7500072	492440	695	1263	10	1301	31	4	14	227	4	113	10	7	7	127	1312
12	8000017	492029	743	1450	43	1334	28	53	23	395	42	95	61	25	38	123	1157
12	8500227	491990	619	1602	44	1492	132	68	55	404	47	107	75	48	77	65	1008
12	9000061	491627	609	1659	54	1575	104	38	56	409	65	59	68	40	50	42	1163
12	9500005	491434	718	1845	56	1646	87	69	36	465	42	122	74	78	53	85	966
12	10000023	491920	658	1669	54	1428	80	84	48	494	71	62	47	51	59	54	1123
12	10500152	492086	606	1608	44	1341	40	43	54	329	28	54	25	76	39	79	1032
12	11000071	491949	665	1625	23	1342	51	67	38	379	46	92	42	38	34	93	925
12	11500258	492459	581	1413	16	1197	70	38	36	288	23	86	27	36	66	59	841
12	12000039	492361	554	1524	25	1395	50	34	17	313	25	95	30	29	30	60	720
12	12500023	492177	637	1658	45	1315	45	39	32	317	42	71	45	54	48	57	945
12	13000018	491827	682	1682	35	1417	60	72	35	418	34	81	51	48	37	120	687
12	13500009	493517	622	1435	21	1364	35	18	11	333	24	132	29	49	19	175	421
12	14000035	492553	635	1584	49	1425	54	94	59	481	59	107	57	68	69	98	707
12	14500130	491717	693	1678	70	1479	63	87	110	431	71	67	74	83	88	59	968
12	15000004	492005	708	1494	88	1381	51	63	63	377	82	79	75	62	66	63	737
12	15500061	491930	837	1648	63	1453	64	93	63	458	59	105	77	96	70	110	782
12	16000021	492803	674	1463	43	1364	54	54	38	357	51	64	29	45	28	70	716
12	16500278	492153	740	1542	61	1384	63	86	76	439	63	99	69	62	62	72	899
12	17000088	491061	651	1484	52	1266	94	89	85	600	85	128	72	76	66	54	901
12	17500206	491989	724	1400	41	1357	78	72	52	402	65	153	105	68	46	140	805
12	18000000	490952	726	1440	91	1276	85	60	58	444	55	110	79	95	61	98	1027
12	18500064	492087	738	1500	59	1350	88	58	70	443	51	70	55	79	55	66	894
12	19000025	491097	765	1504	90	1464	110	52	72	482	67	101	98	71	83	67	1025
12	19500018	492198	724	1575	55	1420	65	63	47	435	50	73	69	69	44	68	911
12	20000039	491481	722	1579	62	1431	52	78	52	417	51	119	83	75	59	89	1222
12	20500156	491894	691	1568	67	1463	53	55	46	414	45	77	43	66	48	81	910
12	21000037	491738	641	1382	44	1268	53	47	47	303	47	82	102	62	44	89	1061
12	21500069	491962	711	1522	44	1431	72	52	53	421	57	79	62	63	58	79	934
12	22000176	491923	744	1486	73	1366	76	72	49	523	48	98	53	86	63	63	972
12	22500028	491675	715	1502	71	1310	44	48	53	434	32	73	50	80	55	93	1057
12	23000068	492260	844	1404	59	1334	31	45	17	436	44	83	49	67	35	110	833
12	23500023	492473	659	1371	35	1195	58	84	36	406	49	46	32	64	39	87	1016
12	24000186	492970	578	1399	31	1219	43	60	33	387	48	73	40	45	47	66	944
12	24500163	491902	717	1395	51	1270	45	36	60	354	24	81	72	54	29	77	980
12	25000032	492092	632	1340	8	1118	167	57	26	394	47	64	29	24	60	17	739
12	25500019	491725	670	1491	46	1252	57	98	44	415	95	104	91	24	69	84	954
12	26000009	491913	581	1358	46	1281	95	54	51	412	40	99	91	34	55	62	1108
12	26500014	491924	618	1440	45	1244	90	47	58	349	47	120	49	55	63	68	1096
12	27000151	492478	609	1332	35	1331	80	49	28	268	46	135	112	32	77	41	1073
12	27500157	492056	606	1325	61	1307	76	41	47	334	54	87	98	47	57	48	1102
12	28000054	492304	768	1240	37	1209	54	51	45	357	30	135	48	50	34	95	814
12	28500153	492052	705	1187	43	1131	112	18	22	292	16	236	75	48	68	75	1089
12	29000122	491665	652	1287	52	1236	65	39	41	338	50	114	86	24	35	86	1134
12	29500006	491325	818	1297	26	1254	41	93	33	430	43	115	76	38	48	87	1097
12	30000106	491978	803	1292	32	1365	34	59	24	335	48	135	56	38	34	118	1055
12	30500014	491331	821	1326	24	1215	190	43	38	365	20	257	51	59	34	106	1106
12	31000022	491969	749	1195	25	1234	87	28	19	308	10	207	64	25	34	146	1245
12	31500058	492074	707	1230	40	1143	119	44	35	321	34	152	73	41	41	101	1032
12	32000006	493011	624	1227	31	1247	57	18	35	311	20	155	105	31	23	85	789
12	32500038	492832	833	1189	30	1296	59	19	25	283	18	196	49	19	23	199	769
12	33000005	493438	572	1274	14	1183	105	16	39	309	6	155	47	35	22	69	761
12	33500028	492663	589	1438	20	1231	77	28	21	357	18	165	42	36	31	117	904
12	34000052	492583	655	1369	28	1328	62	58	23	365	33	138	70	33	21	57	921
12	34500011	492808	606	1354	41	1234	38	20	26	282	8	72	54	34	34	35	1209
12	35000029	493141	580	1201	36	1184	9	21	13	256	14	38	37	29	13	28	1227
12	35500043	493045	515	1235	22	1179	56	7	26	240	16	108	32	29	12	16	1031
12	36000154	492673	663	1250	2	1301	66	22	6	256	7	196	72	12	13	111	853
12	36500150	492609	700	1334	33	1288	46	33	25	335	17	153	40	42	16	98	911
12	37000007	491939	749	1393	32	1317	57	56	33	367	29	137	70	46	35	152	955
12	37500104	493086	588	1296	26	1169	35	22	16	239	11	92	42	21	19	63	926
12	38000010	492911	646	1247	19	1330	52	22	17	252	15	171	68	23	20	105	932
12	38500223	492403	699	1267	59	1257	56	61	42	325	35	149	86	67	26	85	788
12	39000012	492445	619	1427	33	1266	84	42	48	323	32	110	49	52	39	82	746
12	39500047	491788	709	1387	90	1419	59	95	60	456	65	71	53	66	82	89	850
12	40000223	492680	651	1314	45	1275	30	98	78	365	61	68	29	48	27	135	648
12	40500007	492608	564	1451	63	1184	24	44	36	384	39	54	68	82	25	92	683
12	41000041	492662	643	1339	34	1222	25	44	17	295	16	70	60	50	23	123	1021
12	41500010	493178	627	1304	19	1254	35	39	27	298	35	74	61	25	22	164	775
12	42000019	492705	548	1247	53	1172	54	69	61	399	41	50	61	47	44	59	911
12	42500011	492613	609	1431	26	1351	61	36	27	370	28	119	75	23	40	99	959
12	43000043	492100	638	1488	29	1259	54	115	35	348	108	77	41	59	82	85	913
12	43500101	492544	747	1403	46	1259	33	48	51	339	42	48	47	58	64	131	1059
12	44000018	492862	634	1402	33	1156	40	61	28	341	45	58	12	74	51	69	764
12	44500167	492555	630	1412	70	1351	44	65	49	404	62	68	76	62	33	95	744
12	45000032	492545	641	1504	88	1275	53	54	50	437	40	72	56	83	42	57	918
12	45500074	491612	668	1539	59	1409	64	65	62	443	54	77	83	55	40	151	1129
12	46000151	492485	682	1429	89	1274	37	66	47	399	60	54	47	48	29	39	681
12	46500104	491240	760	1499	70	1384	69	51	82	484	65	75	90	101	81	127	1096
12	47000016	492425	693	1346	60	1224	61	82	57	395	58	60	58	40	35	77	824
12	47500007	492568	677	1502	34	1346	42	61	22	396	45	57	40	57	45	72	974
12	48000018	492589	622	1425	44	1379	24	32	24	373	26	38	47	49	37	66	1080
12	48500062	491790	583	1295	34	1199	29	35	30	307	34	31	53	45	73	65	1245
12	49000058	491831	662	1324	58	1277	39	82	92	475	58	53	41	43	34	63	791
12	49500026	492716	612	1452	38	1259	37	69	30	361	41	61	35	45	26	51	847
12	50000305	492699	638	1429	51	1323	80	58	64	443	52	51	46	30	54	33	922
12	50500028	492332	647	1518	58	1184	59	37	54	396	43	68	56	98	55	95	866
12	51000181	492193	780	1286	47	1359	78	65	41	334	35	133	81	69	35	114	1142
12	51500003	491909	796	1311	38	1349	105	32	39	299	58	179	87	30	58	102	923
12	52000051	491861	737	1324	31	1320	84	26	29	290	28	183	85	51	30	131	1115
12	52500006	492371	747	1361	26	1251	69	57	23	309	50	176	61	30	28	132	947
12	53000026	492206	758	1203	46	1285	59	33	30	313	23	200	95	76	59	105	1041
12	53500026	491889	618	1299	67	1227	44	60	58	476	43	78	76	83	60	67	809
12	54000016	491699	754	1426	62	1278	67	83	45	441	88	61	57	88	62	86	913
12	54500303	491665	643	1424	100	1320	69	71	44	409	69	66	80	116	82	118	1079
12	55000106	491630	672	1393	93	1227	45	87	72	415	73	83	92	68	72	87	1062
12	55500002	491666	692	1471	80	1364	75	71	66	412	58	91	75	51	51	72	932
12	56000039	492925	590	1355	59	1213	31	45	33	285	26	60	82	85	41	50	845
12	56500012	493335	588	1284	33	1139	42	34	42	291	27	66	41	51	48	63	773
12	57000252	492962	678	1564	57	1416	85	53	53	372	44	100	77	56	52	65	785
12	57500026	491794	745	1440	38	1491	87	52	36	329	48	163	120	65	63	98	1018
12	58000008	492144	698	1269	48	1227	68	41	30	361	31	118	59	39	37	83	934
12	58500248	492396	649	1440	36	1258	54	33	34	342	47	129	90	54	35	90	1074
12	59000096	491928	588	1136	4	1190	287	11	11	237	6	425	49	4	12	99	1075
12	59500099	492562	749	1337	34	1214	70	39	44	371	27	118	56	39	23	82	971
12	60000032	491879	689	1274	55	1219	70	52	45	355	63	102	92	71	75	65	1028
12	60500013	491847	636	1251	42	1199	71	62	63	333	72	109	76	66	50	90	1010
12	61000078	491277	756	1305	46	1268	81	74	36	334	73	152	65	64	66	201	1174
12	61500073	491267	783	1281	63	1341	66	84	51	437	72	160	94	58	52	115	998
12	62000034	491267	736	1540	55	1435	104	76	65	415	52	177	117	67	75	140	1039
12	62500081	491971	670	1424	68	1269	95	51	54	394	53	86	74	63	59	76	955
12	63000050	491813	742	1510	79	1406	59	86	52	450	85	99	76	106	57	122	912
12	63500088	491685	720	1537	50	1423	70	78	52	427	48	114	59	56	42	117	1017
12	64000034	491841	696	1445	43	1278	44	63	33	423	31	92	34	81	45	141	894
12	64500155	491778	689	1407	48	1364	46	70	45	436	54	48	50	48	54	90	1027
12	65000193	492350	642	1564	36	1343	70	37	51	376	33	72	53	58	49	62	985
12	65500242	492067	717	1415	54	1218	52	41	45	306	17	57	57	83	37	103	814
12	66000011	491530	707	1601	54	1447	92	73	60	434	36	79	46	38	57	82	909
12	66500091	492525	561	1421	74	1312	43	55	67	390	57	62	39	90	67	52	764
12	67000008	492067	667	1492	69	1400	45	55	51	383	43	80	58	77	51	92	893
12	67500028	491820	666	1452	44	1318	56	55	44	348	49	72	48	53	62	51	901
12	68000102	492572	646	1302	41	1223	66	32	31	356	29	73	43	49	36	34	835
12	68500035	490617	770	1626	76	1469	104	86	79	521	57	108	61	79	76	126	1089
12	69000059	490830	849	1632	91	1484	104	87	80	556	108	112	109	98	83	86	1086
12	69500005	491404	727	1481	97	1359	84	77	77	432	67	91	81	81	83	120	1091
12	70000145	490870	815	1569	86	1540	104	95	83	497	81	113	81	93	103	91	1043
12	70500029	489167	865	1710	128	1519	131	114	122	511	109	137	110	113	97	147	1149
12	71000065	490491	806	1522	89	1507	110	106	102	526	113	140	146	94	105	127	1167
12	71500056	489880	819	1618	105	1567	113	111	105	537	92	141	134	99	101	128	1205
12	72000016	488902	835	1556	103	1497	121	98	104	591	93	158	136	102	98	130	1113
12	72498081	487757	579	1184	42	1091	63	96	44	313	51	67	51	59	68	91	844
