13	500022	490704	597	1680	49	1526	37	69	69	620	48	39	65	49	46	47	1515
13	1000072	492980	504	1362	12	1184	16	31	49	244	6	23	15	6	12	22	1229
13	1500233	493199	495	1143	23	1002	13	11	21	274	14	18	16	9	15	17	1138
13	2000130	493062	504	1289	35	1208	14	17	12	297	17	18	19	5	10	15	1266
13	2500028	492532	510	1431	10	1247	13	31	8	269	45	18	21	10	35	10	1439
13	3000127	492208	620	1451	26	1325	9	68	19	318	68	22	46	28	21	123	1276
13	3500037	492862	636	1500	9	1283	15	42	35	318	35	37	9	35	14	112	1125
13	4000058	492512	606	1404	31	1213	22	115	118	361	73	11	14	29	25	118	1045
13	4500162	492601	623	1405	12	1251	35	38	34	281	20	34	18	23	19	180	1105
13	5000045	492682	631	1304	16	1264	29	18	9	271	12	31	29	13	15	129	1091
13	5500005	493554	480	1159	27	1086	8	34	18	272	27	18	17	15	18	10	1043
13	6000051	492586	592	1394	52	1265	28	14	55	345	10	28	24	37	21	47	1521
13	6500067	492913	560	1382	52	1182	40	24	44	326	30	51	36	54	43	42	1071
13	7000017	492974	703	1353	44	1286	79	23	48	273	20	96	53	41	28	80	969
13	7500058	492235	633	1400	42	1292	85	38	53	417	37	157	78	65	57	70	965
13	8000057	492362	572	1447	91	1172	36	34	39	376	47	39	53	124	60	46	1018
13	8500017	493098	554	1445	14	1300	37	32	18	350	34	31	54	31	56	41	893
13	9000244	492986	607	1391	26	1238	39	34	20	240	28	103	38	19	19	113	1039
13	9500174	493435	573	1297	38	1240	20	52	24	282	27	76	65	26	18	113	493
13	10000010	492639	736	1508	36	1310	37	38	23	432	40	94	60	70	23	114	546
13	10500131	493227	709	1460	51	1349	45	71	23	424	35	74	38	70	50	118	411
13	11000004	492654	680	1363	48	1230	73	66	67	428	63	77	93	32	57	66	495
13	11500005	492396	676	1326	51	1307	81	55	50	455	52	116	76	75	65	85	533
13	12000053	491490	664	1386	69	1356	57	92	67	532	74	97	60	81	60	119	826
13	12500144	490988	793	1467	60	1281	70	61	51	533	42	86	89	101	64	60	1141
13	13000095	491781	731	1422	62	1346	68	111	62	479	76	106	70	61	51	74	750
13	13500129	492688	630	1278	54	1226	54	73	50	370	49	77	50	72	72	81	740
13	14000027	491879	613	1450	49	1263	62	53	55	354	67	76	80	45	42	49	1028
13	14500011	491915	620	1387	47	1136	85	42	61	431	53	108	69	58	107	52	1016
13	15000031	492378	632	1395	77	1195	62	79	77	449	46	54	56	74	41	51	1038
13	15500103	492793	672	1462	64	1338	36	67	58	391	65	40	71	65	45	47	948
13	16000088	492525	733	1473	37	1306	103	65	36	389	53	95	58	53	43	76	1193
13	16500094	492041	657	1502	49	1314	72	68	54	448	49	74	70	56	59	71	1020
13	17000059	491700	763	1546	63	1393	108	53	62	426	56	93	89	97	64	102	1119
13	17500021	491995	679	1513	54	1475	82	63	46	444	63	92	75	79	95	86	989
13	18000017	492418	702	1527	57	1345	65	36	34	364	59	84	54	55	36	70	1101
13	18500001	492581	579	1464	61	1372	54	49	71	396	57	62	65	66	62	73	1012
13	19000020	492553	638	1518	53	1358	47	72	46	372	47	61	39	49	41	65	1003
13	19500019	492237	643	1540	82	1396	81	64	63	414	64	72	61	55	70	82	872
13	20000045	491753	800	1556	58	1433	60	61	79	469	82	91	72	70	62	89	986
13	20500033	491485	707	1467	81	1343	81	94	83	479	61	92	76	56	52	72	1110
13	21000079	491996	760	1513	69	1414	40	66	59	456	66	73	71	65	53	86	1058
13	21500067	491709	685	1726	74	1571	58	69	54	457	75	65	82	70	53	75	892
13	22000037	492333	638	1500	44	1286	52	65	54	366	45	81	52	62	49	68	951
13	22500017	491694	727	1533	73	1460	102	89	81	418	58	138	70	75	66	124	966
13	23000261	492259	722	1624	33	1456	51	55	47	400	23	125	62	40	31	51	1027
13	23500235	492086	592	1470	48	1492	50	38	53	347	31	88	63	27	31	50	1207
13	24000248	491562	751	1672	69	1445	105	83	81	494	95	108	70	91	59	98	1168
13	24500024	491140	752	1697	67	1436	69	82	55	517	58	102	66	69	77	69	1124
13	25000143	492859	562	1518	38	1394	43	36	37	358	26	42	72	59	45	88	911
13	25500048	491338	659	1745	68	1459	73	53	44	465	51	95	54	60	62	84	1206
13	26000151	491826	735	1678	38	1530	50	68	45	419	69	77	54	47	75	124	1193
13	26500446	492882	621	1500	40	1391	69	32	37	392	36	75	78	37	60	54	1095
13	27000010	492012	573	1544	34	1448	38	33	20	381	46	73	76	30	48	32	1145
13	27500204	491999	642	1609	46	1426	89	41	40	453	40	63	46	42	45	67	1072
13	28000003	491331	593	1652	31	1467	124	54	122	526	38	74	44	42	85	43	1445
13	28500210	492167	598	1457	40	1250	123	25	66	369	24	94	50	34	89	50	1397
13	29000076	492431	629	1612	29	1492	50	53	29	341	37	79	33	38	55	80	1013
13	29500044	492032	686	1595	42	1504	48	66	35	404	54	71	53	84	28	92	1088
13	30000050	490230	797	1721	72	1538	86	79	89	470	62	130	103	90	73	173	1417
13	30500017	490815	794	1802	80	1545	91	82	52	501	75	105	89	59	92	106	1408
13	31000177	491363	707	1590	47	1434	74	77	72	413	79	88	61	49	68	77	1229
13	31500002	491432	789	1782	60	1490	105	82	55	439	71	101	61	75	68	84	1135
13	32000006	491138	790	1691	68	1476	88	68	52	495	58	70	57	104	59	105	1313
13	32500039	491314	704	1537	70	1338	106	84	40	441	98	77	82	77	102	98	1153
13	33000071	490727	709	1480	39	1497	143	46	46	437	31	147	127	47	51	70	1607
13	33500021	490994	807	1631	28	1483	95	73	34	459	36	161	78	49	38	166	1347
13	34000002	489958	842	1727	58	1662	78	163	85	558	83	160	95	85	69	148	1254
13	34500025	490927	716	1655	71	1584	72	50	96	483	46	67	47	47	34	90	1515
13	35000067	491094	699	1591	81	1313	96	48	68	389	16	99	28	78	32	90	1112
13	35500039	491510	728	1747	76	1452	50	65	53	425	28	50	39	54	74	99	1080
13	36000004	490735	607	1406	10	1126	31	73	20	301	28	65	34	66	33	145	984
13	36500180	489666	612	1304	43	1272	61	70	44	299	22	161	78	60	46	179	896
13	37000082	492039	436	922	20	808	62	28	20	198	20	98	23	24	16	128	878
13	37500985	493465	355	1051	4	994	4	18	4	153	14	18	113	3	3	46	802
13	38000087	492215	414	1068	1	893	10	13	3	147	3	40	7	13	6	178	812
13	38500074	492301	624	1138	13	1168	30	15	6	217	6	80	30	12	14	114	964
13	39000016	491412	701	1410	36	1302	54	54	39	339	24	187	49	75	23	187	789
13	39500062	490832	761	1358	57	1333	105	45	61	369	52	204	102	46	32	154	980
13	40000025	490052	893	1710	92	1501	135	79	59	416	77	197	123	124	113	137	1246
13	40500200	490922	838	1594	94	1458	123	84	97	614	68	149	112	90	68	119	955
13	41000058	493653	497	1129	61	1035	60	24	57	344	46	61	78	65	43	33	574
13	41500222	491466	774	1505	92	1393	66	91	77	492	69	76	89	72	83	85	979
13	42000028	491100	725	1368	70	1366	76	70	67	432	65	121	95	77	53	88	1039
13	42500045	491522	747	1565	54	1307	87	84	69	420	82	86	87	55	97	78	1021
13	43000186	492180	697	1481	35	1353	78	35	32	350	51	107	57	35	40	41	1276
13	43500090	492998	572	1360	23	1217	27	23	40	297	42	28	35	40	55	30	1075
13	44000058	491175	716	1562	43	1315	83	100	69	466	92	114	67	58	59	127	1039
13	44500172	492318	618	1349	49	1307	29	34	63	340	27	71	66	49	25	31	1145
13	45000271	491189	734	1495	49	1353	74	67	60	432	58	96	58	57	62	80	1237
13	45500017	490250	806	1744	71	1598	88	108	79	557	108	113	73	111	109	118	1108
13	46000002	491475	755	1607	53	1459	91	64	44	383	62	133	71	53	56	77	990
13	46500005	491732	800	1545	66	1532	66	80	52	455	76	79	68	57	83	83	869
13	47000034	491672	643	1612	46	1387	95	77	46	399	45	80	67	53	76	101	1106
13	47500140	491726	875	1540	61	1337	50	79	41	493	35	71	57	91	51	123	1171
13	48000260	492333	629	1357	31	1216	52	30	62	370	31	31	39	48	33	34	1237
13	48500243	492363	657	1417	41	1292	19	27	21	311	19	38	44	27	8	79	957
13	49000039	492195	623	1361	33	1261	47	48	21	336	25	123	41	39	50	138	910
13	49500042	491665	719	1637	69	1366	52	79	42	452	52	42	48	78	42	50	920
13	50000088	491742	799	1457	91	1438	63	69	63	488	58	81	89	88	71	85	1044
13	50500006	491160	856	1420	67	1378	67	80	65	448	85	140	96	59	72	82	1058
13	51000095	491301	794	1282	35	1377	74	60	23	402	55	176	92	57	44	160	1093
13	51500007	491020	761	1379	56	1418	110	75	59	447	48	215	104	69	52	92	1035
13	52000054	491755	664	1403	61	1292	98	58	38	422	35	112	58	100	57	83	886
13	52500128	491376	674	1422	56	1423	70	80	69	463	50	79	70	84	81	91	1101
13	53000008	491482	726	1366	72	1298	80	78	52	454	58	104	116	69	76	102	851
13	53500175	491659	856	1377	50	1310	77	70	60	402	39	155	88	54	41	108	899
13	54000048	491283	783	1420	42	1341	131	72	51	453	59	145	76	56	49	134	1021
13	54500051	491384	834	1323	68	1271	138	70	55	444	48	166	85	49	63	99	816
13	55000055	489853	821	1350	88	1315	99	92	62	475	58	192	105	94	71	149	1214
13	55500182	490677	729	1384	112	1294	82	72	107	437	61	94	104	112	75	129	1029
13	56000009	490478	713	1520	84	1409	137	68	89	536	86	170	82	99	112	100	1051
13	56500010	491738	740	1377	51	1319	99	57	54	457	46	143	64	77	93	110	833
13	57000013	490709	710	1425	59	1324	89	82	74	498	69	170	103	59	71	169	1071
13	57500063	491150	836	1474	78	1383	99	63	71	476	85	99	102	81	88	91	916
13	58000039	491404	712	1521	66	1395	81	91	66	454	93	91	89	82	66	76	932
13	58500075	490957	747	1455	73	1479	128	86	128	558	80	166	93	83	86	60	963
13	59000026	489901	842	1593	95	1417	89	117	107	571	86	133	91	102	126	136	1126
13	59500027	490671	714	1458	110	1376	83	115	93	557	54	102	87	127	73	123	1228
13	60000079	491193	674	1404	73	1294	47	82	87	432	105	95	72	63	109	186	936
13	60500048	491775	730	1501	68	1365	83	70	64	390	55	106	79	91	45	74	873
13	61000079	490956	811	1611	86	1453	102	110	119	534	73	114	88	92	89	122	959
13	61500067	490045	800	1504	123	1516	110	99	107	585	88	117	115	127	104	109	1080
13	62000068	491450	700	1400	72	1271	121	59	60	438	73	109	62	76	66	86	992
13	62500049	490459	825	1595	81	1478	84	95	93	509	78	128	97	106	84	121	1204
13	63000081	490461	849	1641	69	1467	82	89	71	593	73	104	80	89	69	113	1073
13	63241910	237100	419	680	53	698	28	28	55	256	26	42	38	40	32	42	458
