14	500111	487565	1009	2078	156	1932	206	195	249	1224	137	249	163	182	185	169	1510
14	1000118	492606	426	1383	24	1137	48	35	31	312	22	44	23	30	31	43	906
14	1500377	490565	579	1452	38	1498	94	28	36	576	52	149	104	28	56	35	1666
14	2000013	490540	595	1335	32	1475	87	22	13	423	39	97	155	18	24	26	1546
14	2500024	490795	603	1503	59	1536	94	57	30	524	71	147	256	56	55	41	1097
14	3000109	490532	787	1911	97	1810	140	101	87	647	100	142	131	96	88	80	1682
14	3500076	492455	525	1493	32	1360	31	41	35	330	38	72	58	47	24	51	1251
14	4000219	493240	537	1384	44	1273	54	48	35	294	43	66	56	49	25	42	1024
14	4500070	492400	670	1323	30	1287	32	16	11	286	17	92	42	39	14	100	1207
14	5000245	492784	611	1613	23	1446	14	32	23	325	11	54	28	28	23	95	1268
14	5500075	491903	586	1675	38	1355	40	32	26	292	20	43	42	50	41	37	1373
14	6000015	492108	523	1236	18	1193	15	25	14	267	13	36	34	24	21	28	1366
14	6500002	492668	479	1322	16	1267	19	18	14	186	19	36	51	20	11	13	1298
14	7000057	492725	522	1272	11	1156	32	13	14	247	14	48	17	17	17	23	1269
14	7500019	492620	484	1312	11	1122	19	7	14	215	18	18	18	16	18	22	1411
14	8000047	492778	535	1366	19	1189	40	30	24	277	24	31	25	37	17	53	1104
14	8500034	492995	451	1515	27	1352	14	33	23	287	9	37	11	41	8	25	1171
14	9000037	493017	550	1343	11	1243	32	14	33	275	14	48	23	16	13	19	1276
14	9500008	493275	519	1311	14	1133	29	18	19	290	11	61	16	15	23	40	1081
14	10000264	492591	655	1404	51	1283	50	29	53	346	34	65	57	39	33	48	1129
14	10500147	492072	662	1286	39	1335	80	85	36	344	51	106	67	54	45	94	1219
14	11000270	491741	658	1409	59	1285	49	90	98	512	84	40	58	60	46	64	1267
14	11500171	491821	561	1365	52	1285	60	54	66	473	54	79	81	42	36	52	1059
14	12000033	491844	622	1397	90	1318	44	60	84	495	32	58	40	63	48	35	1010
14	12500001	491256	662	1323	90	1342	52	57	70	477	32	51	55	97	45	70	1066
14	13000484	492703	740	1359	51	1237	56	90	55	416	83	68	53	40	31	86	938
14	13500039	492232	639	1441	40	1292	55	33	38	280	29	86	52	52	52	78	1115
14	14000218	492507	679	1288	32	1289	36	52	42	406	51	64	39	36	23	85	964
14	14500183	491958	670	1306	25	1294	77	46	26	338	44	130	83	26	29	67	1312
14	15000137	491560	722	1424	46	1290	43	61	67	397	30	76	83	59	26	102	1129
14	15500080	491530	618	1429	61	1316	95	109	108	484	74	76	75	61	94	67	1118
14	16000003	491860	737	1404	87	1322	71	76	51	422	69	81	81	64	54	84	1044
14	16500025	492318	677	1463	28	1334	79	45	37	378	44	64	76	50	46	49	938
14	17000009	492514	677	1418	35	1327	23	62	32	342	47	41	33	40	34	98	960
14	17500528	492641	631	1455	33	1491	73	47	20	357	37	63	28	69	62	108	1131
14	18000124	493101	596	1211	26	1207	22	39	24	330	27	63	46	19	15	59	746
14	18500010	492459	640	1528	15	1256	38	53	23	360	35	64	55	45	36	78	922
14	19000097	492165	644	1442	24	1320	49	74	76	411	46	98	58	42	50	72	1109
14	19500010	492296	650	1350	43	1262	35	41	38	364	31	68	45	60	28	88	1074
14	20000062	493182	681	1462	19	1329	34	41	28	352	44	68	41	42	43	66	808
14	20500019	493761	617	1352	21	1197	26	34	19	262	29	62	16	64	13	55	647
14	21000246	492503	710	1544	37	1407	51	89	39	348	42	65	44	54	68	72	909
14	21500027	492809	625	1504	31	1363	27	27	19	346	23	61	31	44	37	88	918
14	22000024	492942	680	1252	36	1212	33	41	37	359	33	45	21	80	35	90	934
14	22500001	492250	729	1428	39	1313	55	52	28	343	25	124	59	59	43	125	893
14	23000091	491863	787	1398	40	1402	110	51	43	404	49	167	62	59	40	150	835
14	23500004	492593	695	1444	42	1291	35	42	51	368	26	71	60	49	32	92	895
14	24000007	492454	678	1450	27	1298	36	50	36	352	57	75	49	45	45	79	1017
14	24500047	491764	738	1408	54	1325	34	72	30	408	41	73	52	99	47	78	1102
14	25000001	491024	788	1414	72	1151	43	101	48	440	62	58	54	92	64	123	1290
14	25500106	491548	818	1312	69	1238	57	77	38	425	35	149	43	77	35	234	1019
14	26000008	492372	644	1368	45	1284	36	74	53	494	57	92	64	53	35	63	809
14	26500092	492515	682	1450	43	1364	60	102	54	516	71	95	63	63	34	87	732
14	27000069	491668	727	1428	69	1312	50	71	47	473	46	69	54	80	53	106	833
14	27500131	491406	784	1468	64	1313	84	105	73	454	79	81	57	81	71	90	965
14	28000009	491147	715	1355	50	1275	97	99	86	532	77	88	54	82	62	105	1053
14	28500039	492434	727	1363	51	1222	51	86	51	401	44	61	45	76	52	82	833
14	29000022	492366	687	1299	51	1316	55	65	57	429	62	72	74	73	73	99	930
14	29500049	492683	676	1398	38	1258	44	92	54	416	77	124	49	58	59	94	597
14	30000092	492345	663	1408	49	1286	40	100	52	476	75	78	50	49	32	90	674
14	30500001	492964	681	1373	46	1319	28	53	33	360	31	83	48	46	22	95	458
14	31000017	493024	681	1386	16	1290	42	47	29	410	17	72	17	40	21	105	713
14	31500116	492029	748	1499	70	1368	81	73	62	436	53	83	61	79	83	74	762
14	32000017	492274	688	1403	52	1298	69	58	43	394	43	77	51	58	48	97	1149
14	32500006	492710	695	1411	38	1263	43	72	42	387	47	72	60	35	31	64	900
14	33000137	493320	736	1280	25	1255	41	77	27	373	35	90	48	42	34	82	586
14	33500002	492787	784	1342	23	1300	44	52	37	346	31	96	81	42	33	91	678
14	34000020	492375	682	1386	45	1227	68	40	44	444	31	85	31	78	56	105	829
14	34500030	492889	727	1365	44	1259	30	63	22	362	26	51	42	95	23	147	778
14	35000026	492388	675	1355	34	1206	34	53	28	375	19	138	37	67	29	111	791
14	35500018	491870	724	1468	61	1356	45	56	79	420	34	65	48	60	44	88	893
14	36000074	491357	810	1476	30	1470	89	58	38	433	28	156	47	70	52	119	1127
14	36500139	491903	771	1623	22	1404	61	46	47	392	41	105	76	66	45	126	1047
14	37000077	492018	723	1472	70	1270	31	39	30	343	16	44	31	74	51	61	971
14	37500002	491563	642	1349	22	1275	44	47	28	397	28	106	59	47	46	22	977
14	38000068	492445	635	1520	47	1385	51	53	54	480	46	88	61	57	57	66	730
14	38500034	491723	711	1514	61	1403	69	62	76	423	44	97	68	74	51	119	939
14	39000048	492181	743	1537	70	1460	74	63	77	470	48	99	60	49	42	74	937
14	39500071	491382	775	1630	60	1476	78	72	68	434	60	100	70	74	63	117	1070
14	40000012	491921	699	1543	45	1415	44	82	46	405	38	71	34	50	54	102	1146
14	40500059	493272	615	1325	13	1210	19	30	17	273	29	57	27	26	36	51	701
14	41000312	492997	675	1509	28	1355	41	38	9	406	21	123	51	42	20	92	539
14	41500087	492643	632	1525	15	1382	75	47	17	403	46	193	85	24	22	84	517
14	42000080	492748	666	1564	32	1354	121	50	42	410	36	171	68	28	25	96	644
14	42500161	492440	707	1723	46	1378	173	28	64	511	37	206	87	31	83	46	710
14	43000027	491811	658	1644	34	1401	173	52	65	482	28	134	31	26	58	50	937
14	43500137	492320	578	1521	29	1360	94	31	39	400	19	114	35	38	41	67	1054
14	44000031	491228	736	1780	64	1530	117	49	56	425	30	101	55	88	93	101	1012
14	44500045	491687	724	1624	58	1394	125	64	76	515	77	85	58	58	65	64	1028
14	45000263	492046	671	1537	39	1395	67	47	60	424	39	86	45	57	68	61	1082
14	45500076	492074	593	1388	35	1183	86	51	32	359	26	96	22	29	20	65	895
14	46000124	492649	684	1508	26	1369	145	59	28	377	45	109	47	52	62	55	894
14	46500071	491723	752	1602	38	1399	176	67	58	430	28	202	60	53	68	114	1060
14	47000112	491810	752	1560	32	1368	127	68	66	477	43	123	49	84	84	85	984
14	47500093	492037	665	1669	58	1343	44	67	60	470	46	73	58	74	91	58	911
14	48000050	490788	820	1713	76	1600	90	94	51	532	55	162	108	104	72	155	1106
14	48500146	492030	765	1592	60	1509	74	72	46	473	63	110	62	78	47	145	973
14	49000001	491692	690	1614	56	1416	60	88	84	428	48	77	68	103	51	97	836
14	49500031	491939	694	1456	74	1340	72	49	69	437	57	67	90	84	53	69	1075
14	50000086	491984	774	1405	48	1173	75	76	87	439	65	97	87	78	47	110	811
14	50500133	491389	733	1434	108	1368	92	73	105	517	67	137	72	124	75	108	948
14	51000004	492261	617	1421	31	1401	56	83	42	361	58	59	59	67	56	82	1018
14	51500082	492695	689	1327	29	1212	75	24	24	283	18	81	47	35	27	82	1054
14	52000143	492292	659	1619	41	1434	75	63	44	421	65	77	55	57	37	54	733
14	52500055	491131	799	1491	48	1427	58	67	43	460	65	94	66	91	58	127	1095
14	53000054	492762	612	1284	22	1224	61	54	41	337	33	59	26	25	61	44	998
14	53500036	492864	643	1339	45	1279	57	57	59	368	55	63	46	59	63	51	831
14	54000049	492829	641	1406	45	1273	36	60	46	336	54	48	70	42	58	45	979
14	54500040	492742	679	1414	34	1328	91	55	22	354	37	94	51	50	59	49	894
14	55000049	492060	720	1413	63	1330	101	55	76	444	59	100	54	69	77	84	893
14	55500003	491876	650	1544	60	1315	91	70	74	456	58	88	66	53	47	78	1008
14	56000169	492039	740	1504	65	1434	71	75	59	347	48	108	72	32	40	89	987
14	56500064	491503	695	1589	70	1332	80	72	57	439	102	71	122	43	58	66	938
14	57000066	490909	769	1676	103	1469	113	85	111	562	90	128	121	93	74	113	943
14	57500009	491331	704	1383	97	1379	90	57	69	488	55	94	82	64	46	90	1016
14	58000485	491399	755	1459	61	1390	100	67	109	513	78	122	81	68	84	88	1062
14	58500195	489840	853	1570	90	1492	123	107	109	472	94	201	175	89	119	142	1143
14	59000006	491034	761	1543	69	1356	95	74	87	499	59	116	93	73	65	96	848
14	59500032	490556	765	1570	82	1441	114	99	92	529	72	166	113	71	80	119	1027
14	60002333	492115	865	1662	92	1533	117	100	104	535	99	137	117	95	102	134	1089
14	60500083	488622	739	1554	60	1354	135	55	73	409	54	173	82	64	73	110	1120
14	60966462	457556	705	1446	68	1375	94	84	46	397	82	185	130	64	60	122	896
