17	500010	492116	19	7	0	4	0	0	0	1	0	1	2	0	0	0	5
17	1000020	491885	28	19	0	15	0	0	0	11	0	0	1	1	0	1	13
17	1500023	492752	11	2	0	3	0	1	0	3	0	0	0	0	1	2	3
17	2000105	492362	2	0	0	1	0	0	0	0	0	0	0	0	0	1	0
17	2500051	492288	14	8	0	9	0	0	0	6	1	2	0	0	1	0	5
17	3000009	492309	23	3	0	3	0	0	1	2	0	0	0	1	1	0	16
17	3500000	492908	17	4	0	7	0	0	0	2	0	0	0	0	0	0	3
17	4000065	493089	3	3	0	0	0	0	1	1	0	0	0	1	0	0	5
17	4500034	493261	10	8	0	6	0	0	0	1	0	0	0	0	0	0	4
17	5000018	492638	20	3	1	1	0	0	0	0	0	1	0	0	0	0	4
17	5500046	492935	17	11	0	1	0	0	0	0	0	0	0	1	0	0	2
17	6000065	493048	16	4	0	7	0	1	0	4	0	0	0	0	0	0	5
17	6500010	493741	7	1	0	0	0	0	0	0	0	0	0	0	0	1	0
17	7000024	492885	17	3	0	9	0	0	0	4	0	0	0	0	1	1	5
17	7500210	492614	13	6	0	3	1	0	1	2	0	0	0	0	0	0	1
17	8000023	492411	7	4	0	1	0	0	2	2	0	0	0	0	2	0	6
17	8500022	492535	20	0	0	0	0	0	0	1	0	0	0	0	1	0	0
17	9000135	493049	7	5	1	8	0	0	0	1	0	1	1	0	0	0	8
17	9500055	492442	6	9	0	9	0	0	0	4	0	0	2	0	0	0	4
17	10000223	492833	19	2	0	2	0	0	1	1	0	2	0	0	0	0	6
17	10500081	492352	26	10	1	10	2	0	1	9	2	0	1	0	10	1	8
17	11000003	492062	21	4	0	10	1	0	0	5	0	2	0	0	0	0	5
17	11500175	493200	8	5	0	4	0	0	0	1	0	0	0	0	0	0	0
17	12000049	492250	20	1	0	4	0	0	0	4	0	0	0	1	0	1	5
17	12500001	493011	28	9	0	9	0	1	0	5	0	0	1	1	0	0	6
17	13000025	493416	20	13	0	8	2	1	1	7	1	1	1	0	0	0	9
17	13500072	493053	29	7	2	17	0	1	1	3	1	2	1	0	2	2	9
17	14000154	492923	13	13	0	17	2	3	1	5	0	3	1	1	0	1	14
17	14500000	493318	5	0	0	2	0	0	0	1	0	0	0	0	0	0	0
17	15000000	493298	0	1	0	1	0	0	0	0	0	0	0	0	0	0	0
17	15500012	493293	20	6	0	2	0	2	0	2	0	0	1	0	0	1	2
17	16000287	493135	14	6	0	4	0	0	0	0	0	0	0	0	1	0	0
17	16500101	493124	11	5	2	3	1	0	0	1	0	0	1	2	0	1	7
17	17000039	492444	30	35	0	27	0	3	1	24	0	1	0	2	0	9	36
17	17500055	493668	10	5	1	6	1	0	0	6	0	0	0	0	0	1	10
17	18000061	492818	12	1	0	2	0	0	0	3	0	0	0	0	0	0	1
17	18500531	492622	6	5	1	6	0	0	1	0	0	0	0	0	1	1	3
17	19000039	493055	32	4	0	2	0	0	0	1	0	0	1	0	1	0	6
17	19500007	492831	19	5	0	3	0	0	0	2	1	1	0	1	0	1	3
17	20000103	493421	27	15	0	17	1	2	0	11	0	0	1	0	0	0	11
17	20500062	492899	21	8	0	6	0	0	0	4	0	0	2	1	1	1	7
17	21000025	492932	17	2	0	3	0	0	0	0	0	0	0	0	0	1	2
17	21500007	493456	17	4	0	0	0	0	0	2	0	0	1	0	0	1	4
17	22000159	493980	39	8	0	5	0	1	0	2	0	0	0	0	0	0	2
17	22500044	493675	8	12	0	11	0	0	0	7	0	0	0	0	0	1	13
17	23000084	493351	8	3	0	1	0	0	0	0	0	0	0	0	0	0	1
17	23500061	492669	44	24	3	34	2	1	2	15	1	2	0	1	2	0	20
17	24000028	493230	15	11	0	6	0	0	0	2	0	0	0	0	0	1	3
17	24500068	493189	14	7	1	8	1	0	0	1	0	1	0	2	0	4	9
17	25000007	491909	0	0	0	0	0	0	0	0	0	0	0	0	0	0	0
17	25500006	492733	51	33	1	45	0	0	1	15	0	1	0	4	1	0	18
17	26000738	493757	10	20	0	1	0	0	0	1	0	0	0	0	0	1	1
17	26500064	492192	16	4	0	3	0	0	1	2	0	0	1	0	1	0	4
17	27000042	492577	43	15	2	25	3	2	1	10	0	0	1	1	0	1	23
17	27500008	492412	22	17	2	17	2	3	6	13	1	1	0	0	1	0	18
17	28000230	493142	18	16	1	16	1	0	1	14	1	1	0	2	0	1	12
17	28500041	492322	17	13	0	16	0	1	0	8	0	1	0	1	0	0	14
17	29000069	493819	9	10	0	2	0	0	0	7	0	1	1	0	0	1	8
17	29500337	494154	21	9	0	5	4	0	0	3	0	2	0	1	0	1	8
17	30000032	493290	12	6	1	6	0	0	0	1	0	0	0	0	0	1	6
17	30500033	493463	30	6	0	7	3	0	1	1	0	0	0	1	1	0	4
17	31000059	493099	24	7	0	6	0	0	0	2	0	1	0	1	0	1	6
17	31500019	493841	15	5	0	9	1	0	0	4	0	0	2	0	0	1	5
17	32000047	492459	17	20	1	17	2	0	1	20	1	1	1	0	5	2	19
17	32500341	493677	20	8	0	1	1	0	0	3	1	1	3	1	1	2	11
17	33000158	493124	20	4	0	4	2	0	0	8	0	2	1	0	0	0	8
17	33500043	492944	21	1	0	2	0	1	0	1	0	0	0	0	0	0	4
17	34000015	493721	15	8	0	5	0	0	0	2	1	0	2	2	0	1	6
17	34500008	493320	50	8	1	5	0	0	1	2	0	0	0	0	0	0	0
17	35000022	492908	30	6	0	3	0	0	0	2	0	1	0	0	0	0	4
17	35500082	492524	21	14	0	11	0	1	2	13	2	1	2	1	1	1	8
17	36000240	492350	8	3	0	3	0	0	0	0	0	0	0	0	0	0	1
17	36500120	493197	21	8	0	1	1	0	0	0	0	1	0	0	0	1	5
17	37000023	493385	43	10	0	9	0	0	1	3	4	0	0	0	0	1	7
17	37500207	492882	30	13	0	6	0	1	1	9	0	3	0	1	0	0	5
17	38000191	490468	42	33	2	36	4	6	0	33	2	4	2	2	1	4	27
17	38500154	492370	13	7	1	6	0	0	3	8	0	1	0	1	0	0	6
17	39000074	493286	22	9	0	10	0	0	0	3	0	0	0	0	1	1	8
17	39500046	491736	0	2	0	4	0	0	0	1	0	1	0	1	0	1	0
17	40000870	493181	27	13	0	6	0	0	0	2	0	2	0	0	0	2	12
17	40500135	491380	15	13	0	13	1	1	1	3	1	1	0	1	1	1	11
17	41000006	492418	14	13	2	24	0	0	1	11	0	2	3	1	0	1	15
17	41500064	492627	10	8	1	7	0	0	2	2	0	1	0	0	0	0	6
17	42000016	492371	51	19	0	17	3	2	4	18	1	1	1	0	0	0	12
17	42500114	492097	59	12	0	28	1	0	3	16	2	1	1	1	1	2	29
17	43000129	492402	45	21	0	23	1	1	0	15	1	1	0	0	1	6	22
17	43500217	493046	24	9	0	13	0	0	0	3	0	1	1	1	1	2	12
17	44000042	492704	11	7	0	5	0	0	1	4	0	0	0	0	1	0	5
17	44500199	492733	12	1	0	2	1	0	0	1	0	0	0	0	0	0	3
17	45000240	492132	15	20	2	8	0	1	1	4	0	0	1	0	0	1	8
17	45500011	491813	21	12	0	20	2	6	1	3	0	1	1	3	2	3	10
17	46000168	492256	26	12	0	9	0	0	0	8	0	0	0	1	0	2	10
17	46500006	492603	16	13	2	20	1	0	4	17	1	0	1	1	0	0	27
17	47000041	492640	33	20	0	12	0	3	0	7	0	0	1	0	0	0	11
17	47500028	492530	15	11	1	9	2	0	0	11	0	0	0	0	1	0	9
17	48000118	491581	44	30	1	21	2	1	0	10	1	1	1	2	5	3	31
17	48500357	492152	39	26	0	20	1	1	0	26	1	2	2	0	1	3	22
17	49000408	493170	10	4	0	6	0	0	0	4	1	0	0	0	0	0	8
17	49500056	492330	16	3	0	2	0	0	0	2	0	0	0	0	0	0	2
17	50000724	493136	20	10	0	8	1	0	1	3	1	0	0	0	0	1	6
17	50500098	493021	39	11	0	6	0	0	4	16	1	0	0	0	0	0	23
17	51000036	492659	14	14	2	16	0	1	0	6	1	1	0	1	1	4	11
17	51500216	492406	16	9	0	8	1	0	0	3	1	1	0	1	0	1	18
17	52000011	493028	9	7	0	4	2	0	0	0	1	0	0	0	0	1	5
17	52500020	493137	14	4	0	7	0	0	0	7	0	0	2	0	1	0	3
17	53000284	493000	26	6	1	5	1	0	0	6	0	0	0	0	0	2	5
17	53500075	492046	20	7	0	5	1	0	0	4	1	0	0	0	0	1	5
17	54000066	492024	32	12	1	13	1	2	0	7	0	0	1	0	1	1	9
17	54500057	492250	17	10	0	8	1	0	0	6	0	0	1	1	1	1	5
17	55000027	493071	22	22	0	16	0	0	0	12	0	2	2	0	0	1	11
17	55500003	492955	33	7	0	9	2	1	2	10	0	1	0	1	0	0	8
17	56000338	493101	23	25	1	21	0	1	0	19	0	0	2	1	1	0	24
17	56500016	492393	15	11	1	9	0	1	0	15	1	0	4	3	1	1	7
17	57000262	492110	30	38	2	28	1	2	5	18	1	0	1	4	3	2	28
17	57500024	491766	8	16	0	23	1	1	1	5	0	2	1	1	1	0	11
17	58000156	492544	65	24	4	28	1	1	0	13	2	0	2	0	0	1	25
17	58500079	493084	14	4	0	3	0	0	0	0	0	0	0	0	1	0	0
17	59000020	492784	10	5	0	6	0	0	0	2	0	2	0	1	1	0	5
17	59500009	493087	9	11	1	7	0	0	1	8	0	0	0	2	0	0	1
17	60000031	492916	39	3	0	5	0	0	1	4	1	0	0	0	0	1	9
17	60500020	492898	11	7	0	8	1	1	0	1	0	0	1	0	0	0	2
17	61000049	492450	18	15	2	10	0	0	0	11	0	1	0	0	0	2	27
17	61500017	491005	77	28	2	37	4	3	3	27	0	3	1	4	2	4	21
17	62000030	491033	26	20	2	22	2	2	0	11	3	3	2	1	1	2	13
17	62500045	493000	18	13	1	6	0	1	0	8	1	3	0	0	1	0	11
17	63000102	492942	24	1	0	4	2	1	0	0	0	0	1	0	1	0	9
17	63500120	492311	6	15	0	10	0	0	0	9	2	0	0	0	1	0	20
17	64000076	492471	16	22	0	13	0	1	1	11	3	2	1	3	0	4	18
17	64282730	275735	16	16	0	9	1	0	1	12	0	1	0	1	1	0	12
