20	500012	491876	82	71	3	51	5	10	3	53	0	3	4	5	0	10	58
20	1000290	494008	28	9	0	13	0	1	1	8	0	0	0	0	0	0	8
20	1500069	493155	29	21	0	22	1	3	2	10	1	2	0	6	2	2	23
20	2000179	493456	6	0	0	4	1	0	0	3	0	0	0	0	0	0	1
20	2500011	493552	30	7	0	9	1	0	0	2	0	0	1	0	0	1	11
20	3000069	493229	29	3	0	6	0	0	0	0	0	1	0	0	0	3	4
20	3500241	493308	32	18	1	21	0	2	0	11	1	1	0	0	3	0	22
20	4000054	492624	19	2	0	4	0	0	0	7	2	0	0	0	0	0	4
20	4500019	493031	25	7	0	0	0	0	0	4	0	0	0	0	0	3	6
20	5000003	493503	10	13	2	4	1	0	0	3	0	0	0	0	0	0	3
20	5500130	493723	21	4	0	3	0	0	0	1	0	0	0	0	0	2	6
20	6000005	492991	12	3	0	11	0	0	0	8	0	1	0	0	0	1	1
20	6500169	493460	29	12	0	14	1	2	1	11	1	1	1	0	0	2	19
20	7000050	492706	15	10	0	9	0	0	2	5	0	0	2	3	2	3	25
20	7500046	492457	36	12	0	6	0	1	0	13	0	0	0	4	1	0	10
20	8000014	493279	16	9	0	3	0	0	0	0	0	2	0	0	0	0	1
20	8500001	493015	3	3	0	1	0	0	0	3	0	0	0	0	0	0	1
20	9000136	492991	19	6	0	13	1	2	1	2	0	0	0	0	0	0	10
20	9500051	493001	20	1	0	1	0	0	0	0	0	0	0	1	0	0	2
20	10000001	491865	11	15	0	23	1	1	0	9	0	3	0	0	0	1	17
20	10500335	493412	13	3	0	3	0	0	0	0	0	0	0	0	0	1	1
20	11000128	492690	11	5	1	5	1	0	1	5	2	1	0	0	0	2	4
20	11500021	492410	53	38	0	43	0	2	0	22	2	0	4	3	1	2	39
20	12000051	493114	31	2	0	3	0	1	2	1	0	0	0	0	0	0	2
20	12500340	493285	25	22	0	20	0	1	0	11	1	0	3	0	0	0	5
20	13000141	492901	5	8	0	2	0	0	1	0	0	0	0	0	0	0	3
20	13500020	492803	26	16	2	13	1	0	1	20	0	2	0	1	0	0	14
20	14000134	493030	48	16	0	23	2	1	0	19	1	5	2	1	0	0	30
20	14500054	493030	10	3	2	2	0	1	0	3	0	1	1	1	0	0	0
20	15000081	493424	28	8	1	11	0	0	1	11	1	3	0	2	0	3	13
20	15500447	493643	31	2	0	4	0	0	1	2	1	1	0	0	0	0	8
20	16000317	492320	58	27	1	14	2	0	0	17	1	1	0	1	0	3	30
20	16500146	492580	13	29	2	23	0	1	0	15	0	2	1	0	0	2	32
20	17000000	492497	27	7	0	9	5	0	1	3	0	1	0	1	1	1	5
20	17500078	491978	26	10	2	16	0	2	1	11	0	0	0	3	0	4	14
20	18000304	493087	24	28	1	12	1	1	3	13	0	0	1	1	1	0	18
20	18500033	492478	14	8	2	11	1	0	0	6	0	1	1	2	0	0	7
20	19000106	492857	17	5	0	7	0	1	0	5	1	0	0	0	0	0	2
20	19500037	492590	20	4	1	3	0	1	0	2	4	0	1	1	0	0	6
20	20000185	492675	2	0	0	1	0	0	0	0	0	0	0	0	0	0	0
20	20500010	492943	15	0	0	3	0	0	1	0	0	0	0	0	0	0	3
20	21000108	493788	7	1	0	0	1	0	0	0	0	0	0	1	0	0	5
20	21500051	493545	32	2	0	4	0	0	0	2	0	0	0	0	0	0	2
20	22000117	493346	19	8	0	7	0	0	0	4	0	0	1	1	0	0	7
20	22500100	492671	15	19	0	14	1	0	0	13	2	0	1	1	0	1	14
20	23000012	492351	5	2	0	1	12	0	0	1	0	0	0	0	0	0	0
20	23500186	492630	18	10	0	20	0	0	0	10	0	0	1	1	1	1	5
20	24000209	492991	8	2	0	2	0	1	0	0	0	1	0	0	0	1	3
20	24500013	492634	5	6	0	3	0	0	1	5	0	0	0	0	0	0	2
20	25000058	492579	14	0	0	1	0	0	2	2	0	0	0	0	0	0	2
20	25500020	492045	24	7	0	6	0	0	0	3	1	1	0	0	0	1	3
20	26000182	492846	19	8	2	5	1	1	0	3	0	0	0	1	0	0	2
20	26500123	492602	27	7	2	15	1	3	6	14	1	2	4	1	0	0	22
20	27000158	492828	14	4	1	3	0	0	0	5	0	2	0	0	1	2	6
20	27500022	492531	13	3	0	0	0	0	0	2	0	0	0	1	0	0	1
20	28000028	492717	7	8	0	8	0	0	0	1	1	1	0	0	0	0	4
20	28500037	493289	21	8	0	4	1	1	1	1	1	0	0	0	0	2	9
20	29000160	493817	0	0	0	0	0	0	0	0	0	0	0	0	0	0	0
20	29500050	492210	13	8	2	6	0	0	0	4	0	0	0	1	0	0	3
20	30000161	493159	16	1	1	3	1	0	0	0	0	0	0	0	0	1	2
20	30500163	492473	13	9	0	3	0	0	0	0	0	0	0	0	0	0	1
20	31000028	492375	4	7	0	4	0	0	0	2	0	0	2	0	0	0	2
20	31500062	492587	5	12	0	4	1	0	0	3	0	1	0	0	0	0	3
20	32000043	492920	18	10	1	9	0	0	0	7	0	0	0	3	0	3	9
20	32500040	492579	23	15	3	15	2	3	0	2	0	0	0	1	0	0	3
20	33000106	493075	43	17	0	15	0	0	1	6	0	0	0	0	0	0	13
20	33500085	492876	24	17	1	11	0	0	1	14	0	0	1	0	1	0	9
20	34000022	493651	7	1	0	7	0	0	0	0	0	0	0	0	0	1	0
20	34500012	494106	23	15	0	12	0	1	1	9	0	0	0	0	0	0	25
20	35000011	493568	8	5	0	3	0	0	1	4	0	1	0	0	0	0	3
20	35500001	493122	4	0	0	1	1	0	0	1	0	1	0	0	0	0	2
20	36000010	492621	21	3	0	9	0	1	1	3	0	1	0	5	0	0	1
20	36500014	492685	12	0	2	2	0	0	0	3	1	0	0	0	0	0	8
20	37000088	492929	20	13	1	8	0	0	1	3	0	0	0	0	0	0	3
20	37500178	493032	6	1	0	0	0	0	0	1	0	0	0	0	0	0	6
20	38000394	493446	9	15	1	8	0	1	1	7	0	1	0	2	0	1	12
20	38500187	493192	47	32	0	30	0	0	0	6	2	2	0	0	0	1	26
20	39000129	493319	19	16	0	21	0	0	0	12	0	0	1	0	1	0	15
20	39500072	492819	31	12	0	5	0	0	0	7	0	0	0	0	1	1	29
20	40000012	493453	49	18	2	6	0	2	0	12	1	0	1	1	0	1	4
20	40500066	493274	34	7	2	9	0	0	0	10	0	0	1	1	1	3	8
20	41000015	492171	23	2	0	4	0	0	0	1	0	0	0	0	0	0	5
20	41500022	493008	18	1	1	5	2	0	0	4	0	3	0	0	0	2	13
20	42000005	493013	30	8	0	12	1	1	1	5	0	1	0	0	0	1	3
20	42500003	492494	9	0	0	8	1	1	0	4	0	0	0	0	0	4	3
20	43000009	492003	5	4	0	5	0	0	0	3	0	0	1	0	0	0	10
20	43500020	492549	15	12	0	14	0	1	1	10	1	0	2	0	0	1	14
20	44000214	493014	10	0	0	5	0	0	0	3	0	0	0	0	0	0	3
20	44500008	493407	11	2	0	3	0	0	0	0	0	2	0	0	0	0	0
20	45000036	493178	11	5	0	6	1	2	0	1	0	0	0	0	0	1	7
20	45500061	492699	31	7	0	5	1	3	0	8	0	0	0	0	0	1	5
20	46000055	492519	21	12	0	1	0	0	1	9	0	1	0	1	0	1	5
20	46500005	491589	30	23	0	20	0	1	0	10	2	0	0	0	0	1	9
20	47000034	492616	13	8	0	3	1	0	0	2	1	1	0	0	0	0	6
20	47500111	491993	67	41	4	58	3	3	3	25	4	5	4	2	1	4	52
20	48000001	491174	90	53	3	61	2	8	3	39	4	4	2	3	1	3	42
20	48500101	493272	10	8	0	4	0	1	0	2	0	0	1	1	0	1	12
20	49000011	493413	14	2	0	3	0	0	0	0	0	1	0	0	1	0	5
20	49500064	493242	15	6	0	3	0	0	0	2	0	1	1	0	0	2	7
20	50000014	492224	23	4	1	6	0	0	1	1	1	0	0	0	0	0	6
20	50500048	492983	16	12	0	0	0	0	0	5	0	1	0	0	0	2	9
20	51000014	492140	9	1	0	2	1	0	0	2	0	0	0	0	0	1	7
20	51500018	492372	22	6	0	2	0	3	0	2	0	0	0	0	0	2	2
20	52000023	492048	25	34	3	49	3	2	3	34	2	1	3	2	0	0	38
20	52500095	492040	2	2	1	3	0	0	0	0	0	0	0	0	0	0	1
20	53000070	492181	6	3	2	2	1	0	1	2	0	0	0	0	0	1	8
20	53500265	492945	31	9	0	16	2	1	1	4	0	2	0	1	0	0	5
20	54000014	492087	11	5	1	3	1	0	0	1	0	0	0	0	0	0	9
20	54500068	492059	3	2	0	1	0	0	0	2	0	0	0	0	0	0	4
20	55000194	492173	16	10	1	2	0	0	0	3	1	0	0	0	0	1	4
20	55500341	492334	12	6	0	2	0	0	0	1	0	0	0	1	0	1	4
20	56000120	492721	2	0	0	1	0	0	0	0	0	0	0	0	0	0	1
20	56500131	492059	24	7	1	2	1	0	0	4	1	0	2	0	0	0	1
20	57000059	492278	16	2	0	3	0	0	0	3	0	0	1	0	1	0	2
20	57500022	492462	12	3	0	3	0	0	0	0	0	0	0	0	0	0	6
20	58000000	493005	5	2	0	3	0	0	0	0	0	1	0	0	0	0	5
20	58133768	131619	0	5	1	3	0	0	0	1	0	0	0	0	0	0	1
