22	500061	490308	64	71	7	71	4	7	7	56	6	8	7	13	6	3	86
22	1000123	493545	13	5	0	0	0	0	0	0	0	0	0	5	0	0	2
22	1500011	492984	10	4	0	2	0	0	0	0	0	0	0	0	0	1	4
22	2000026	493674	9	19	0	3	1	1	1	9	0	0	0	0	0	0	7
22	2500018	493578	10	8	0	6	1	0	0	3	0	1	0	3	0	1	4
22	3000044	493839	4	3	0	7	0	0	1	2	0	0	0	0	0	1	3
22	3500011	493830	19	2	0	1	0	0	0	0	0	0	0	0	0	1	0
22	4000152	493210	34	20	1	35	1	1	0	21	1	1	2	3	0	3	10
22	4500013	493345	44	18	1	16	1	2	1	14	1	1	1	0	0	7	18
22	5000008	493080	22	12	0	3	0	2	0	0	0	0	1	0	0	0	0
22	5500122	493397	15	5	0	3	0	0	0	1	0	0	0	0	0	1	2
22	6000010	492694	52	7	0	2	1	0	0	4	0	0	0	0	0	2	8
22	6500031	493100	7	16	0	16	0	1	2	8	0	1	1	1	1	0	20
22	7000100	493324	33	16	0	10	0	0	1	9	0	3	0	0	0	0	7
22	7500150	493594	10	10	0	1	0	0	0	0	0	0	0	1	0	0	4
22	8000004	492513	26	23	2	19	0	0	1	12	4	4	0	4	0	0	23
22	8500161	493849	12	6	0	10	0	1	1	5	0	0	0	0	0	0	8
22	9000195	493383	11	4	0	4	0	1	0	4	0	0	0	1	0	0	3
22	9500058	493265	19	4	0	4	0	1	0	1	0	2	0	0	0	1	2
22	10000004	493670	24	4	1	3	0	0	1	1	0	0	0	0	0	1	7
22	10500039	493418	1	10	0	7	0	1	0	4	0	0	0	0	0	0	9
22	11000159	493236	14	4	0	1	1	0	1	6	0	0	0	1	1	0	4
22	11500024	492917	27	7	1	4	0	1	1	2	0	1	0	1	1	1	6
22	12000104	493280	14	4	3	6	0	1	0	1	0	2	0	1	0	0	8
22	12500042	493077	25	4	0	12	0	0	3	10	0	1	0	1	0	2	10
22	13000140	492942	24	6	0	0	0	0	0	3	0	0	0	2	1	0	4
22	13500166	492638	36	20	1	13	0	0	0	6	0	1	0	0	0	1	15
22	14000105	492644	17	7	1	10	2	0	0	3	0	1	0	0	1	0	11
22	14500023	492099	7	8	1	14	0	0	0	4	2	0	1	0	1	0	12
22	15000004	492638	16	22	2	20	1	1	2	6	0	2	0	2	0	0	14
22	15500005	493175	1	1	1	1	0	0	0	1	0	0	0	1	0	0	3
22	16000136	493340	27	18	0	10	2	0	1	9	0	0	0	1	0	4	13
22	16500344	492717	20	17	2	38	2	1	0	23	1	2	1	3	1	0	19
22	17000031	492645	31	7	1	13	0	1	1	13	0	3	0	1	4	5	22
22	17500192	492958	17	14	1	16	0	1	0	13	0	2	2	3	0	1	18
22	18000019	491734	25	21	0	22	2	0	0	14	1	1	2	1	2	2	19
22	18500175	492902	32	18	1	19	3	0	1	8	0	0	0	1	0	2	14
22	19000142	492477	24	7	0	14	1	1	0	5	0	0	0	1	2	1	10
22	19500232	492815	21	10	1	11	0	0	0	1	0	0	0	0	2	1	11
22	20000003	493096	30	17	0	13	0	2	0	13	0	1	0	0	1	1	17
22	20500171	492537	20	16	1	25	4	0	0	14	2	0	2	4	2	1	22
22	21000058	492352	44	24	3	24	0	1	4	18	2	1	3	0	1	2	20
22	21500042	492986	4	5	1	0	0	0	0	5	1	0	0	0	0	0	3
22	22000016	493281	6	7	0	2	0	0	0	0	0	1	0	1	0	0	4
22	22500013	492811	11	8	0	0	0	0	0	1	0	0	0	0	0	2	6
22	23000044	492148	36	16	3	27	0	0	0	20	0	2	4	2	1	1	30
22	23500013	492769	24	10	0	10	2	0	0	3	1	1	0	3	1	1	7
22	24000028	492838	28	14	0	8	0	0	0	9	2	0	1	1	0	0	12
22	24500009	492635	31	28	0	24	0	5	0	13	0	3	3	0	1	1	18
22	25000030	492523	22	26	2	20	3	4	0	11	0	0	1	1	0	2	20
22	25500103	493250	32	0	0	4	1	1	0	0	0	0	0	0	0	0	1
22	26000014	493868	2	1	0	3	0	0	0	1	0	0	0	0	0	0	3
22	26500129	494074	18	2	0	2	0	3	1	1	0	0	0	1	0	0	4
22	27000040	493243	28	10	1	18	1	0	0	10	2	2	1	0	0	0	5
22	27500080	493327	6	3	0	6	1	0	0	12	1	1	0	0	0	2	5
22	28000105	493710	21	8	0	2	0	1	1	8	0	0	0	1	0	0	2
22	28500216	493747	15	4	0	3	0	0	3	1	0	0	0	0	0	0	3
22	29000029	492650	44	37	4	50	0	3	3	33	2	1	4	4	0	1	33
22	29500054	493151	37	10	0	9	1	0	0	6	1	3	1	0	2	1	15
22	30000046	492960	29	28	1	27	2	0	1	12	1	2	0	1	3	2	25
22	30500083	493058	7	9	0	10	0	1	0	4	0	4	1	2	0	0	4
22	31000101	494209	2	0	0	1	0	0	1	1	0	0	0	0	2	0	2
22	31500071	492718	7	6	0	8	0	0	1	3	0	0	0	0	0	0	4
22	32000016	492825	16	7	1	5	1	0	0	6	0	3	1	1	0	1	8
22	32500015	493053	7	0	0	1	0	0	1	1	0	0	0	0	1	0	2
22	33000250	493715	5	0	1	1	0	0	1	1	0	0	0	1	0	0	0
22	33500040	493228	23	11	1	16	1	1	1	23	0	0	0	0	0	1	15
22	34000061	492832	27	8	3	7	0	3	0	1	0	0	0	0	0	0	11
22	34500015	492680	49	14	0	17	2	1	0	13	2	0	4	3	1	1	26
22	35000164	493762	67	32	0	46	0	4	1	18	0	0	1	3	1	3	19
22	35500030	492661	27	27	2	23	1	1	2	19	4	2	0	0	0	2	22
22	36000084	493133	60	39	2	28	2	1	2	17	4	4	2	0	1	3	34
22	36500222	493785	15	1	0	1	0	0	6	0	0	1	0	0	0	0	4
22	37000001	492471	35	5	1	17	1	1	1	6	2	2	1	1	1	2	15
22	37500027	492831	30	15	0	15	2	5	1	10	3	1	2	0	1	3	15
22	38000193	493149	22	12	0	22	0	1	1	8	0	0	0	1	0	1	9
22	38500038	492401	45	22	0	24	1	0	1	10	1	2	4	0	0	0	16
22	39000321	492791	22	16	2	14	1	3	3	15	0	0	1	1	1	0	16
22	39500072	492337	32	12	0	18	1	1	1	10	0	1	1	2	1	4	21
22	40000078	491970	38	16	0	18	1	0	2	14	0	0	0	0	0	1	15
22	40500091	492680	14	9	3	4	4	0	4	7	0	1	0	1	2	2	10
22	41000093	491722	20	18	0	25	2	1	1	23	0	1	2	1	2	2	22
22	41500194	491957	27	20	0	15	0	4	1	8	2	1	1	0	2	2	20
22	42000017	492124	19	12	0	11	0	1	2	10	0	0	1	1	1	1	14
22	42500067	493269	30	26	0	17	1	0	0	17	1	1	1	0	1	0	18
22	43000285	493166	30	16	1	24	0	0	3	15	0	0	0	2	1	0	14
22	43500142	492851	14	26	0	21	1	0	0	10	0	1	2	2	2	1	15
22	44000039	493220	23	13	0	15	0	0	0	5	0	1	0	1	1	0	14
22	44500037	492742	3	1	0	3	0	0	0	0	0	0	0	0	0	0	4
22	45000154	493108	4	5	0	2	1	0	0	2	0	0	0	0	0	0	3
22	45500038	492980	10	1	0	2	0	0	0	4	2	0	0	0	0	4	5
22	46000231	492624	19	0	1	5	0	0	0	0	1	0	0	0	0	0	0
22	46500340	492682	32	6	1	12	1	0	0	9	0	0	1	0	1	1	6
22	47000139	493501	13	6	0	4	0	0	0	1	0	0	1	0	0	0	3
22	47500170	493073	28	5	0	4	0	0	0	0	0	0	0	0	0	0	3
22	48000008	493107	5	4	0	3	0	0	1	2	0	0	0	0	1	1	1
22	48500032	492263	26	18	0	18	0	3	1	14	4	2	1	0	0	3	13
22	49000057	492740	9	6	3	3	3	1	1	3	0	0	0	0	0	0	3
22	49500015	492945	29	7	0	3	0	0	0	1	0	0	0	0	1	0	7
22	50000004	492934	39	9	0	4	0	0	1	1	0	0	1	0	0	0	16
22	50500024	493364	33	2	1	3	1	0	0	7	1	1	0	0	0	0	15
22	51000042	492723	18	14	0	6	0	1	0	5	1	0	0	1	4	0	13
22	51500041	492756	13	4	0	1	0	0	0	0	0	1	1	2	1	0	3
22	52000002	492908	12	3	0	7	0	1	0	7	1	0	0	0	0	1	2
22	52500073	493059	26	19	2	29	0	2	0	17	0	3	0	0	1	1	16
22	53000069	492775	16	3	0	5	0	1	0	0	1	0	0	1	0	0	3
22	53500007	492518	12	7	0	8	2	0	0	4	1	1	0	0	0	1	3
22	54000331	492755	23	12	1	12	1	0	0	20	0	1	4	0	2	0	16
22	54500027	491777	25	13	0	6	0	0	0	4	0	0	0	1	0	0	9
22	55000084	492234	18	0	0	2	0	0	0	3	0	0	1	0	0	1	0
22	55500036	492410	8	3	0	0	0	0	0	3	1	0	0	0	0	0	9
22	56000018	492550	15	4	0	1	1	1	0	3	1	0	1	0	0	0	1
22	56500066	492236	29	11	0	11	1	0	0	5	1	1	0	0	0	1	4
22	57000196	492353	15	14	0	12	1	0	1	9	1	0	1	2	1	0	6
22	57500012	491897	33	12	1	8	1	2	0	2	0	0	3	0	0	0	3
22	58000073	491995	8	3	0	3	0	0	0	0	0	0	0	0	0	0	1
22	58500043	492144	18	9	1	3	0	1	0	3	1	1	0	1	0	0	5
22	59000025	491988	12	11	0	5	1	0	1	5	0	6	1	0	0	1	4
22	59500012	491837	10	7	0	10	2	0	0	4	0	1	0	0	1	0	7
22	60000016	492206	3	4	0	5	0	0	2	1	0	0	0	0	0	0	1
22	60500032	490838	11	3	0	1	0	0	0	0	0	0	0	0	1	1	6
22	61000115	491522	12	4	0	2	0	0	0	9	0	0	0	0	0	0	5
22	61439888	430582	47	39	3	49	5	3	2	26	4	3	0	2	3	3	45
