24	500135	491460	52	39	1	24	0	1	1	28	5	1	1	1	2	4	32
24	1000076	492178	50	40	1	26	3	3	1	14	4	0	1	1	1	2	38
24	1500017	493618	21	14	0	8	1	0	0	1	1	0	0	0	1	1	4
24	2000030	493602	16	10	0	12	0	3	1	11	0	0	0	1	0	1	9
24	2500104	494221	19	10	0	12	0	0	0	4	0	1	0	0	0	0	2
24	3000230	493751	28	22	2	20	0	0	4	14	0	1	1	2	0	3	22
24	3500224	493845	14	8	1	4	0	0	1	7	1	2	0	0	0	2	9
24	4000019	493552	32	21	0	16	0	0	0	12	1	0	0	1	0	2	14
24	4500004	492640	55	38	1	37	1	4	1	23	1	0	2	3	4	2	46
24	5000345	492462	47	45	0	28	0	2	2	12	0	0	0	1	2	5	36
24	5500109	493054	28	7	1	5	1	0	2	1	0	0	2	0	1	0	2
24	6000146	493310	11	3	0	4	0	0	0	2	0	0	0	0	1	1	0
24	6500072	492784	36	24	0	20	0	2	1	14	0	1	1	2	0	1	27
24	7000038	492506	23	21	0	18	2	0	1	22	1	0	2	0	2	3	19
24	7500107	492639	13	16	0	17	1	0	1	11	0	1	0	2	0	1	10
24	8000089	492505	20	21	0	13	2	0	2	17	2	2	0	3	0	1	18
24	8500206	494119	20	11	0	6	0	0	0	3	2	1	0	1	1	1	5
24	9000606	492967	47	28	0	27	0	4	0	4	1	1	1	1	0	2	32
24	9500014	492926	48	17	0	12	2	0	0	12	0	1	1	0	0	0	27
24	10000054	492718	15	15	0	8	0	0	0	8	1	0	0	1	1	1	7
24	10500171	492440	39	18	3	9	0	1	0	14	1	2	0	0	0	2	22
24	11000052	492526	47	32	4	33	1	2	0	19	2	0	0	4	2	1	22
24	11500162	493674	8	17	1	7	0	0	0	7	0	1	2	0	0	3	11
24	12000027	493624	21	5	1	5	0	0	0	0	0	0	1	0	0	1	3
24	12500200	493405	12	8	0	10	1	1	0	12	1	0	0	1	0	0	8
24	13000002	492850	18	29	0	23	1	2	1	21	0	4	2	2	0	0	20
24	13500018	493021	30	12	0	7	1	1	1	5	0	0	1	1	1	0	16
24	14000041	493264	6	3	1	3	1	0	0	3	1	0	0	0	0	0	4
24	14500035	493065	17	16	1	9	0	0	1	4	0	1	2	1	0	0	5
24	15000304	493509	22	8	0	4	2	0	0	3	0	0	0	1	1	0	2
24	15500007	493313	13	9	1	3	0	1	1	4	1	0	0	0	0	0	7
24	16000305	493620	21	2	0	9	0	0	1	5	1	0	0	0	0	0	5
24	16500008	492378	15	8	0	9	1	1	1	0	0	0	2	3	1	7	5
24	17000007	492534	37	14	1	8	1	0	2	11	1	0	0	2	0	1	22
24	17500160	493047	26	9	0	11	1	0	0	10	2	0	0	0	0	0	10
24	18000049	492924	19	9	0	1	1	1	0	5	1	1	0	0	1	1	4
24	18500025	493459	24	2	1	2	0	0	1	5	0	0	3	0	0	0	9
24	19000070	492612	20	8	1	4	0	0	0	3	0	0	0	1	0	1	8
24	19500054	491080	34	11	1	9	2	0	2	8	0	2	1	1	0	2	21
24	20000037	492306	21	18	0	19	0	1	0	14	4	0	4	1	1	1	15
24	20500276	492691	9	10	0	2	0	1	0	3	0	0	0	0	0	2	1
24	21000076	491539	38	43	1	58	1	1	1	32	0	2	4	2	1	0	38
24	21500000	493222	18	4	0	9	0	0	0	4	0	1	0	0	0	0	3
24	22000007	493403	13	4	2	10	1	0	1	1	0	1	1	0	0	0	11
24	22500053	492658	29	16	0	7	0	3	0	2	4	0	0	1	0	2	2
24	23000161	492567	32	6	0	6	0	0	1	2	1	0	0	0	0	1	17
24	23500011	492012	34	5	0	10	2	1	1	5	0	1	1	0	2	2	25
24	24000003	492635	18	11	1	27	0	3	0	10	1	0	1	0	0	1	15
24	24500095	493143	30	17	0	15	2	1	0	8	0	0	0	0	2	4	17
24	25000142	493304	24	17	2	18	1	0	0	10	0	2	1	0	1	0	12
24	25500477	493239	25	3	0	19	2	1	2	4	1	1	0	0	1	1	7
24	26000002	492356	35	14	0	2	1	0	0	2	0	1	0	0	1	0	3
24	26500002	492956	1	0	0	1	0	0	0	0	0	0	0	0	0	0	2
24	27000018	492039	10	9	0	3	0	0	0	0	0	1	0	1	1	0	6
24	27500002	492148	11	11	0	16	5	0	1	4	1	1	1	0	0	0	11
24	28000107	492334	16	7	1	8	1	0	1	6	1	0	0	3	1	1	1
24	28500009	492804	26	11	3	20	1	1	0	15	0	0	0	6	5	0	17
24	29000006	492167	14	7	0	6	0	0	0	1	0	1	1	0	0	0	8
24	29500000	492742	23	4	0	7	0	0	1	5	0	1	0	2	0	0	10
24	30000029	492226	20	20	0	15	0	1	0	14	0	1	3	1	0	0	18
24	30500022	492324	7	16	1	16	0	0	0	9	0	0	1	0	0	1	11
24	31000040	492547	2	0	0	1	0	0	0	1	0	0	0	0	0	0	0
24	31500000	493151	7	1	0	3	0	2	0	2	1	0	0	0	0	0	0
24	32000000	492745	10	3	1	0	0	0	0	0	0	0	0	0	0	0	1
24	32500012	492309	34	14	1	9	1	0	2	0	0	1	2	0	0	2	9
24	33000074	492145	82	31	0	49	2	6	3	28	2	1	2	2	0	6	46
24	33500018	492133	22	18	1	11	1	2	3	13	0	1	2	0	0	1	11
24	34000016	492025	12	12	0	14	0	1	0	6	3	0	1	1	1	0	12
24	34500040	491928	6	1	0	0	5	0	0	1	0	1	0	0	1	0	7
24	35000035	491946	16	7	0	6	0	0	1	0	0	0	1	0	0	3	6
24	35500032	490581	6	0	1	0	0	0	0	0	0	0	0	0	1	0	0
24	36000075	492246	27	9	0	8	2	0	0	4	0	1	0	0	1	0	7
24	36500062	492674	8	0	0	2	1	1	0	0	0	0	0	1	0	0	0
24	37000027	492038	6	0	0	5	0	0	1	2	1	1	0	0	0	0	6
24	37500015	492798	2	1	0	4	0	0	0	0	0	0	1	0	0	0	1
24	38000028	492167	8	5	0	7	0	0	0	5	1	1	1	0	0	1	1
24	38500008	492038	14	4	1	4	0	0	0	1	0	0	0	2	1	2	4
24	39000058	492842	6	1	0	0	1	0	0	0	0	0	0	0	2	0	2
24	39500012	492536	4	4	0	2	0	0	0	0	0	0	0	0	0	0	1
24	40000250	492125	9	1	0	2	0	0	0	0	0	0	0	0	0	0	0
24	40500001	492346	19	5	0	2	0	0	1	5	0	1	1	0	0	0	4
24	41000072	492268	14	11	1	6	0	0	1	6	2	0	3	3	0	0	11
24	41500000	491773	10	7	0	2	0	0	1	2	0	2	0	0	0	3	5
24	42000008	491178	22	5	0	5	1	0	0	2	0	1	0	1	0	1	5
24	42500055	491338	12	4	0	0	0	0	0	0	0	0	0	0	0	0	2
24	43000116	490853	7	6	0	1	0	0	0	0	0	0	0	0	1	0	2
24	43500159	493561	8	0	0	3	0	0	0	0	0	0	1	0	0	1	1
24	44000105	492969	6	6	0	0	0	1	0	0	0	0	0	0	0	0	0
24	44500065	491333	9	4	0	8	0	0	0	1	0	1	1	1	0	0	2
24	45000068	490453	5	3	0	9	1	0	1	1	0	0	0	0	0	0	6
24	45500098	489504	14	5	0	1	0	0	0	1	1	2	0	0	0	0	5
24	46000002	489166	3	0	0	0	0	0	0	0	0	0	0	0	0	0	0
24	46500001	491512	1	1	1	0	0	1	0	0	0	0	0	0	0	0	0
24	47000032	491291	2	0	0	0	1	0	0	0	0	0	0	0	0	0	0
24	47500003	492409	1	0	0	0	0	0	0	0	0	0	0	0	0	0	0
24	47698645	195397	6	4	0	2	0	0	0	0	0	0	0	0	0	0	2
