29	500005	493676	72	38	1	32	7	0	1	9	2	5	1	0	1	0	20
29	1000306	493430	57	27	1	36	3	0	3	29	0	6	0	5	1	3	42
29	1500028	492242	49	26	1	35	2	1	0	30	0	5	2	10	2	1	19
29	2000352	492707	47	43	2	32	4	2	11	24	1	4	1	0	4	1	33
29	2500480	492729	33	16	0	11	0	0	1	10	0	0	0	0	2	1	16
29	3000036	492065	33	11	1	20	2	0	1	13	0	2	0	0	0	3	20
29	3500009	492138	45	46	5	41	3	0	7	20	0	4	3	0	5	1	43
29	4000010	492824	39	40	1	25	1	5	3	13	0	3	1	1	4	4	24
29	4500326	493815	19	15	2	19	1	0	0	11	1	1	0	0	0	0	14
29	5000029	491855	31	39	0	28	3	2	0	31	1	2	1	1	0	1	42
29	5500101	491912	87	59	7	50	5	1	1	31	1	3	1	3	1	7	44
29	6000041	492462	32	18	2	11	0	0	0	14	0	1	1	2	1	0	23
29	6500215	492690	41	48	2	27	1	0	1	29	1	4	0	2	1	1	46
29	7000023	492830	45	24	2	16	0	3	1	35	0	1	0	0	4	2	26
29	7500271	493306	32	21	1	6	0	0	0	5	0	0	0	0	0	1	4
29	8000216	492449	48	53	2	28	2	6	3	31	3	1	0	1	1	1	32
29	8500179	492491	32	38	0	26	0	1	0	18	0	1	1	1	1	3	28
29	9000699	492929	22	23	0	20	3	2	1	35	0	1	3	1	0	2	26
29	9500010	492112	6	12	0	6	0	2	0	5	1	0	2	0	0	1	15
29	10000192	493227	5	7	0	4	0	1	0	1	0	2	1	0	1	0	7
29	10500009	492842	17	2	0	3	0	2	0	3	0	1	0	0	0	0	7
29	11000150	492966	29	16	0	13	2	0	1	19	1	0	1	3	1	1	14
29	11500086	493002	21	4	0	1	1	0	0	1	1	1	1	0	0	0	5
29	12000023	492932	9	5	0	3	0	0	0	2	1	2	0	0	0	0	5
29	12500020	491706	43	52	2	41	2	2	2	51	1	3	1	4	1	1	53
29	13000008	492766	34	21	0	19	0	0	2	15	0	1	0	1	2	0	9
29	13500307	492836	15	12	0	16	0	0	0	9	0	1	0	0	0	0	19
29	14000033	492789	20	14	0	13	0	1	0	9	1	0	1	1	2	0	10
29	14500060	493579	12	13	1	3	0	0	0	0	0	0	0	0	0	0	0
29	15000031	493745	14	22	1	16	1	0	1	8	0	3	0	1	0	1	26
29	15500188	493952	43	17	1	12	0	1	0	19	0	0	0	2	0	2	18
29	16000233	494285	35	11	0	18	0	0	0	13	1	2	0	0	2	0	22
29	16500022	493263	22	28	3	14	1	0	1	13	1	1	0	2	2	1	22
29	17000063	493031	23	3	0	5	0	0	0	7	1	0	1	1	0	0	9
29	17500066	491801	30	23	5	24	1	0	0	19	1	1	1	5	4	1	21
29	18000060	492774	9	13	1	15	0	0	1	8	0	0	1	0	2	0	13
29	18500129	493292	12	8	0	5	0	0	0	2	0	0	0	0	1	0	4
29	19000005	492773	6	7	2	1	0	1	0	0	0	0	0	0	0	0	5
29	19500137	493070	25	15	1	8	1	0	0	10	1	0	1	2	0	1	5
29	20000075	493414	14	10	0	3	0	3	0	3	3	0	0	1	1	0	4
29	20500083	493277	8	5	0	8	0	0	0	2	0	0	0	1	0	1	2
29	21000007	492762	20	16	1	5	0	0	0	13	0	0	0	0	0	0	9
29	21500112	493247	11	15	0	15	0	1	0	7	1	0	1	1	0	2	9
29	22000171	492971	8	11	0	3	0	1	0	0	1	0	1	0	0	0	6
29	22500070	493209	10	2	0	5	0	0	0	2	0	0	0	0	0	0	4
29	23000046	493196	14	19	0	12	2	3	1	13	0	2	1	1	0	0	10
29	23500060	493187	3	0	0	1	0	0	0	1	4	0	0	0	0	0	0
29	24000086	492956	10	15	3	15	2	0	1	16	0	0	0	1	0	2	10
29	24500062	493009	7	6	0	1	0	0	0	2	0	0	0	0	0	0	5
29	25000116	493768	14	3	0	2	0	0	0	1	0	0	0	1	0	0	1
29	25500152	493538	9	5	0	2	0	0	0	2	0	0	0	0	0	1	10
29	26000036	492645	26	3	0	9	0	0	1	1	0	0	0	0	2	2	10
29	26500140	493150	8	11	0	11	0	0	0	5	0	0	1	0	0	1	4
29	27000123	492486	20	12	0	10	1	0	0	6	1	3	0	3	0	0	11
29	27500158	493181	21	7	0	3	0	1	0	5	1	0	0	1	0	2	10
29	28000021	493134	9	5	0	4	0	1	0	5	0	0	0	0	0	3	7
29	28500097	492549	38	16	0	12	1	0	0	9	0	0	0	4	2	2	16
29	29000090	492478	17	10	1	13	1	2	1	15	0	0	1	0	0	2	10
29	29500033	492446	61	40	4	36	2	2	1	26	2	4	3	2	1	1	27
29	30000130	493020	17	4	0	8	2	1	0	7	2	2	1	1	3	0	11
29	30500183	492340	13	20	0	26	3	4	0	20	4	0	4	2	4	1	16
29	31000132	492286	15	7	0	17	1	0	1	12	1	1	1	0	0	0	12
29	31500110	492716	13	6	1	6	0	0	0	6	1	0	2	1	1	3	16
29	32000033	492242	26	10	1	8	0	1	1	8	1	1	0	0	0	1	10
29	32500234	492597	26	8	1	9	0	1	0	6	1	0	1	0	0	0	18
29	33000165	493323	36	18	3	23	0	2	0	8	0	2	0	0	1	0	15
29	33500037	492659	19	10	0	14	0	1	0	2	1	0	1	0	0	0	14
29	34000114	493204	23	6	1	11	1	0	0	2	1	0	1	1	2	1	20
29	34500034	492953	20	5	1	1	0	0	7	0	0	0	0	1	0	0	4
29	35000077	492201	13	7	0	4	0	0	0	5	1	0	0	0	0	1	5
29	35500015	492303	20	7	0	9	0	1	0	3	0	0	2	0	0	0	10
29	36000043	492053	4	3	0	16	0	0	0	1	0	2	1	0	0	0	3
29	36500141	492424	27	9	0	8	0	2	0	1	3	1	0	1	0	3	7
29	37000020	492396	2	6	0	2	0	0	0	0	0	0	0	0	0	0	0
29	37500157	492872	6	2	0	0	0	0	0	2	0	1	0	0	1	2	0
29	38000044	492375	8	2	0	4	0	0	0	1	0	0	0	0	0	0	2
29	38500056	492602	3	4	0	2	1	0	0	0	0	1	1	0	0	0	5
29	39000076	492044	20	3	0	0	1	1	0	0	0	0	0	0	0	0	1
29	39500010	492235	25	6	0	6	0	0	0	7	2	0	0	2	2	1	4
29	40000065	491556	20	17	2	18	3	0	1	18	1	1	1	3	1	4	19
29	40500161	491773	47	23	2	15	1	1	0	4	2	1	0	2	1	2	16
29	41000357	490401	12	2	1	6	0	0	0	5	0	0	0	0	2	0	3
29	41500013	489736	18	5	0	7	0	0	0	7	1	0	0	0	0	0	11
29	41845192	336885	50	31	1	27	0	2	4	27	4	11	1	0	3	0	15
