33	500071	491697	65	39	4	39	2	1	1	50	4	2	2	4	2	1	53
33	1000257	493471	13	2	0	1	0	0	0	0	0	0	1	0	0	0	1
33	1500068	493033	13	9	0	9	0	0	0	6	0	1	0	3	0	0	10
33	2000034	492321	21	10	2	14	6	1	0	12	0	4	0	1	2	1	8
33	2500023	492094	14	4	0	4	0	0	0	4	0	0	1	2	0	0	6
33	3000060	492243	18	15	0	11	0	0	0	11	1	0	3	0	1	2	7
33	3500116	492134	34	14	2	13	0	4	3	4	2	0	0	0	3	0	22
33	4000012	492708	20	32	1	20	2	3	1	19	1	0	2	3	1	3	21
33	4500038	493149	49	38	2	28	2	2	1	27	0	6	0	1	0	0	39
33	5000002	492936	16	6	0	8	2	1	1	11	0	0	0	1	0	0	7
33	5500066	491331	14	13	0	13	1	2	2	14	2	0	2	1	0	2	12
33	6000415	492788	4	5	0	4	0	0	1	1	1	1	0	0	0	0	8
33	6500042	492716	17	6	1	12	1	1	1	8	1	2	1	4	2	1	12
33	7000073	493539	21	10	0	1	0	1	1	2	0	0	0	0	0	0	13
33	7500009	492479	11	2	0	5	0	0	0	1	0	3	0	0	2	0	2
33	8000002	492749	34	16	1	16	0	0	2	18	1	1	0	1	1	0	14
33	8500037	492363	11	2	0	6	0	1	1	0	0	0	0	1	0	0	9
33	9000082	492158	17	15	0	14	1	1	0	8	0	3	1	1	0	0	16
33	9500147	492077	18	16	0	14	0	0	0	6	0	1	0	2	1	2	12
33	10000009	492022	21	26	1	17	0	0	0	22	0	2	0	1	1	0	21
33	10500037	492092	13	1	0	1	0	0	0	1	0	0	0	0	0	0	1
33	11000008	492393	12	12	1	15	0	1	0	13	1	0	0	1	1	0	18
33	11500162	493218	12	3	1	6	0	4	0	1	1	0	2	3	0	2	9
33	12000084	492812	20	6	1	6	1	1	1	5	0	0	0	0	1	0	13
33	12500038	492028	18	14	1	15	3	1	3	12	2	1	3	1	1	2	20
33	13000004	492982	11	1	0	0	0	1	0	0	1	0	0	0	0	0	3
33	13500066	492961	22	18	0	10	0	0	0	13	1	1	1	1	0	1	5
33	14000396	492717	9	2	0	0	1	0	0	1	1	0	1	0	0	0	4
33	14500282	491818	8	7	0	5	0	0	0	3	1	0	1	2	0	0	3
33	15000028	492155	43	13	0	12	1	2	0	12	0	1	0	1	0	1	12
33	15500023	492502	21	12	2	16	1	0	0	14	0	0	1	1	0	0	14
33	16000326	493131	5	7	0	8	0	0	0	3	1	0	0	0	1	0	5
33	16500000	491903	24	16	0	8	1	2	2	12	2	1	0	0	1	0	9
33	17000019	491751	19	9	1	5	0	1	0	6	0	0	0	0	0	0	0
33	17500017	492604	24	13	2	12	0	0	0	9	0	0	0	2	0	2	9
33	18000016	492715	5	3	0	1	0	2	0	1	2	0	0	0	0	0	5
33	18500022	492848	22	3	0	2	0	0	0	0	1	0	0	4	2	2	4
33	19000059	493868	13	0	0	1	0	0	0	4	0	0	0	0	0	0	7
33	19500182	493516	19	10	0	13	0	1	0	4	0	1	1	0	0	1	3
33	20000040	492543	10	1	1	2	2	1	1	3	0	0	0	0	0	0	2
33	20500195	492696	9	7	0	5	1	0	0	2	2	0	0	1	0	0	4
33	21000018	492255	30	5	1	8	0	0	1	0	0	1	3	0	0	0	6
33	21500096	492103	17	6	0	6	0	0	0	1	0	0	0	0	0	0	4
33	22000184	492185	16	5	0	4	0	1	0	1	0	0	0	0	1	0	4
33	22500082	492763	8	3	1	10	0	1	0	6	0	0	1	0	0	0	4
33	23000011	492234	18	4	0	3	0	0	0	1	0	0	1	1	0	1	4
33	23500017	493078	22	4	0	6	2	1	0	1	1	2	0	0	1	0	6
33	24000009	493654	28	14	0	33	0	2	0	16	1	0	0	0	0	0	14
33	24500105	494346	9	21	0	9	0	2	0	4	0	0	0	1	0	0	6
33	25000033	494303	26	10	1	16	2	0	1	17	0	1	0	1	2	3	6
33	25500143	492544	22	22	1	11	3	0	0	9	2	0	0	1	0	0	10
33	26000167	493122	11	10	0	5	0	1	0	6	0	1	0	1	0	1	3
33	26500090	492153	18	4	0	4	0	0	0	2	0	0	0	0	0	0	10
33	27000007	492404	26	3	0	4	0	0	0	3	2	0	0	0	1	0	1
33	27500036	492813	16	7	1	1	0	0	2	3	1	2	2	1	0	0	5
33	28000076	491844	14	5	0	3	1	0	0	2	0	0	3	0	0	2	5
33	28500073	492938	15	13	2	20	0	1	3	11	0	0	0	3	0	0	6
33	29000017	493345	41	9	1	18	2	1	1	7	2	2	0	0	1	0	2
33	29500007	492333	4	1	1	2	0	0	0	0	0	0	0	0	0	0	0
33	30000087	493412	24	8	0	12	0	2	1	2	0	1	0	1	0	1	8
33	30500052	493051	22	4	0	9	0	0	0	5	0	0	1	0	0	0	5
33	31000057	492727	16	4	0	2	0	0	0	0	0	2	0	0	0	3	2
33	31377047	369955	17	7	0	5	0	0	0	4	0	2	1	1	0	3	11
