34	500007	485722	93	75	3	84	9	9	6	69	0	6	5	9	3	5	74
34	1000051	493474	54	20	0	7	1	0	0	9	0	6	0	0	0	3	7
34	1500025	492747	41	41	1	32	0	1	1	26	2	5	3	2	1	4	43
34	2000198	493437	28	9	0	25	2	1	1	14	3	1	2	0	1	1	33
34	2500105	493157	31	24	2	25	1	2	2	22	0	3	3	1	1	4	27
34	3000051	493899	12	14	0	8	0	0	0	12	0	1	0	3	0	2	18
34	3500064	493581	29	19	0	18	1	2	1	11	0	3	1	0	2	0	22
34	4000003	492738	22	8	1	12	0	0	0	2	0	3	0	2	0	0	5
34	4500053	492404	27	16	1	18	2	2	1	10	0	3	1	2	3	2	27
34	5000049	492346	15	12	0	23	1	0	4	7	0	1	1	2	0	1	17
34	5500044	492109	18	38	1	16	1	1	1	33	1	0	0	1	2	3	27
34	6000152	491591	25	19	2	21	1	1	1	14	0	3	1	2	0	1	18
34	6500088	492534	15	8	1	20	2	2	0	7	1	4	0	0	0	2	5
34	7000111	492467	13	8	0	4	1	2	0	9	2	0	0	1	0	0	1
34	7500078	492391	11	1	0	0	0	0	0	0	0	0	0	0	0	0	0
34	8000018	492019	33	26	0	19	0	0	0	30	0	1	0	0	1	3	25
34	8500125	492867	14	2	2	0	1	0	2	11	0	0	1	1	0	0	3
34	9000013	492827	7	11	1	7	1	0	0	14	0	2	0	1	0	0	6
34	9500019	492033	11	3	0	3	0	0	0	1	0	0	0	0	0	0	2
34	10000188	491782	24	6	0	1	2	0	0	0	0	2	0	1	0	0	2
34	10500002	491787	28	8	0	8	2	0	0	5	1	0	0	0	0	1	13
34	11000051	491446	17	8	0	12	0	1	1	2	2	1	0	1	2	2	5
34	11500050	491356	1	1	0	0	0	0	0	0	0	0	0	0	0	0	0
34	12000011	492053	16	14	0	7	2	1	0	14	0	0	1	2	2	2	6
34	12500091	489817	53	23	1	35	3	3	4	13	1	2	4	1	1	0	33
34	13000000	493391	13	15	0	9	1	0	1	3	1	0	1	0	0	0	7
34	13500011	492767	21	2	0	2	0	0	0	1	0	1	0	0	0	0	0
34	14000015	492785	38	33	2	32	2	1	1	25	1	3	2	1	4	2	34
34	14500014	493515	19	2	1	8	0	2	0	2	1	0	0	0	0	0	5
34	15000027	493899	7	12	0	11	0	0	0	5	2	0	0	0	0	1	8
34	15500012	493278	3	3	0	1	0	0	0	0	0	0	0	0	0	0	3
34	16000010	493783	17	6	0	5	1	1	0	1	1	1	0	0	0	1	7
34	16500188	492838	26	7	0	12	0	2	1	10	0	0	1	0	1	2	12
34	17000051	492797	35	9	0	12	0	0	1	7	1	0	0	1	1	2	18
34	17500015	493360	11	9	1	1	0	0	0	2	0	0	0	1	0	2	1
34	18000100	493242	26	21	1	14	0	2	1	17	0	0	2	2	0	2	14
34	18500148	493342	29	3	0	4	0	0	0	0	0	2	0	0	0	0	7
34	19000011	493081	15	5	0	6	0	0	0	4	0	0	0	1	0	0	10
34	19500051	492421	16	4	0	5	0	0	0	1	0	1	0	0	0	1	7
34	20000021	491883	30	18	0	17	1	1	0	14	2	2	1	1	1	2	22
34	20500045	492684	0	6	0	2	0	0	2	0	1	0	0	1	1	1	2
34	21000056	493426	1	1	0	1	0	0	0	1	0	0	0	0	0	0	1
34	21500024	493366	8	5	0	7	0	0	0	1	0	0	0	0	1	0	10
34	22000041	493074	7	3	1	7	0	1	0	16	1	0	1	1	0	2	4
34	22500010	492404	13	2	0	5	1	2	0	10	0	0	0	4	0	0	3
34	23000099	492517	13	9	0	15	1	2	1	15	1	0	1	1	0	0	17
34	23500013	492805	31	13	1	17	0	2	0	8	0	0	0	2	0	0	18
34	24000079	493362	22	4	0	5	0	1	0	4	1	0	0	0	0	0	2
34	24500088	493242	6	0	0	3	0	0	0	1	0	0	0	0	0	0	0
34	25000047	492313	18	9	0	15	0	0	0	11	0	0	1	0	0	2	12
34	25500027	492694	33	16	0	11	4	1	1	14	0	2	2	0	0	1	27
34	26000042	492931	30	2	0	7	0	1	1	3	1	0	1	0	0	1	4
34	26500304	493412	26	20	2	20	1	1	2	10	1	2	0	0	1	1	9
34	27000013	492829	22	4	1	9	0	1	0	2	0	0	0	1	1	0	10
34	27500139	492749	6	5	0	2	0	0	0	7	0	1	1	0	0	0	5
34	28000022	492714	20	11	1	4	0	0	0	6	0	1	0	0	0	0	12
34	28500133	492298	17	10	0	24	2	1	0	9	0	0	0	1	0	2	24
34	29000003	492179	10	9	0	6	0	0	0	11	0	0	0	0	0	1	7
34	29500007	491947	34	5	0	7	0	2	0	9	0	2	0	1	0	0	14
34	30000118	491736	27	9	0	9	2	1	1	7	0	6	0	0	1	3	9
34	30500060	491911	20	14	1	21	1	3	0	17	1	0	0	3	0	0	16
34	31000106	492778	10	1	0	3	0	0	0	2	0	0	0	0	0	0	4
34	31500052	492534	28	17	1	27	0	0	0	19	0	2	1	1	0	0	20
34	32000035	492213	32	28	3	39	1	2	3	28	3	1	2	3	1	2	28
34	32500065	492653	22	8	0	9	0	0	0	7	2	3	0	0	0	1	15
34	33000944	493583	1	6	0	3	0	0	0	0	0	0	0	0	1	0	1
34	33500140	492077	8	0	0	4	0	0	0	0	0	0	0	0	0	0	0
34	34000187	493366	3	17	0	3	0	1	1	4	0	2	0	0	0	0	8
34	34500036	492578	19	2	0	3	0	0	0	6	0	0	0	0	0	1	1
34	35000019	492825	19	15	0	4	0	0	1	4	0	0	0	0	0	0	6
34	35500018	492481	15	5	1	8	1	0	1	1	0	0	0	0	1	0	2
34	36000058	492079	25	10	1	8	0	0	0	6	0	1	0	1	0	0	11
34	36500029	492274	10	6	0	3	0	0	0	5	1	0	0	0	1	0	4
34	37000132	492173	14	6	0	3	0	0	0	2	1	0	0	0	0	0	6
34	37500012	493086	3	0	0	0	0	0	0	0	0	0	0	0	0	0	2
34	38000031	492381	10	5	0	2	0	0	0	4	0	0	0	1	1	0	0
34	38500084	492115	10	15	0	6	0	0	6	8	0	0	0	2	1	0	9
34	39000022	491388	6	0	0	0	0	0	0	1	0	0	0	0	0	0	6
34	39500071	491211	14	8	1	2	1	1	0	1	1	0	1	0	2	0	2
34	40000014	491779	19	0	0	7	1	0	1	1	0	0	0	0	0	1	7
34	40500007	491331	29	14	2	21	0	2	0	6	1	1	2	0	0	0	14
34	41000106	492018	1	8	0	7	0	0	0	6	0	2	0	3	0	1	5
34	41500049	490177	4	0	0	1	0	0	1	4	0	0	0	0	0	2	4
34	42000052	489989	6	1	0	1	1	0	2	2	0	1	0	0	0	0	5
34	42124418	122146	6	2	0	2	0	0	0	1	0	0	0	0	0	1	5
