35	500110	489956	64	22	4	35	3	3	1	16	0	2	2	7	4	1	37
35	1000041	492680	25	5	0	3	0	0	0	1	0	0	0	0	2	1	14
35	1500035	492103	10	9	1	10	0	1	2	7	1	1	0	2	1	0	15
35	2000023	492305	5	9	2	2	0	0	0	2	1	0	0	0	1	1	12
35	2500097	493398	9	2	1	4	0	0	0	4	0	0	0	0	0	0	2
35	3000014	493054	26	9	0	8	0	1	0	3	0	1	0	0	0	0	2
35	3500006	492181	20	2	0	7	0	1	0	7	1	0	0	0	0	0	8
35	4000135	490468	3	4	0	4	0	0	0	1	1	0	3	1	0	0	5
35	4500008	491644	16	6	0	9	1	0	0	3	0	0	1	0	1	0	10
35	5000009	492798	24	7	0	9	0	0	1	6	1	1	0	1	0	0	7
35	5500280	492444	5	0	0	0	0	0	0	1	0	0	0	0	0	0	1
35	6000008	492524	6	1	0	2	0	0	0	1	0	0	0	0	0	0	3
35	6500091	493021	18	0	0	0	0	1	0	2	0	0	1	1	1	0	7
35	7000043	492353	10	3	0	3	0	0	0	4	0	0	0	0	1	3	4
35	7500049	492227	11	3	0	3	0	2	1	2	0	0	0	0	0	1	1
35	8000167	492790	17	5	0	1	0	0	0	0	0	0	0	0	0	0	2
35	8500060	491965	16	13	0	14	0	1	2	5	0	0	0	0	1	0	9
35	9000154	492450	4	4	1	14	1	0	1	7	0	1	0	1	2	1	19
35	9500200	492883	11	5	0	4	0	0	0	8	0	2	0	0	0	0	9
35	10000002	492282	20	13	0	7	1	0	0	13	1	1	4	0	1	0	8
35	10500052	492381	7	2	0	2	0	0	0	2	1	0	0	0	0	1	2
35	11000038	492248	25	7	0	4	0	0	1	3	0	0	0	0	0	0	9
35	11500073	492905	10	6	1	0	0	0	0	0	0	0	0	0	3	1	0
35	12000163	492579	5	8	0	7	0	0	1	2	0	0	0	0	2	0	10
35	12500015	492428	4	7	0	6	0	1	0	2	0	0	1	0	0	1	4
35	13000090	492078	34	20	1	8	1	0	0	8	0	3	1	0	3	0	7
35	13500004	493011	50	7	0	11	0	1	2	8	1	0	2	1	2	1	3
35	14000091	492786	2	2	0	4	1	0	0	4	0	0	0	0	2	1	1
35	14500172	493183	16	8	0	5	0	3	0	3	0	0	0	0	0	1	2
35	15000002	493164	14	5	0	3	0	0	2	6	0	0	0	0	0	0	5
35	15500048	492761	25	11	0	6	1	1	0	4	0	0	0	0	0	1	6
35	16000061	493229	16	4	0	3	0	0	1	4	0	0	1	0	0	1	3
35	16500067	493415	22	5	1	0	0	0	0	1	1	0	1	0	1	0	2
35	17000001	492646	25	9	0	5	0	3	1	5	1	1	0	1	1	3	14
35	17500149	492882	20	13	0	20	1	1	0	10	1	1	0	0	1	1	12
35	18000006	492927	24	6	1	4	0	1	2	2	1	3	0	0	0	0	3
35	18500016	493206	13	2	0	1	0	0	1	3	0	0	0	0	0	0	1
35	19000020	492189	80	39	0	28	1	0	2	29	1	4	3	0	3	3	36
35	19500014	493264	22	17	0	8	2	1	1	20	0	1	0	5	2	2	17
35	20000028	493405	20	0	0	2	1	0	2	1	0	0	0	0	0	0	4
35	20500046	492613	26	6	2	4	0	0	3	2	2	0	0	0	0	1	8
35	21000211	492943	13	7	0	4	0	0	1	8	0	0	0	0	0	0	10
35	21500061	492611	5	0	0	2	0	0	0	2	0	0	0	0	0	1	1
35	22000082	492552	21	18	1	12	0	1	2	11	2	0	1	0	0	0	15
35	22500031	492145	20	11	0	11	3	0	2	4	1	0	2	0	0	1	1
35	23000120	491906	15	6	2	3	2	0	0	0	2	0	0	1	0	0	2
35	23500038	492018	25	9	1	6	1	3	3	6	0	1	4	1	0	0	5
35	24000104	492363	31	25	2	12	1	3	2	11	1	1	1	2	0	2	14
35	24500206	492209	21	1	0	1	0	0	0	0	1	0	0	0	0	1	5
35	25000014	491768	40	11	0	11	3	0	0	6	0	0	0	0	1	2	11
35	25500007	491684	26	14	1	25	2	0	3	8	1	2	2	0	0	1	19
35	26000101	491422	28	14	3	11	1	0	3	9	0	1	0	1	0	1	8
35	26500117	489714	75	78	4	92	7	10	3	62	6	8	4	6	10	3	75
35	26524914	24432	7	4	0	3	1	0	0	1	0	2	0	0	0	0	1
