38	500075	491953	55	28	3	34	6	2	3	24	0	6	3	6	1	2	25
38	1000040	492107	23	12	2	9	1	0	0	3	0	0	1	5	1	0	10
38	1500012	492716	16	20	1	5	0	3	1	8	1	1	0	2	1	3	11
38	2000179	492844	10	3	0	2	0	1	1	2	0	0	0	0	2	1	7
38	2500102	492739	15	1	0	6	0	0	0	0	0	0	0	0	0	0	1
38	3000003	492439	30	4	1	3	0	2	0	1	0	0	0	1	0	0	18
38	3500138	493103	29	12	0	11	3	1	2	12	0	2	0	2	1	1	22
38	4000034	492526	20	11	0	5	0	0	0	7	1	0	1	0	0	3	16
38	4500031	492216	13	21	3	27	1	1	0	12	1	0	1	3	0	0	18
38	5000030	492297	17	2	0	2	0	1	1	6	1	0	0	0	1	2	3
38	5500007	492180	23	32	0	25	1	6	1	28	4	3	0	2	3	3	26
38	6000268	493089	15	9	1	6	1	1	1	7	1	0	1	0	2	2	9
38	6500064	491902	27	8	0	12	4	0	0	4	0	0	2	0	1	1	15
38	7000027	492541	15	6	0	0	0	0	0	6	1	0	1	0	0	1	7
38	7500012	491946	20	10	0	12	1	0	1	16	1	1	0	0	0	2	16
38	8000030	491365	13	47	1	21	1	1	0	20	1	0	1	2	1	1	25
38	8500160	492619	9	7	1	3	1	0	1	4	0	0	0	0	0	1	6
38	9000339	492534	13	12	1	17	2	0	0	21	2	1	1	0	2	0	18
38	9500215	491851	13	6	1	11	0	1	0	4	0	1	1	0	1	0	10
38	10000055	492725	25	14	0	9	3	1	0	10	1	0	2	0	2	0	11
38	10500552	492836	15	19	0	20	0	1	0	9	0	1	0	1	0	1	12
38	11000108	491653	21	19	1	10	1	1	1	7	2	1	0	2	0	1	14
38	11500039	493028	6	5	0	2	0	0	0	4	0	0	0	0	0	0	5
38	12000074	492689	8	4	0	8	1	1	0	2	1	1	0	0	0	1	7
38	12500191	493134	13	3	0	2	0	0	0	1	0	0	0	0	0	0	2
38	13000223	492844	21	8	1	5	0	1	0	1	0	1	0	0	0	0	3
38	13500057	492602	22	2	0	9	0	0	1	4	1	0	0	2	0	0	10
38	14000063	492650	11	6	1	7	0	0	0	7	0	2	2	0	2	0	6
38	14500028	492905	11	1	0	11	0	0	0	1	0	0	0	0	0	0	6
38	15000185	492538	38	21	0	21	0	2	0	8	1	1	0	1	1	0	10
38	15500114	492187	19	9	1	11	1	0	0	7	0	1	0	0	0	0	4
38	16000000	492316	20	14	0	9	1	0	2	8	2	0	0	0	1	1	9
38	16500053	492557	10	5	0	7	0	0	0	3	0	0	0	1	0	0	3
38	17000139	492294	10	16	3	12	0	1	0	8	0	0	0	2	0	1	14
38	17500079	492504	9	5	0	11	1	0	0	1	0	0	1	0	1	1	7
38	18000048	492216	6	11	0	3	1	0	0	0	0	0	0	0	0	0	4
38	18500020	492098	17	9	0	5	0	2	1	7	1	0	0	1	0	1	8
38	19000077	492371	21	3	1	2	0	0	1	3	0	0	1	1	0	0	0
38	19500041	492645	10	6	0	11	1	0	0	2	0	0	0	0	0	0	16
38	20000013	492129	17	4	0	1	0	0	1	15	0	0	2	0	0	0	7
38	20500029	491629	26	5	1	3	0	3	0	3	0	0	0	0	3	2	4
38	21000006	492221	13	3	0	3	1	0	1	2	0	0	0	0	0	3	5
38	21500236	492712	9	4	0	3	0	0	0	1	0	0	0	0	0	0	1
38	22000021	492202	4	2	0	1	0	0	0	2	0	0	0	0	0	0	3
38	22500087	491583	4	3	0	2	2	0	0	0	0	1	0	1	1	1	1
38	23000039	491295	34	8	1	6	0	0	0	6	0	1	0	0	0	1	8
38	23500047	490946	27	18	1	14	1	0	0	5	2	1	2	0	2	2	4
38	23914443	407041	3	1	0	0	0	0	0	0	0	0	0	0	0	0	2
