4	500035	492955	87	59	3	60	7	5	0	45	2	3	2	1	0	4	38
4	1000071	493960	13	6	0	8	0	0	0	4	0	1	0	1	0	2	1
4	1500053	493511	58	29	1	22	1	2	1	14	1	1	1	3	1	3	21
4	2000068	493328	81	35	3	33	2	2	4	34	1	3	5	4	2	5	41
4	2500339	494176	19	7	0	6	0	0	1	9	1	2	1	0	0	1	11
4	3000105	493373	36	27	2	17	0	1	1	11	3	1	2	1	2	0	20
4	3500038	493192	52	53	2	43	0	4	0	22	1	0	3	3	2	4	22
4	4000016	493437	23	11	1	18	2	1	0	14	2	1	0	1	1	5	15
4	4500141	493837	25	18	1	22	0	2	0	10	1	0	0	1	1	1	28
4	5000093	493685	23	4	0	4	1	0	0	4	0	3	0	0	0	1	3
4	5500049	493693	18	3	0	4	0	0	0	5	0	0	0	0	0	1	3
4	6000046	493167	12	6	0	7	2	0	0	11	0	4	0	2	0	3	7
4	6500002	492685	41	21	2	19	1	0	0	13	2	1	2	0	0	5	20
4	7000129	493240	9	12	0	12	2	1	1	2	1	0	0	1	0	0	9
4	7500060	493383	6	3	1	6	0	0	0	1	0	0	1	0	2	2	4
4	8000016	493036	55	13	0	12	1	1	0	13	0	1	1	1	0	1	5
4	8500081	493642	1	2	0	4	0	0	0	1	1	0	0	0	0	2	3
4	9000101	492846	21	11	1	6	1	0	0	14	2	4	0	1	0	2	8
4	9500030	493155	7	7	0	1	0	0	0	1	1	0	0	0	0	0	4
4	10000017	493600	16	6	0	7	0	1	0	3	0	0	0	0	1	1	9
4	10500026	493354	46	14	1	22	1	0	0	12	2	3	0	1	0	0	11
4	11000022	494238	18	37	0	28	2	0	0	11	0	2	0	1	1	2	12
4	11500143	494145	24	12	0	11	1	0	0	3	0	0	0	0	2	0	12
4	12000004	493388	12	9	0	5	0	1	0	6	0	2	0	0	0	1	8
4	12500021	493029	27	0	1	1	1	0	1	0	0	1	0	1	1	0	5
4	13000160	493050	19	12	2	7	1	0	2	6	0	0	0	0	1	0	12
4	13500010	493374	3	1	0	0	1	0	0	0	0	1	0	0	0	0	2
4	14000010	493801	2	1	2	0	0	0	0	8	0	0	0	0	0	1	0
4	14500002	493460	2	0	0	0	0	0	0	0	0	1	0	0	0	0	0
4	15000011	493151	7	7	0	3	0	0	1	4	0	0	0	0	0	0	3
4	15500050	493463	15	10	0	6	1	0	1	3	0	2	0	0	1	0	7
4	16000010	492484	17	9	1	20	0	0	0	9	0	0	0	0	0	0	9
4	16500254	493051	36	24	1	10	1	2	1	17	0	1	1	2	1	2	26
4	17000397	492546	19	11	0	10	2	2	0	6	0	0	0	0	0	2	10
4	17500054	492717	33	20	0	30	2	4	0	24	1	1	0	1	1	3	27
4	18000284	493056	30	28	3	25	2	1	0	14	0	1	2	0	0	2	24
4	18500076	493656	22	24	2	22	0	0	1	6	2	0	2	1	0	1	15
4	19000022	493761	29	23	3	13	0	2	1	12	0	1	0	2	0	1	13
4	19500034	493136	20	9	0	3	1	1	0	7	0	2	2	0	2	1	8
4	20000002	492460	32	9	0	12	0	0	1	4	0	0	0	0	0	5	25
4	20500203	493066	35	8	1	12	0	0	0	6	0	0	1	1	2	0	12
4	21000204	491814	0	1	0	1	0	0	0	1	0	0	1	0	0	0	2
4	21500012	492215	14	8	0	4	0	0	0	0	0	0	0	0	2	0	4
4	22000134	491859	5	0	0	1	0	0	0	0	1	1	0	0	0	0	0
4	22500150	491968	22	1	0	2	0	0	0	0	0	0	0	0	3	1	8
4	23000061	492765	7	3	0	0	0	0	0	0	0	0	0	0	0	0	3
4	23500003	494277	29	9	0	4	0	0	0	10	0	0	0	0	0	0	5
4	24000009	493752	23	1	0	6	1	1	0	1	0	0	0	1	0	0	0
4	24500147	493883	31	23	1	13	0	1	0	14	0	0	2	0	2	2	13
4	25000099	493838	21	8	0	9	0	0	0	4	0	0	0	2	0	0	9
4	25500155	493456	27	2	1	2	0	0	0	3	0	0	0	0	0	0	9
4	26000215	493377	19	4	0	4	0	0	0	2	1	1	0	2	0	1	9
4	26500085	493286	17	1	0	2	0	1	0	2	0	0	0	0	0	0	2
4	27000027	493561	10	7	0	10	0	0	0	2	1	1	0	0	0	0	14
4	27500107	493213	3	2	0	3	0	0	1	3	0	0	0	0	0	0	2
4	28000019	493010	18	8	0	6	0	1	0	1	0	0	1	0	0	0	0
4	28500042	492431	1	2	0	1	0	0	0	1	2	0	0	1	0	0	3
4	29000055	492107	4	1	0	2	0	0	0	0	0	0	0	0	0	0	1
4	29500143	492227	9	3	0	6	1	0	0	8	0	0	0	1	0	1	4
4	30000065	491728	21	11	1	20	3	1	2	2	4	3	3	3	0	1	13
4	30500024	493474	21	11	1	13	0	0	0	8	0	1	2	2	0	1	12
4	31000001	492778	34	21	0	23	0	0	3	14	1	1	1	3	0	1	20
4	31500053	492976	33	14	0	8	0	1	0	5	0	0	0	0	1	0	4
4	32000054	493125	13	3	0	0	0	0	0	0	0	0	0	0	0	1	5
4	32500165	492052	10	6	1	5	0	0	1	6	1	0	0	0	2	0	4
4	33000000	492686	43	21	2	26	2	2	2	14	0	2	0	2	2	2	33
4	33500057	492083	15	2	0	2	0	0	0	5	1	0	0	2	0	0	6
4	34000135	491319	6	4	1	4	1	0	0	4	0	0	0	0	0	0	0
4	34500059	492045	15	2	0	0	0	0	0	2	0	0	0	0	0	1	3
4	35000021	492309	12	2	0	4	0	0	0	8	0	1	0	0	0	0	2
4	35500016	491623	39	46	5	43	5	0	0	27	1	1	0	0	3	2	28
4	36000052	492910	20	4	0	6	0	0	0	2	0	0	0	0	0	0	6
4	36500016	492738	33	6	1	8	0	0	1	7	0	0	1	1	0	1	11
4	37000088	492979	21	16	0	12	1	1	0	3	1	0	1	0	0	0	5
4	37500066	493000	2	1	0	1	0	0	0	0	0	0	0	0	0	0	1
4	38000011	492119	20	12	1	12	0	0	1	4	1	1	0	0	1	0	3
4	38500026	492189	8	14	1	16	1	3	0	9	0	2	0	1	3	0	15
4	39000133	493588	32	3	0	9	0	0	2	7	0	1	0	0	0	0	6
4	39500045	493052	12	2	0	3	0	0	0	1	0	0	0	0	1	0	4
4	40000081	492869	3	2	0	0	0	0	0	4	0	0	0	0	0	1	5
4	40500033	493191	18	2	0	10	0	0	0	3	1	0	1	1	0	1	1
4	41000006	494013	2	1	0	3	0	0	0	0	0	0	2	0	0	0	6
4	41500054	493778	1	4	0	2	0	0	0	1	0	0	0	0	0	0	2
4	42000153	493091	10	2	0	4	0	0	0	1	0	0	0	0	0	0	1
4	42500006	493139	23	27	1	23	3	1	0	24	3	1	1	0	0	1	22
4	43000018	493351	3	3	0	2	0	0	0	0	0	0	0	0	0	0	0
4	43500056	492629	7	11	1	12	1	1	0	10	0	0	1	1	1	0	10
4	44000104	493598	4	0	0	2	0	0	0	0	0	0	0	0	0	0	1
4	44500006	493414	1	0	0	2	0	0	0	1	0	0	0	0	0	0	0
4	45000117	493467	15	6	1	10	0	0	0	4	0	0	0	0	0	0	10
4	45500078	492565	26	14	0	27	3	2	0	19	1	1	1	3	1	1	31
4	46000023	492415	41	42	1	21	2	4	0	18	1	1	1	2	0	2	35
4	46500091	492902	26	19	1	16	1	2	1	16	2	3	0	1	1	1	16
4	47000095	493328	33	19	1	11	1	1	1	5	1	1	0	0	1	2	7
4	47500000	492935	38	26	0	30	1	1	0	10	1	1	2	1	1	1	12
4	48000019	493271	15	3	1	3	0	0	0	5	0	2	0	0	2	0	1
4	48500129	493097	27	24	1	21	1	0	3	18	2	2	2	3	2	1	20
4	49000045	492705	50	21	0	26	4	0	2	19	4	2	0	0	3	5	29
4	49500021	493122	19	16	0	6	1	0	0	6	0	0	0	0	2	0	10
4	50000080	492945	30	18	1	16	1	3	1	11	2	0	1	1	0	1	9
4	50500079	493208	1	0	0	0	0	0	0	0	1	1	1	0	0	0	6
4	51000305	493278	4	0	0	1	0	0	0	0	1	0	0	0	0	2	1
4	51500068	493176	6	5	0	3	0	0	0	0	1	1	0	1	0	0	2
4	52000128	493750	6	1	0	0	1	1	0	3	1	0	0	0	0	0	1
4	52500001	493120	15	3	1	4	1	0	0	1	0	0	0	0	0	0	1
4	53000177	493603	5	3	0	1	1	0	0	1	0	0	1	0	1	1	7
4	53500022	492661	20	33	0	26	1	1	1	29	1	0	1	0	0	2	23
4	54000007	492618	6	5	0	4	1	0	0	2	0	0	1	1	1	0	4
4	54500133	492883	29	17	0	21	0	0	1	24	0	4	1	1	1	2	12
4	55000133	492223	44	21	1	28	1	3	0	17	2	1	1	0	0	3	22
4	55500008	492797	11	3	0	0	0	0	0	0	0	0	1	0	0	2	6
4	56000019	492743	21	9	0	7	0	1	0	0	0	2	1	0	0	2	4
4	56500394	493275	13	1	1	5	1	0	1	4	0	0	0	0	0	1	4
4	57000183	492954	19	9	0	21	1	0	1	9	1	4	1	1	0	1	14
4	57500066	492299	25	16	1	29	0	1	0	14	0	0	0	1	1	4	17
4	58000023	492180	26	14	1	26	5	0	0	13	0	1	0	0	0	1	15
4	58500161	492503	5	2	0	1	0	0	0	1	0	0	0	0	0	0	4
4	59000031	492562	12	1	0	1	0	0	0	0	0	0	0	1	0	0	0
4	59500003	492471	12	3	0	6	0	0	0	0	0	0	0	0	0	0	8
4	60000049	492456	2	2	0	0	0	0	0	0	0	0	0	0	0	0	0
4	60500046	492952	15	7	0	10	0	0	0	0	0	0	0	0	0	0	3
4	61000161	492760	53	5	1	5	0	0	1	3	2	1	0	0	0	2	11
4	61500000	493969	10	1	0	1	0	2	1	6	0	0	0	0	0	2	3
4	62000008	493523	29	21	2	7	2	0	1	8	0	0	0	0	1	0	16
4	62500000	492977	19	12	1	17	0	0	2	10	1	0	0	0	0	0	9
4	63000122	493057	28	21	0	16	0	1	1	5	0	1	1	2	1	0	18
4	63500269	493028	21	7	0	12	0	0	0	8	3	0	0	0	1	0	9
4	64000070	492923	17	4	0	4	0	1	0	4	0	0	1	0	1	1	4
4	64500106	493558	15	0	0	0	1	0	0	0	1	0	0	0	0	0	4
4	65000230	493568	22	18	1	15	3	1	1	9	1	3	1	0	1	1	10
4	65500014	493024	27	10	0	21	0	1	0	15	2	0	1	2	0	1	25
4	66000004	493224	17	8	0	11	1	0	0	3	0	0	2	0	0	0	5
4	66500193	492681	28	22	0	14	2	0	2	10	2	0	1	0	0	0	13
4	67000010	491905	25	11	0	17	1	0	0	5	1	0	0	2	1	1	6
4	67500454	493557	12	13	2	8	0	0	0	8	1	0	0	0	2	1	10
4	68000052	492711	53	41	1	21	0	2	0	37	1	2	0	3	2	1	46
4	68500135	493077	10	25	1	19	0	0	0	6	1	2	0	0	0	0	13
4	69000006	492968	10	9	0	6	0	0	0	3	1	0	0	0	0	1	11
4	69500110	493703	15	5	0	1	0	0	1	2	0	0	1	1	1	0	8
4	70000089	493686	33	7	0	11	0	0	0	8	0	0	0	2	0	0	7
4	70500024	492695	20	11	1	9	1	1	0	3	0	0	0	0	3	1	19
4	71000032	493131	26	10	0	7	0	2	0	8	1	0	0	0	0	0	21
4	71500015	493146	23	22	0	17	2	0	0	5	1	0	2	0	0	1	13
4	72000145	494166	0	1	0	2	0	0	0	0	0	0	1	0	0	0	0
4	72500119	493069	11	3	2	6	0	0	0	0	0	0	1	0	0	1	9
4	73000154	492330	29	4	0	6	2	0	0	7	0	2	0	1	0	1	7
4	73500158	492849	13	5	0	12	0	0	0	7	0	0	1	2	0	2	5
4	74000129	492498	20	8	0	4	0	0	1	8	0	0	0	0	0	1	5
4	74500003	492969	20	8	0	12	0	2	1	6	0	0	0	0	0	0	10
4	75000028	493210	19	5	0	9	1	3	0	0	0	0	0	0	1	0	10
4	75500013	492564	34	10	0	2	0	0	0	4	0	2	1	0	0	0	16
4	76000053	493506	23	3	1	6	0	2	3	3	0	1	1	0	0	1	10
4	76500173	493214	9	0	1	3	0	0	0	0	0	1	0	1	1	0	2
4	77000043	492794	12	3	1	9	1	0	0	1	0	0	3	1	0	1	4
4	77500158	492560	7	5	0	2	0	0	0	2	0	1	0	0	0	0	3
4	78000022	492052	19	10	0	5	2	0	0	10	2	0	0	0	3	1	7
4	78500019	492209	13	1	0	1	0	0	0	0	0	0	0	0	0	0	0
4	79000008	491943	10	14	0	14	3	2	2	6	1	1	0	0	1	1	6
4	79500095	492776	8	3	0	8	1	0	0	2	0	0	0	0	0	1	9
4	80000097	492551	33	39	0	27	0	4	0	23	0	0	0	3	1	2	36
4	80500055	492075	19	6	1	4	1	0	0	3	0	1	0	0	0	0	6
4	81000071	492545	5	3	0	6	0	0	0	4	0	1	0	1	0	0	1
4	81500107	492079	6	7	0	6	0	0	0	2	0	1	0	0	0	0	5
4	82000078	491876	7	9	0	8	0	0	1	9	0	1	0	0	0	0	3
4	82500016	491916	16	2	0	0	1	0	0	0	0	0	0	0	0	0	0
4	83000002	492100	14	0	0	1	0	0	0	0	0	0	0	0	0	0	2
4	83500065	491628	10	5	0	7	0	0	0	2	1	1	0	0	1	0	5
4	84000151	491492	11	7	1	5	0	1	0	6	1	1	3	0	1	2	5
4	84500004	491516	26	10	0	13	1	1	0	10	1	0	1	2	0	4	5
4	85000007	491175	28	5	0	3	1	1	1	2	0	1	4	1	0	1	12
4	85500080	491581	15	6	0	3	0	0	0	1	2	0	1	1	0	0	7
4	86000215	491930	7	4	0	2	0	1	0	2	0	0	0	0	1	0	2
4	86500005	491621	1	4	1	0	0	0	0	1	0	1	0	0	0	0	3
4	87000026	491503	11	2	0	1	0	0	0	0	0	0	0	0	0	0	2
4	87500066	491676	10	4	0	4	0	2	0	0	0	0	0	2	0	1	5
4	88000130	491011	12	9	1	3	0	0	0	6	1	6	0	0	0	1	3
4	88276594	271757	8	2	1	0	1	0	0	0	0	0	0	0	1	0	0
