5	500113	491795	79	40	2	46	0	8	2	30	4	3	6	3	2	6	41
5	1000012	492869	13	3	0	4	0	0	0	1	0	0	0	0	0	1	3
5	1500150	493422	0	0	0	1	0	0	0	0	0	0	0	0	0	1	0
5	2000010	493907	0	0	0	0	0	0	0	0	0	0	0	0	0	0	0
5	2500073	493095	15	0	0	0	0	0	0	1	0	0	0	0	0	0	0
5	3000006	492970	16	0	1	0	0	0	1	0	0	0	0	0	0	1	0
5	3500011	492992	5	3	0	6	0	1	0	5	0	0	0	1	0	0	5
5	4000354	493596	3	3	0	2	0	0	0	0	0	0	0	0	0	0	1
5	4500042	493523	19	2	0	4	0	0	1	2	0	1	0	0	0	2	4
5	5000319	493901	44	7	0	2	1	0	0	4	0	2	0	0	0	1	9
5	5500174	492552	30	2	0	3	1	0	0	4	1	1	0	0	0	1	9
5	6000076	493117	13	6	0	3	0	5	1	3	1	0	0	0	0	0	3
5	6500009	493026	12	5	0	1	0	1	0	4	0	1	1	0	0	0	4
5	7000048	492499	23	13	0	16	0	0	0	22	0	1	0	1	0	1	20
5	7500160	493024	12	4	0	5	0	0	0	1	2	0	0	0	0	0	4
5	8000076	492262	6	2	0	0	1	0	0	0	0	0	0	0	0	0	0
5	8500011	491893	33	10	1	1	2	1	0	3	0	2	0	2	0	0	6
5	9000077	491567	38	16	0	17	0	2	0	3	0	1	3	1	0	3	12
5	9500161	493114	0	1	0	0	0	0	0	0	0	0	0	0	0	0	0
5	10000021	493189	12	5	0	2	0	0	0	3	2	1	1	1	0	1	2
5	10500018	492052	12	6	0	5	0	0	0	0	1	0	1	0	0	0	2
5	11000026	492506	8	4	0	3	0	0	0	0	0	0	0	0	0	0	1
5	11500071	492529	22	3	0	4	3	0	0	2	0	0	1	1	1	1	10
5	12000266	493257	25	4	0	4	1	0	0	0	0	0	0	0	0	0	5
5	12500113	494127	3	1	0	0	0	0	0	0	1	0	0	0	0	0	0
5	13000057	492260	10	9	0	3	0	0	1	4	0	0	0	0	1	0	3
5	13501150	493380	6	0	0	0	0	0	0	0	0	0	0	0	0	0	1
5	14000076	492021	8	7	1	6	0	2	0	0	0	0	0	1	0	0	8
5	14500241	492796	5	0	0	0	0	0	0	0	0	0	0	0	0	2	1
5	15000010	493084	17	6	0	3	0	0	0	2	0	0	0	0	0	0	0
5	15500014	493084	6	1	0	3	0	0	1	0	0	1	0	2	0	0	4
5	16000079	492335	7	7	0	1	0	0	0	1	0	0	0	0	0	0	1
5	16500097	492637	14	14	0	8	0	1	0	11	0	0	2	1	0	0	11
5	17000011	492956	15	14	0	25	0	0	1	10	0	0	0	0	0	0	8
5	17500106	492421	2	1	1	0	0	1	0	0	0	0	0	0	0	0	1
5	18000040	492813	4	0	0	0	0	0	0	0	0	0	0	0	0	0	0
5	18500072	492729	0	0	0	0	0	0	0	0	0	0	0	0	0	0	1
5	19000025	493144	27	7	0	4	0	0	0	2	0	0	0	0	1	0	4
5	19500073	492714	14	3	0	2	2	0	0	4	0	0	1	2	1	0	5
5	20000058	492145	27	12	1	5	0	0	0	3	0	2	0	0	1	0	8
5	20500085	492904	7	7	3	10	0	0	0	1	0	0	0	0	1	1	8
5	21000186	492754	44	25	0	22	1	2	0	23	1	1	0	2	0	6	32
5	21500016	493675	9	1	0	2	0	0	0	1	0	1	0	0	0	0	1
5	22000033	493122	20	26	2	23	0	1	2	10	1	1	0	0	0	1	15
5	22500046	492734	29	9	2	14	2	0	0	9	0	1	0	0	0	2	15
5	23000022	493157	45	14	0	16	0	4	2	7	0	0	0	0	2	0	9
5	23500096	492984	33	16	0	11	0	0	1	8	0	0	0	1	0	1	10
5	24000040	493413	20	11	0	14	0	0	0	9	1	0	0	1	0	3	7
5	24500134	493070	23	7	0	10	1	1	0	3	1	1	0	0	1	0	10
5	25000007	492819	60	18	0	17	2	0	1	13	0	0	0	0	0	0	8
5	25500151	493479	19	25	1	27	2	1	1	11	1	1	0	1	2	3	16
5	26000023	492466	48	36	1	40	1	3	1	28	2	3	1	4	1	1	36
5	26500220	492764	41	23	0	21	4	0	2	24	1	2	1	0	1	2	17
5	27000006	491829	21	6	2	10	0	0	0	6	0	1	0	1	0	1	11
5	27500016	492196	20	16	0	13	3	0	0	10	1	0	1	2	2	1	17
5	28000176	492501	51	18	0	14	2	1	0	12	1	1	2	1	1	5	14
5	28500054	491532	52	31	4	28	2	1	0	35	2	2	1	6	4	5	35
5	29000075	493031	36	17	0	24	1	0	0	16	0	2	1	0	0	2	19
5	29500005	492368	14	5	0	5	1	0	0	1	0	1	0	0	0	1	6
5	30000039	491538	80	30	2	47	4	3	1	22	1	3	3	3	3	0	34
5	30500016	490500	20	7	0	15	0	0	1	4	1	1	1	1	0	3	7
5	31000004	491799	20	16	0	14	0	0	0	4	0	1	1	3	1	1	13
5	31500365	491885	21	15	0	11	0	0	0	17	0	0	1	0	0	2	20
5	32000013	492506	23	7	1	7	0	0	0	3	0	0	0	1	0	0	9
5	32500073	493624	8	6	0	6	0	0	0	1	0	0	0	0	0	1	0
5	33000028	493106	22	5	0	0	1	0	0	3	0	0	0	1	0	0	5
5	33500192	492733	7	1	0	4	0	0	1	2	1	0	0	0	0	0	1
5	34000014	492556	7	7	0	2	0	0	2	1	0	0	0	0	1	0	3
5	34500041	492187	19	2	0	5	0	0	0	8	1	0	0	0	1	0	3
5	35000238	492740	10	2	0	3	0	1	0	3	0	0	1	0	0	0	2
5	35500155	491844	15	1	0	1	0	0	1	5	0	0	1	1	0	0	3
5	36000067	492397	13	9	0	7	0	0	0	6	0	2	0	0	0	1	7
5	36500013	492685	11	16	0	8	1	2	0	8	0	2	1	0	0	1	5
5	37000057	493006	29	8	0	10	2	0	0	2	0	0	0	0	0	0	3
5	37500008	492614	20	8	0	5	0	0	0	3	0	0	0	0	0	0	7
5	38000004	492602	25	5	3	2	0	0	0	2	0	0	0	0	0	1	9
5	38500077	492554	15	7	0	7	0	0	0	5	0	0	0	1	0	1	5
5	39000102	492674	10	1	0	0	0	0	0	2	0	0	0	0	0	0	4
5	39500178	492692	15	0	0	6	0	0	0	3	1	0	0	0	0	0	5
5	40000066	493317	9	5	0	3	0	1	0	1	0	0	0	0	1	2	9
5	40500084	493246	8	4	0	2	0	0	1	2	0	0	0	0	0	0	5
5	41000210	492276	46	17	1	18	0	3	0	8	1	2	1	0	0	0	16
5	41500214	492836	13	5	0	2	0	0	0	1	0	0	0	0	0	0	2
5	42000086	492797	27	5	0	3	2	0	0	2	0	1	0	0	0	0	13
5	42500083	492770	7	3	0	1	1	0	0	2	0	0	0	0	0	0	8
5	43000183	492255	14	8	0	1	1	0	1	5	0	0	0	0	0	2	4
5	43500039	492418	44	15	0	19	3	0	1	15	1	1	3	1	1	1	19
5	44000108	493351	6	1	1	3	0	0	0	0	0	0	1	0	0	0	2
5	44500006	493027	30	4	0	2	0	0	1	1	0	0	0	0	0	0	8
5	45000063	492810	6	10	0	7	1	2	2	7	0	0	0	0	0	0	8
5	45501009	493497	14	8	0	6	2	0	2	14	1	1	0	0	0	0	10
5	46000111	492999	18	8	1	12	2	0	0	3	1	0	0	0	0	1	13
5	46500000	493370	17	10	0	9	0	0	0	11	1	0	0	1	0	0	6
5	47000239	493928	23	4	0	6	0	0	0	2	0	2	0	0	0	1	10
5	47500000	493444	27	10	0	21	1	3	0	3	1	0	2	0	0	0	3
5	48000177	493383	20	1	0	4	1	0	0	1	0	0	0	0	0	0	4
5	48500242	493323	21	0	0	6	0	0	0	0	0	0	0	0	0	0	2
5	49000018	493942	17	8	0	5	0	0	0	1	0	0	0	1	0	2	9
5	49500112	493456	24	6	0	11	1	0	0	4	0	0	1	0	0	1	7
5	50000166	492993	10	9	1	1	0	0	0	0	0	0	1	3	0	2	4
5	50500002	492663	11	4	0	9	0	1	0	7	0	0	0	0	0	0	7
5	51000047	493058	13	2	1	17	0	2	1	2	0	1	4	0	0	2	6
5	51500146	493593	17	5	0	5	2	2	1	5	0	0	0	0	0	0	3
5	52000001	492827	17	5	1	5	0	2	0	5	0	0	0	0	2	0	10
5	52500559	493796	15	1	0	2	0	0	0	1	0	3	0	1	2	0	1
5	53000041	492370	17	3	1	9	0	0	1	2	0	0	0	1	0	0	2
5	53500055	492834	13	6	1	7	0	0	0	6	0	0	0	0	0	2	5
5	54000061	492259	10	7	0	5	0	0	0	4	1	0	0	0	0	0	4
5	54500005	492217	14	4	2	1	0	0	0	3	0	0	0	0	0	1	6
5	55000050	492764	5	0	0	2	0	0	0	1	0	0	0	2	0	0	4
5	55500031	492492	6	1	0	5	1	0	1	0	1	2	1	0	0	2	2
5	56000024	493148	20	4	0	0	1	0	0	0	0	0	0	1	1	2	8
5	56500100	493473	5	1	0	1	0	0	0	1	0	0	0	0	0	1	4
5	57000089	493556	23	1	0	3	0	0	0	0	0	0	0	0	0	0	1
5	57500105	493238	9	6	0	1	0	0	0	1	0	0	0	0	0	2	2
5	58000077	492335	0	0	0	0	0	0	0	0	0	0	0	0	0	0	0
5	58500088	491959	11	1	0	4	0	2	0	0	0	0	0	0	0	0	0
5	59000027	491751	9	1	0	0	2	0	0	0	0	0	0	0	0	0	2
5	59500222	492834	9	3	0	7	0	3	0	0	0	0	3	0	1	3	6
5	60000014	492290	17	4	1	5	1	0	0	1	1	2	0	0	0	1	4
5	60500091	493652	4	2	0	6	0	0	0	1	0	0	0	1	0	0	3
5	61000082	493288	17	7	0	2	0	0	1	1	0	0	0	0	1	1	8
5	61500037	492569	4	2	0	3	0	2	0	1	0	0	0	0	0	1	2
5	62000021	493366	8	3	0	3	0	0	0	2	1	0	0	0	0	0	10
5	62500068	493301	20	2	0	6	0	0	0	3	1	2	0	0	0	0	9
5	63000010	492961	18	15	0	3	1	1	0	6	0	0	0	0	0	0	5
5	63500159	493574	33	10	0	8	0	0	1	2	0	0	2	0	1	1	10
5	64000138	492664	43	9	0	9	0	0	1	2	0	0	0	2	0	0	1
5	64500097	492877	7	4	0	8	0	0	0	4	1	0	2	0	1	2	6
5	65000022	492261	3	1	0	0	0	0	0	0	0	0	0	0	0	0	1
5	65500049	491814	16	8	1	3	0	0	0	5	0	0	0	1	0	0	8
5	66000037	493032	6	2	1	3	0	1	0	5	0	0	1	0	0	2	8
5	66500065	492218	19	1	0	1	1	0	0	0	0	0	0	1	0	1	4
5	67000323	492352	1	2	1	2	0	0	0	0	0	0	0	0	0	0	2
5	67500119	491882	10	1	0	0	0	0	0	1	1	0	1	0	1	0	1
5	68000003	492321	11	2	0	0	1	1	0	6	1	0	0	1	0	0	1
5	68500063	491691	4	1	1	3	0	0	0	1	0	0	0	0	0	0	4
5	69000331	492730	9	0	0	4	0	1	0	0	0	0	0	0	0	0	3
5	69500013	492753	12	2	0	1	0	0	0	4	1	0	1	0	0	0	2
5	70000109	493186	18	6	0	18	0	0	1	6	0	1	0	2	1	0	17
5	70500051	492247	6	1	0	1	0	1	0	1	0	0	0	0	0	1	1
5	71000022	493316	4	4	0	7	0	1	0	2	1	0	0	0	0	0	2
5	71500004	493180	13	6	0	1	1	0	0	2	0	0	0	0	0	0	4
5	72000085	493160	3	5	1	3	0	0	0	3	3	0	1	0	0	0	5
5	72500258	492771	12	1	0	0	0	0	0	4	1	0	0	2	1	1	0
5	73000063	492916	10	0	0	1	1	0	0	0	0	1	0	0	0	1	0
5	73500031	492908	4	2	0	0	0	0	0	0	0	0	0	0	0	0	0
5	74000005	492844	11	6	0	3	0	0	0	1	0	0	0	0	0	0	3
5	74500056	492643	34	6	1	15	3	0	0	9	0	1	0	0	0	0	13
5	75000016	493351	23	21	4	18	1	0	1	12	0	2	1	0	0	0	13
5	75500006	492821	26	10	1	7	1	4	0	1	0	1	0	0	0	5	9
5	76000045	492597	45	6	0	8	0	0	2	8	0	1	0	0	0	0	12
5	76500158	493322	17	12	0	4	0	0	0	0	1	0	0	0	2	1	8
5	77000040	492800	29	3	1	4	1	0	0	0	0	0	0	1	2	0	3
5	77500164	493609	12	3	0	5	0	0	0	8	0	1	0	0	0	0	4
5	78000077	493190	8	4	0	6	1	0	1	1	0	0	1	1	0	0	3
5	78500001	491755	52	10	1	25	2	1	3	19	2	2	0	1	2	3	23
5	79000056	493600	13	0	0	1	0	0	0	0	0	0	0	0	0	0	2
5	79500139	493198	17	8	0	11	0	0	1	6	0	0	0	0	0	0	5
5	80000015	493424	3	3	0	2	0	0	0	6	0	0	0	0	0	1	2
5	80500060	492944	36	14	1	8	2	0	2	3	0	0	0	0	1	0	13
5	81000002	492569	24	18	1	14	1	0	0	4	0	0	0	0	2	1	7
5	81500048	492843	18	11	1	12	0	1	0	11	1	0	2	0	2	0	15
5	82000167	493178	11	4	1	2	1	1	0	3	0	1	0	0	0	0	3
5	82500047	493270	32	10	0	2	0	1	1	2	0	0	0	0	1	0	6
5	83000098	492282	28	4	1	6	1	2	0	2	1	0	2	2	0	0	12
5	83500043	490598	13	1	1	2	0	1	0	1	0	0	0	1	2	0	5
5	84000170	492648	10	6	0	2	0	0	0	2	0	0	0	0	0	1	1
5	84500081	491802	6	2	0	0	0	0	0	0	0	0	0	0	0	0	0
5	85000037	491831	23	19	2	14	0	1	1	11	0	1	4	1	1	2	14
5	85500051	491212	17	9	0	4	0	0	0	6	0	0	0	1	1	1	5
5	86000028	491533	2	2	0	3	1	0	0	5	2	1	0	0	0	1	2
5	86500000	490803	24	19	0	4	0	0	1	6	2	1	1	1	0	0	14
5	87000108	491484	10	6	1	3	0	0	0	1	0	0	1	0	0	1	2
5	87500004	491607	21	6	0	3	1	2	0	2	2	0	0	0	5	1	7
5	88000000	490985	13	1	0	1	0	0	0	1	0	0	0	0	0	0	4
5	88500015	490610	22	2	1	5	1	3	5	4	0	0	0	0	1	1	6
5	88915130	408577	41	13	0	11	1	0	0	4	1	0	0	0	0	0	5
