8	500018	489179	114	116	8	102	3	7	4	67	6	9	7	5	7	13	94
8	1000094	490747	124	66	3	38	2	9	2	28	4	1	5	5	2	7	76
8	1500011	493038	14	7	0	9	3	0	2	6	0	0	0	0	0	2	10
8	2000012	492904	19	6	0	6	1	0	0	1	0	1	0	0	0	1	10
8	2500017	489565	35	27	2	29	0	2	3	18	1	2	1	0	1	2	23
8	3000076	491671	52	34	2	32	1	3	0	20	3	0	3	1	1	1	37
8	3500073	492801	8	11	0	10	1	0	0	2	1	1	0	0	1	2	10
8	4000021	493357	14	6	0	5	1	0	1	1	0	0	0	0	0	0	0
8	4500109	492699	19	20	0	18	1	0	1	11	1	4	2	0	0	1	17
8	5000162	492731	5	3	0	3	0	0	0	0	0	0	0	0	0	0	5
8	5500021	493099	17	7	0	9	0	0	0	6	1	0	0	1	1	1	4
8	6000072	493394	17	17	0	32	1	0	5	19	4	1	0	0	0	2	13
8	6500020	493739	23	14	1	13	2	0	1	11	0	0	1	3	1	0	22
8	7000107	493444	30	8	1	4	1	0	0	3	0	1	0	1	0	2	5
8	7500266	493629	25	17	0	15	0	1	0	10	0	1	1	1	0	1	12
8	8000034	492528	35	31	2	23	1	0	0	21	0	2	0	0	0	0	20
8	8500119	492585	60	50	1	33	2	2	1	25	1	2	1	2	1	2	39
8	9000032	493369	14	5	1	8	1	0	0	9	1	1	0	0	0	1	11
8	9500123	493407	12	9	0	7	0	0	0	4	2	0	4	0	1	2	6
8	10000057	494029	7	15	1	3	0	0	0	1	0	0	0	0	3	0	3
8	10500028	493216	25	16	1	9	0	2	0	4	0	0	1	0	2	0	11
8	11000320	494079	23	21	1	20	0	5	0	11	1	2	0	3	0	2	10
8	11500000	492791	39	13	1	12	0	0	1	7	0	2	1	2	0	1	15
8	12000013	493756	14	0	0	1	0	0	0	1	1	1	0	0	0	1	1
8	12500166	494003	17	12	1	6	0	1	0	6	0	1	1	0	0	1	7
8	13000008	493477	16	0	0	0	0	0	0	0	0	0	0	2	0	0	0
8	13500140	492835	27	9	0	6	1	1	0	6	0	3	0	0	0	1	6
8	14000143	493616	14	4	0	4	0	0	0	3	0	0	0	0	0	0	7
8	14500082	493628	15	3	0	0	0	0	0	1	0	0	0	0	0	1	4
8	15000032	493589	5	9	0	5	0	0	0	2	0	0	0	0	0	0	5
8	15500146	494058	5	5	0	9	0	0	0	5	0	1	0	1	1	0	2
8	16000426	493471	42	20	1	20	0	1	0	21	1	4	1	0	3	1	39
8	16500042	492974	13	3	0	2	0	0	0	1	0	0	0	0	0	0	3
8	17000106	492809	25	20	0	26	8	0	1	12	2	0	1	0	2	0	13
8	17500019	492706	19	14	0	14	0	1	3	8	0	0	0	1	2	2	3
8	18000122	493319	27	19	1	26	2	2	3	16	0	1	1	1	0	2	19
8	18500025	492447	45	13	2	17	3	1	0	17	0	2	1	0	0	2	12
8	19000077	492811	19	10	0	14	0	0	0	5	2	1	0	0	0	0	9
8	19500110	492542	36	13	1	18	1	1	1	8	0	3	0	2	1	0	17
8	20000166	492543	27	16	0	18	0	1	1	9	2	0	1	2	3	1	19
8	20500154	492064	28	12	0	8	0	1	1	8	0	0	1	0	1	0	16
8	21000051	491541	58	47	2	46	2	0	0	20	0	1	1	0	1	3	30
8	21500173	492640	40	22	2	18	2	2	1	23	0	2	6	4	4	2	23
8	22000015	492099	18	20	0	21	0	3	0	12	1	0	2	3	0	3	13
8	22500208	493446	52	30	1	13	1	0	2	11	3	0	0	1	0	1	12
8	23000142	492483	30	30	1	28	0	1	5	32	1	3	0	1	0	1	26
8	23500095	492694	20	13	0	8	2	0	1	3	0	2	1	2	2	6	24
8	24000216	492779	24	17	0	15	0	1	0	13	1	2	0	3	0	1	8
8	24500008	492481	37	18	2	20	1	0	0	5	1	2	0	1	1	2	8
8	25000034	492811	19	10	1	14	1	0	1	7	1	0	0	0	0	1	9
8	25500004	492636	21	25	2	27	0	2	0	20	1	1	0	1	1	0	31
8	26000000	492847	36	12	0	15	2	0	0	9	1	0	1	0	1	0	11
8	26500080	492993	24	16	0	9	0	1	1	6	1	0	0	1	2	3	12
8	27000011	493925	17	3	0	4	0	1	0	3	0	0	1	2	1	1	2
8	27500219	493816	10	2	0	4	0	0	0	1	1	0	2	0	1	2	4
8	28000039	493347	30	14	0	9	0	0	0	7	2	1	1	1	1	1	6
8	28500035	492565	42	12	2	12	0	0	0	2	1	3	4	1	0	4	11
8	29000160	493039	32	21	0	21	1	5	0	11	0	3	0	3	1	1	42
8	29500150	493176	26	11	1	7	1	0	1	10	1	1	0	1	0	0	9
8	30000030	493869	25	23	0	17	1	0	0	11	2	4	0	4	0	1	17
8	30500063	493648	18	2	0	1	0	0	0	0	0	0	0	0	0	0	4
8	31000135	492987	19	4	1	0	0	1	0	0	0	0	0	0	0	0	5
8	31500135	493066	17	5	1	9	1	0	0	5	0	0	2	3	1	0	14
8	32000006	493829	24	15	0	17	0	1	0	4	1	0	1	0	1	0	14
8	32500013	493654	22	6	2	6	4	0	2	5	0	3	1	1	0	2	7
8	33000128	493571	34	7	0	5	1	0	0	3	0	1	0	1	0	1	4
8	33500216	492928	30	17	4	15	0	0	1	17	1	1	2	0	1	0	18
8	34000148	492792	30	19	0	17	1	0	0	5	0	2	1	0	0	0	19
8	34500022	493342	19	8	0	7	0	0	0	3	0	0	0	0	0	0	1
8	35000019	493759	32	3	0	1	0	0	0	5	1	0	0	0	0	0	1
8	35500320	494044	35	12	0	20	3	4	0	14	0	2	0	0	1	3	16
8	36000035	494266	28	22	1	7	0	1	0	4	1	0	1	0	0	2	4
8	36500034	493353	32	23	0	19	0	4	0	18	1	0	0	1	1	0	17
8	37000061	493827	36	17	0	7	3	1	1	6	0	0	0	1	1	2	14
8	37500064	493237	21	12	0	11	0	3	4	11	0	1	1	0	0	1	14
8	38000145	493394	14	10	2	7	0	0	1	5	0	0	0	0	1	0	6
8	38500013	493106	31	11	2	3	0	1	0	5	0	0	0	0	1	1	11
8	39000011	493397	3	6	0	1	0	0	0	2	0	0	0	0	1	1	0
8	39500090	493057	12	4	0	0	1	0	0	2	0	0	0	1	0	0	1
8	40000034	493398	11	5	0	2	1	0	0	2	0	0	0	0	0	2	8
8	40500208	493131	5	2	0	4	0	0	0	0	1	2	1	0	1	0	7
8	41000139	493799	22	13	0	13	0	0	0	10	1	4	1	2	0	1	6
8	41500217	493547	35	20	0	25	0	0	3	10	1	3	0	1	0	1	18
8	42000013	493029	26	9	1	11	1	0	0	11	0	2	4	0	0	1	16
8	42500068	494030	7	1	0	1	0	0	0	1	0	0	0	0	0	0	1
8	43000332	492759	31	4	0	7	1	1	0	0	0	1	0	0	0	0	9
8	43500079	492507	12	1	0	2	0	0	0	1	0	0	0	1	0	0	1
8	44000003	492359	13	10	0	14	0	0	0	7	0	2	0	0	0	1	6
8	44500085	492673	34	11	0	7	2	3	0	1	3	0	0	0	1	1	4
8	45000045	494188	10	1	0	4	1	1	0	1	0	0	3	1	0	1	2
8	45500003	493267	42	11	1	17	2	0	1	16	0	1	0	0	1	1	9
8	46000081	492836	12	8	0	17	0	1	0	12	0	0	1	0	1	0	7
8	46500098	492844	10	5	0	2	0	3	0	1	0	0	0	0	1	2	7
8	47000041	492953	18	4	1	5	0	0	0	0	0	1	0	0	1	3	13
8	47500018	493359	23	1	0	4	0	0	2	0	0	0	0	0	0	0	4
8	48000002	492819	21	11	0	16	0	1	1	3	0	0	0	0	0	0	8
8	48500018	493768	10	5	0	2	0	0	0	1	0	0	0	0	0	2	6
8	49000004	493677	6	5	0	2	0	0	0	1	0	0	0	0	0	0	16
8	49500208	493029	7	5	0	2	0	0	0	1	0	0	0	0	1	1	0
8	50000269	492259	27	9	0	6	0	0	1	0	0	0	1	1	1	0	4
8	50500037	492554	13	3	0	12	0	0	0	3	0	0	0	0	0	1	6
8	51000171	493341	12	6	2	10	0	0	1	6	4	0	0	0	0	0	15
8	51500039	493302	16	10	0	4	0	0	0	1	0	0	1	0	1	0	4
8	52000076	493033	19	2	0	2	0	0	0	0	0	0	0	0	0	0	0
8	52500112	493187	11	5	0	2	0	0	1	1	0	0	3	0	0	0	1
8	53000076	493731	9	3	0	7	0	0	0	4	0	0	0	3	0	0	0
8	53500005	493181	42	27	0	23	1	2	1	19	0	3	0	1	0	1	17
8	54000280	493121	20	3	1	2	0	1	2	5	1	0	0	0	0	0	6
8	54500050	492239	18	7	0	11	0	0	0	3	0	0	0	0	0	0	7
8	55000222	492273	26	6	1	9	0	0	0	10	1	1	1	1	0	3	12
8	55500034	492620	19	8	0	8	1	0	0	2	0	0	0	0	1	0	3
8	56000042	492163	19	17	2	16	0	2	1	16	3	1	0	0	2	2	19
8	56500058	492440	11	6	0	8	0	0	0	6	1	1	0	0	0	2	1
8	57000034	492358	8	1	0	3	0	1	1	7	0	0	0	1	0	0	1
8	57500065	492836	10	8	0	7	4	1	0	5	0	0	0	3	1	0	8
8	58000007	491614	38	16	0	11	0	0	0	6	1	1	2	1	0	1	23
8	58500022	492246	15	8	1	4	1	0	0	3	0	0	0	1	0	0	10
8	59000031	491890	18	13	0	12	2	1	0	5	0	1	2	1	1	1	7
8	59500000	492890	9	2	0	4	0	0	0	0	0	0	0	0	0	0	2
8	60000101	492739	31	17	0	10	4	0	0	7	0	0	0	0	0	1	12
8	60500296	492823	2	0	0	1	0	0	0	0	0	0	0	0	0	0	1
8	61000139	492606	6	7	1	7	1	0	1	5	0	0	0	1	0	0	2
8	61500012	491735	17	2	1	2	0	1	1	5	0	0	2	0	1	0	3
8	62000042	492916	7	1	0	0	0	0	1	0	1	1	0	0	0	0	1
8	62500067	492458	11	6	0	5	0	1	0	6	1	0	0	1	0	0	9
8	63000055	493363	27	9	0	10	0	0	1	5	0	0	0	1	0	0	2
8	63500013	491994	8	10	0	4	0	0	0	0	1	1	0	0	0	0	4
8	64000015	491249	7	1	0	1	0	0	0	0	0	0	0	0	0	0	0
8	64500004	491403	11	1	0	5	0	0	0	1	0	0	0	0	0	0	1
8	65000001	490268	17	16	1	14	2	0	0	4	0	0	0	1	0	2	11
8	65500206	492479	8	2	0	1	0	0	0	0	0	0	0	0	0	0	0
8	66000012	491755	12	4	0	6	1	0	0	6	0	1	0	2	1	0	5
8	66500034	491882	14	6	0	1	0	0	0	6	0	0	0	3	0	0	3
8	67000204	492416	11	1	0	2	0	0	0	1	0	0	0	0	0	0	9
8	67500183	492333	2	1	1	5	0	0	0	4	1	0	0	1	0	0	5
8	68000158	492649	10	1	0	1	0	1	0	0	0	0	0	0	0	0	2
8	68500029	492259	28	3	0	4	0	0	0	1	0	0	0	0	0	0	8
8	69000093	492701	6	3	0	2	0	0	2	3	0	2	1	0	0	0	3
8	69500081	492766	8	2	0	1	1	0	0	0	0	0	1	0	0	0	4
8	70000036	492012	5	1	0	6	0	0	0	1	0	0	0	0	0	0	1
8	70500037	492677	24	5	0	7	0	0	0	1	0	2	0	0	0	0	4
8	71000043	493364	11	0	0	2	0	0	0	0	0	0	0	0	0	2	2
8	71500538	492710	13	1	0	3	0	0	0	0	0	0	0	0	0	1	1
8	72000099	491683	17	3	5	4	0	1	0	1	0	0	0	0	1	0	1
8	72500032	491430	6	2	0	2	0	0	2	2	0	0	0	0	0	1	3
8	73000134	490057	13	9	0	13	0	0	0	5	0	2	0	0	1	2	15
8	73500019	484526	89	44	3	65	14	6	5	30	3	13	0	2	5	3	55
8	74000005	479483	73	49	3	81	24	6	6	43	0	9	1	11	7	3	32
8	74330358	318051	46	28	2	33	0	2	1	16	2	1	4	5	1	7	33
