9	500014	492941	23	3	0	4	0	0	0	1	0	1	0	0	0	0	2
9	1000039	493227	2	0	0	7	0	1	0	0	1	0	0	0	0	1	1
9	1500002	492395	5	0	0	6	0	0	1	3	0	0	0	0	0	0	8
9	2000233	493033	2	1	0	0	0	0	0	0	0	0	0	0	0	0	2
9	2500047	492220	4	0	0	5	0	0	0	1	0	0	0	0	0	2	6
9	3000000	492433	15	3	0	4	0	0	0	2	0	10	0	0	1	0	6
9	3500124	492351	18	0	0	1	0	0	0	3	0	2	1	0	0	0	2
9	4000039	492094	15	4	0	1	0	0	0	3	2	1	0	0	0	0	5
9	4500005	492799	31	1	0	8	0	1	0	2	0	0	1	0	0	1	0
9	5000075	492883	14	1	0	6	0	0	0	5	0	1	0	0	0	0	3
9	5500009	492114	28	2	2	2	0	0	0	0	0	0	0	0	0	0	7
9	6000576	492811	8	4	0	2	0	0	0	4	0	1	0	0	0	2	5
9	6500004	490965	6	5	0	1	0	0	0	0	1	0	0	0	0	0	0
9	7000118	491956	0	0	0	1	0	0	0	0	0	0	0	0	0	0	0
9	7500081	491891	17	2	0	2	0	0	0	1	1	1	0	0	7	0	3
9	8000184	492655	33	34	0	29	0	1	0	17	1	0	1	2	3	4	39
9	8500004	492671	7	0	0	1	0	0	0	6	1	1	0	0	1	1	5
9	9000003	495221	25	20	0	23	0	0	0	12	1	1	1	0	0	0	20
9	9500010	494583	44	30	0	31	0	1	1	7	2	1	1	0	0	2	23
9	10000008	494131	18	1	0	2	0	0	0	0	0	0	0	0	0	0	1
9	10500012	493764	58	47	3	33	2	2	3	20	0	0	1	4	1	2	31
9	11000092	493936	32	20	1	18	1	11	0	15	1	0	1	4	0	2	12
9	11500152	494319	7	3	0	1	0	0	0	1	0	0	0	0	0	0	4
9	12000005	493179	30	5	2	6	1	0	0	0	0	1	0	0	0	1	6
9	12500313	493929	34	8	0	1	0	1	0	1	0	0	0	0	0	0	5
9	13000065	492664	40	6	3	2	0	0	0	0	0	0	0	0	0	0	9
9	13500174	493487	9	3	0	4	0	0	0	0	0	0	0	1	0	0	0
9	14000052	493110	16	2	0	2	0	0	0	1	0	0	0	0	0	0	1
9	14500172	494109	19	6	0	3	1	0	0	1	1	1	2	0	0	1	2
9	15000199	493554	16	1	0	3	0	1	0	0	0	0	0	0	0	2	0
9	15500117	493005	26	4	0	2	0	0	0	2	0	0	0	0	0	1	1
9	16000022	493510	10	7	1	2	0	0	0	2	1	0	0	2	0	1	4
9	16500138	493777	4	18	0	15	0	0	1	9	2	1	1	1	0	0	12
9	17000007	494071	41	31	1	30	1	3	1	19	3	1	1	1	1	0	37
9	17500037	493983	10	8	2	4	1	0	0	3	0	2	1	0	0	0	6
9	18000189	493131	23	26	4	21	1	1	1	15	0	1	0	3	1	0	19
9	18500027	494553	4	5	0	4	0	2	0	1	0	0	0	1	0	0	0
9	19000271	493195	31	5	0	9	0	0	1	3	0	0	0	0	1	0	6
9	19500010	493135	10	6	1	2	0	0	0	1	0	0	0	0	0	1	2
9	20000108	493034	12	3	2	3	0	2	0	2	0	0	0	0	0	0	9
9	20500020	492987	24	12	1	7	0	0	0	3	1	0	0	0	0	0	5
9	21000027	493163	10	1	0	4	0	0	0	0	0	0	0	0	0	0	5
9	21500159	492447	21	12	0	10	1	1	0	1	0	0	0	0	0	0	4
9	22000029	492736	61	17	0	12	0	3	2	14	0	0	0	0	2	2	24
9	22500103	493407	8	1	0	2	0	0	0	1	0	0	0	0	0	0	1
9	23000091	493096	25	5	0	6	1	0	0	1	0	2	0	0	0	0	1
9	23500114	492927	23	4	0	4	0	0	0	1	2	2	0	3	0	0	1
9	24000091	493448	3	0	0	1	0	0	1	0	0	1	0	1	0	0	4
9	24500136	493317	3	2	0	5	0	0	2	1	0	1	1	1	0	0	2
9	25000250	493594	26	16	1	11	0	0	0	10	1	1	1	0	0	1	6
9	25500073	493004	22	2	1	7	0	3	0	6	2	0	0	0	0	0	1
9	26000035	493265	3	1	1	4	0	0	1	2	0	0	0	0	0	0	4
9	26500032	492985	12	2	0	5	0	0	0	0	0	0	0	0	0	0	3
9	27000162	493412	11	1	0	4	0	0	0	0	1	0	1	0	0	0	7
9	27500074	492667	25	18	0	11	2	0	1	10	3	1	2	0	3	0	15
9	28000027	492575	21	7	0	6	0	2	1	3	0	0	1	0	0	0	3
9	28500017	492879	39	25	0	18	1	0	0	13	2	0	0	0	1	2	25
9	29000141	493193	36	15	1	10	1	1	2	14	0	0	0	1	1	0	8
9	29500007	493143	23	5	5	5	0	0	0	4	1	0	2	0	1	1	2
9	30000123	493191	34	21	1	13	0	1	0	16	3	1	3	1	1	4	16
9	30500104	493281	17	3	1	3	0	0	1	0	0	0	2	0	0	1	12
9	31000013	492063	18	8	2	12	0	0	0	2	1	1	1	2	0	1	11
9	31500002	493599	11	1	1	4	1	0	0	11	0	0	0	0	0	0	4
9	32000085	492898	3	1	0	4	0	0	0	8	0	0	0	4	1	0	2
9	32500359	493359	2	0	0	1	0	0	0	0	0	0	0	0	0	0	0
9	33000269	492912	12	4	0	3	0	1	0	2	0	1	0	0	0	1	7
9	33500051	493063	33	12	0	11	1	0	1	1	0	0	0	0	0	2	19
9	34000345	493428	21	5	0	7	0	1	0	0	0	0	0	0	0	2	15
9	34500028	493205	32	6	0	4	0	1	0	1	0	0	0	0	0	1	8
9	35000015	493823	16	5	0	11	1	1	0	1	0	0	0	0	0	0	4
9	35500205	493596	20	12	1	4	0	2	1	3	1	0	1	2	0	1	6
9	36000046	493596	29	6	2	3	1	0	0	3	1	0	0	1	0	0	7
9	36500032	493090	11	1	1	9	0	0	2	3	0	0	0	0	2	2	15
9	37000022	493348	2	0	0	0	0	2	0	1	0	0	0	0	0	0	0
9	37500093	493675	29	3	0	10	1	0	0	1	0	0	0	0	0	0	0
9	38000365	492825	34	13	0	20	0	0	0	10	0	6	1	0	0	5	19
9	38500032	492301	7	2	0	0	1	0	0	0	0	0	0	0	0	0	1
9	39000071	492076	6	8	1	15	0	0	0	7	0	0	0	5	2	1	3
9	39500032	492117	18	6	0	6	0	0	0	0	0	0	0	0	0	0	1
9	40000041	492674	4	0	0	2	0	0	0	0	1	0	0	0	0	0	3
9	40500015	493205	19	3	0	5	0	0	1	2	1	0	0	0	4	0	2
9	41000017	492899	29	4	0	3	1	0	0	1	0	0	0	0	0	0	2
9	41500002	492875	21	14	0	13	1	0	7	6	1	0	0	1	0	0	16
9	42000034	493344	27	12	0	9	1	0	1	19	1	3	1	0	0	0	9
9	42500239	493246	28	6	0	0	0	1	0	2	0	0	1	0	0	0	2
9	43000049	492763	6	9	0	4	0	0	0	7	0	0	2	0	0	0	2
9	43500032	493129	34	10	1	12	2	0	0	5	1	1	0	0	0	0	10
9	44000027	493787	11	6	0	7	0	0	0	4	0	1	0	0	0	0	17
9	44500006	493218	43	35	1	28	0	4	0	7	0	0	0	3	4	2	15
9	45000087	492703	27	8	1	2	1	0	0	3	0	0	0	2	0	0	6
9	45500059	493333	20	1	0	4	0	0	0	0	0	0	0	1	0	0	2
9	46000008	492465	37	11	1	4	0	0	0	3	0	0	0	1	2	0	20
9	46500072	492691	19	14	1	16	0	1	0	6	0	1	1	3	0	1	11
9	47000063	492416	15	3	1	5	0	0	1	2	0	0	0	1	0	1	9
9	47500139	491608	55	37	2	33	3	1	2	14	0	3	1	0	0	9	36
9	48000051	492154	24	12	2	9	0	0	1	15	1	0	0	1	1	2	17
9	48500037	492978	11	2	0	0	0	0	0	2	0	0	0	1	0	0	0
9	49000004	492809	4	1	0	0	0	0	0	1	0	0	0	0	0	0	0
9	49500045	492552	11	1	1	4	0	0	0	0	0	0	0	0	0	1	9
9	50000063	491467	3	4	0	0	0	0	0	0	0	0	0	0	0	0	0
9	50500058	491534	5	0	0	0	0	0	0	0	0	0	0	0	0	0	0
9	51000013	491457	0	0	0	0	0	0	0	0	0	0	0	0	0	0	0
9	51500007	491387	3	1	0	0	0	0	0	0	0	0	0	0	0	0	0
9	52000008	492771	3	2	0	0	0	0	0	0	0	0	0	0	0	0	0
9	52500001	492802	10	3	1	2	0	0	0	4	0	0	0	2	0	0	1
9	53000023	492997	23	2	0	5	0	3	0	2	0	0	0	0	0	0	6
9	53500001	492500	10	3	0	0	0	0	0	0	1	0	0	0	0	0	0
9	54000143	492315	18	1	0	1	0	0	0	3	0	0	0	0	0	0	3
9	54500032	491688	2	2	0	4	0	0	0	3	1	0	0	0	0	2	0
9	55000072	492284	31	17	0	9	0	1	6	10	0	1	0	0	0	0	12
9	55500123	492569	6	4	0	6	0	0	0	0	0	0	1	0	0	0	4
9	56000039	492311	28	6	1	6	0	0	0	5	0	0	0	0	0	1	3
9	56500066	493130	17	5	0	7	0	0	0	3	0	1	0	0	0	0	5
9	57000219	493520	26	3	0	7	1	0	0	1	0	0	0	0	0	1	1
9	57500207	493622	11	1	0	2	0	0	0	2	1	2	0	0	0	2	4
9	58000006	492785	24	8	0	16	0	0	0	6	0	0	1	0	0	0	8
9	58500117	493245	37	7	1	15	2	3	0	4	0	0	0	3	3	3	8
9	59000003	492737	15	3	0	4	1	0	2	3	1	0	0	0	0	1	0
9	59500219	492676	24	6	1	4	1	0	0	6	0	1	0	0	1	1	9
9	60000064	492471	15	12	0	8	3	0	2	13	0	1	0	0	0	1	10
9	60500010	490884	50	37	1	24	3	2	4	16	6	3	1	1	3	2	29
9	61000037	491414	35	7	3	14	1	0	0	7	0	0	1	1	0	1	9
9	61073984	72872	4	1	0	2	0	0	0	1	0	0	0	0	0	0	1
