#chrom	coord	total	dtotal	T12	T34	T1234	DFO_left	DFO_right	DFO_total	DFO_stat	DFO_chisq	DFO_Pvalue	DIL_left	DIL_right	DIL_total	DIL_stat	DIL_chisq	DIL_Pvalue	DFI_left	DFI_right	DFI_total	DFI_stat	DFI_chisq	DFI_Pvalue	DOL_left	DOL_right	DOL_total	DOL_stat	DOL_chisq	DOL_Pvalue	introgression	introgna	intrognone	introg13	introg14	introg23	introg24	introg31	introg41	introg32	introg42	introg123	introg124
19	500092	493881	35.0	1.41734547391e-05	1.72106236118e-05	1.56920391754e-05	15.0	6.0	21.0	0.428571428571	3.85714285714	0.0495346134356	14.0	7.0	21.0	0.333333333333	2.33333333333	0.126630457948	6.0	9.0	15.0	-0.2	0.6	0.438578026081	5.0	10.0	15.0	-0.333333333333	1.66666666667	0.196705602459	none	0	1	0	0	0	0	0	0	0	0	0	0
19	1000089	492442	13.0	1.01534800037e-06	1.11688280041e-05	6.09208800224e-06	8.0	4.0	12.0	0.333333333333	1.33333333333	0.24821307899	8.0	4.0	12.0	0.333333333333	1.33333333333	0.24821307899	1.0	0.0	1.0	1.0	0	1.0	1.0	0.0	1.0	1.0	0	1.0	na	1	0	0	0	0	0	0	0	0	0	0	0
19	1500076	492856	42.0	1.01449510608e-05	3.14493482883e-05	2.18116447806e-05	24.0	7.0	31.0	0.548387096774	9.32258064516	0.00226346981204	24.0	7.0	31.0	0.548387096774	9.32258064516	0.00226346981204	9.0	2.0	11.0	0.636363636364	4.45454545455	0.0348084788119	9.0	2.0	11.0	0.636363636364	4.45454545455	0.0348084788119	123	0	0	0	0	0	0	0	0	0	0	1	0
19	2000071	492248	50.0	1.62519705514e-05	3.14881929434e-05	2.38700817474e-05	18.0	15.0	33.0	0.0909090909091	0.272727272727	0.601508134441	20.0	13.0	33.0	0.212121212121	1.48484848485	0.223017469947	10.0	9.0	19.0	0.0526315789474	0.0526315789474	0.818545808382	12.0	7.0	19.0	0.263157894737	1.31578947368	0.25134910881	none	0	1	0	0	0	0	0	0	0	0	0	0
19	2500065	493698	28.0	6.07658933194e-06	2.22808275504e-05	1.62042382185e-05	19.0	3.0	22.0	0.727272727273	11.6363636364	0.000646749122576	19.0	3.0	22.0	0.727272727273	11.6363636364	0.000646749122576	5.0	1.0	6.0	0.666666666667	0	1.0	5.0	1.0	6.0	0.666666666667	0	1.0	na	1	0	0	0	0	0	0	0	0	0	0	0
19	3000007	493895	12.0	3.03708278075e-06	9.11124834226e-06	6.07416556151e-06	8.0	1.0	9.0	0.777777777778	0	1.0	8.0	1.0	9.0	0.777777777778	0	1.0	1.0	2.0	3.0	-0.333333333333	0	1.0	1.0	2.0	3.0	-0.333333333333	0	1.0	na	1	0	0	0	0	0	0	0	0	0	0	0
19	3500391	493697	8.0	1.01276694005e-06	7.08936858032e-06	4.05106776018e-06	7.0	0.0	7.0	1.0	0	1.0	7.0	0.0	7.0	1.0	0	1.0	1.0	0.0	1.0	1.0	0	1.0	1.0	0.0	1.0	1.0	0	1.0	na	1	0	0	0	0	0	0	0	0	0	0	0
19	4000068	492754	11.0	4.05882042561e-06	5.07352553201e-06	4.56617297881e-06	4.0	2.0	6.0	0.333333333333	0	1.0	5.0	1.0	6.0	0.666666666667	0	1.0	1.0	5.0	6.0	-0.666666666667	0	1.0	2.0	4.0	6.0	-0.333333333333	0	1.0	na	1	0	0	0	0	0	0	0	0	0	0	0
19	4500012	493004	102.0	4.05676221694e-05	5.57804804829e-05	4.91882418804e-05	26.0	34.0	60.0	-0.133333333333	1.06666666667	0.301699582478	25.0	35.0	60.0	-0.166666666667	1.66666666667	0.196705602459	23.0	20.0	43.0	0.0697674418605	0.209302325581	0.647314784389	22.0	21.0	43.0	0.0232558139535	0.0232558139535	0.878793717959	none	0	1	0	0	0	0	0	0	0	0	0	0
19	5000008	492882	23.0	2.02888318096e-06	1.72455070382e-05	1.06516367001e-05	18.0	3.0	21.0	0.714285714286	10.7142857143	0.00106311491716	17.0	4.0	21.0	0.619047619048	8.04761904762	0.00455634980319	2.0	1.0	3.0	0.333333333333	0	1.0	1.0	2.0	3.0	-0.333333333333	0	1.0	na	1	0	0	0	0	0	0	0	0	0	0	0
19	5500077	492400	28.0	9.1389114541e-06	1.62469536962e-05	1.37083671812e-05	13.0	5.0	18.0	0.444444444444	3.55555555556	0.0593464387919	11.0	7.0	18.0	0.222222222222	0.888888888889	0.345778586151	10.0	2.0	12.0	0.666666666667	5.33333333333	0.0209213353378	8.0	4.0	12.0	0.333333333333	1.33333333333	0.24821307899	none	0	1	0	0	0	0	0	0	0	0	0	0
19	6000075	492333	85.0	3.14827565895e-05	4.77319212809e-05	4.16384845217e-05	40.0	14.0	54.0	0.481481481481	12.5185185185	0.000402938259263	39.0	15.0	54.0	0.444444444444	10.6666666667	0.00109083517613	15.0	21.0	36.0	-0.166666666667	1.0	0.317310507863	14.0	22.0	36.0	-0.222222222222	1.77777777778	0.182422439452	123	0	0	0	0	0	0	0	0	0	0	1	0
19	6500207	492426	49.0	2.13230008164e-05	2.23383818076e-05	2.28460723032e-05	11.0	16.0	27.0	-0.185185185185	0.925925925926	0.335923813152	13.0	14.0	27.0	-0.037037037037	0.037037037037	0.847389659687	12.0	14.0	26.0	-0.0769230769231	0.153846153846	0.694886602372	14.0	12.0	26.0	0.0769230769231	0.153846153846	0.694886602372	none	0	1	0	0	0	0	0	0	0	0	0	0
19	7000023	492639	52.0	3.34930852003e-05	1.82689555638e-05	2.58810203821e-05	8.0	11.0	19.0	-0.157894736842	0.473684210526	0.491297124216	9.0	10.0	19.0	-0.0526315789474	0.0526315789474	0.818545808382	20.0	14.0	34.0	0.176470588235	1.05882352941	0.303483664025	21.0	13.0	34.0	0.235294117647	1.88235294118	0.170066961454	none	0	1	0	0	0	0	0	0	0	0	0	0
19	7500146	492489	52.0	1.42135154288e-05	3.04575330617e-05	2.23355242452e-05	32.0	6.0	38.0	0.684210526316	17.7894736842	2.46744572945e-05	31.0	7.0	38.0	0.631578947368	15.1578947368	9.88839817462e-05	15.0	4.0	19.0	0.578947368421	6.36842105263	0.0116168914342	14.0	5.0	19.0	0.473684210526	4.26315789474	0.038947455742	123	0	0	0	0	0	0	0	0	0	0	1	0
19	8000010	492082	53.0	1.5241362212e-05	3.35309968664e-05	2.54022703533e-05	17.0	19.0	36.0	-0.0555555555556	0.111111111111	0.738882680364	16.0	20.0	36.0	-0.111111111111	0.444444444444	0.504985075094	7.0	11.0	18.0	-0.222222222222	0.888888888889	0.345778586151	6.0	12.0	18.0	-0.333333333333	2.0	0.15729920705	none	0	1	0	0	0	0	0	0	0	0	0	0
19	8500091	492788	82.0	1.82634317394e-05	5.58049303149e-05	3.90634512204e-05	43.0	20.0	63.0	0.365079365079	8.39682539683	0.00375876866575	42.0	21.0	63.0	0.333333333333	7.0	0.0081509715935	14.0	8.0	22.0	0.272727272727	1.63636363636	0.200825122695	13.0	9.0	22.0	0.181818181818	0.727272727273	0.393768634643	123	0	0	0	0	0	0	0	0	0	0	1	0
19	9000026	493035	68.0	2.43390428671e-05	3.65085643007e-05	3.04238035839e-05	28.0	13.0	41.0	0.365853658537	5.48780487805	0.0191495715008	31.0	10.0	41.0	0.512195121951	10.756097561	0.00103936309913	13.0	19.0	32.0	-0.1875	1.125	0.288844366346	16.0	16.0	32.0	0.0	0	1	na	1	0	0	0	0	0	0	0	0	0	0	0
19	9500027	492686	56.0	1.4207832169e-05	3.85641158872e-05	2.94305094929e-05	30.0	12.0	42.0	0.428571428571	7.71428571429	0.00547855324255	28.0	14.0	42.0	0.333333333333	4.66666666667	0.0307535612593	8.0	8.0	16.0	0.0	0	1	6.0	10.0	16.0	-0.25	1.0	0.317310507863	na	1	0	0	0	0	0	0	0	0	0	0	0
19	10000075	492471	73.0	2.33516288269e-05	4.67032576538e-05	3.705801966e-05	33.0	17.0	50.0	0.32	5.12	0.0236516166554	33.0	17.0	50.0	0.32	5.12	0.0236516166554	14.0	11.0	25.0	0.12	0.36	0.5485062355	14.0	11.0	25.0	0.12	0.36	0.5485062355	none	0	1	0	0	0	0	0	0	0	0	0	0
19	10500029	492591	110.0	5.37971664119e-05	4.6691880282e-05	5.43046868497e-05	40.0	14.0	54.0	0.481481481481	12.5185185185	0.000402938259263	36.0	18.0	54.0	0.333333333333	6.0	0.0143058784354	41.0	19.0	60.0	0.366666666667	8.06666666667	0.0045086983649	37.0	23.0	60.0	0.233333333333	3.26666666667	0.070701144866	none	0	1	0	0	0	0	0	0	0	0	0	0
19	11000016	492623	52.0	1.62395990443e-05	3.34941730289e-05	2.48668860366e-05	22.0	13.0	35.0	0.257142857143	2.31428571429	0.128190174345	21.0	14.0	35.0	0.2	1.4	0.236723570638	11.0	7.0	18.0	0.222222222222	0.888888888889	0.345778586151	10.0	8.0	18.0	0.111111111111	0.222222222222	0.637351888234	none	0	1	0	0	0	0	0	0	0	0	0	0
19	11500154	493354	30.0	1.31751237448e-05	1.62155369167e-05	1.46953303308e-05	13.0	4.0	17.0	0.529411764706	4.76470588235	0.0290490221619	14.0	3.0	17.0	0.647058823529	7.11764705882	0.00763288178779	3.0	11.0	14.0	-0.571428571429	4.57142857143	0.0325094446457	4.0	10.0	14.0	-0.428571428571	2.57142857143	0.108809430041	none	0	1	0	0	0	0	0	0	0	0	0	0
19	12000002	493468	187.0	4.55956617248e-05	0.000124628142048	8.91648495951e-05	68.0	72.0	140.0	-0.0285714285714	0.114285714286	0.735316690637	70.0	70.0	140.0	0.0	0	1	32.0	21.0	53.0	0.207547169811	2.28301886792	0.130797061807	34.0	19.0	53.0	0.283018867925	4.24528301887	0.0393595088882	na	1	0	0	0	0	0	0	0	0	0	0	0
19	12500103	493810	61.0	1.11378870416e-05	4.75891537231e-05	3.03760555679e-05	37.0	12.0	49.0	0.510204081633	12.7551020408	0.000355039380747	35.0	14.0	49.0	0.428571428571	9.0	0.00269979606326	8.0	6.0	14.0	0.142857142857	0.285714285714	0.592980098017	6.0	8.0	14.0	-0.142857142857	0.285714285714	0.592980098017	123	0	0	0	0	0	0	0	0	0	0	1	0
19	13000045	493961	146.0	4.35257034462e-05	9.41369865232e-05	6.98435706463e-05	61.0	39.0	100.0	0.22	4.84	0.027806895027	59.0	41.0	100.0	0.18	3.24	0.0718606382259	32.0	18.0	50.0	0.28	3.92	0.0477148802374	30.0	20.0	50.0	0.2	2.0	0.15729920705	none	0	1	0	0	0	0	0	0	0	0	0	0
19	13500030	493986	81.0	2.22678375501e-05	5.06087217047e-05	3.94748029296e-05	32.0	26.0	58.0	0.103448275862	0.620689655172	0.430791121228	37.0	21.0	58.0	0.275862068966	4.41379310345	0.0356494885489	15.0	15.0	30.0	0.0	0	1	20.0	10.0	30.0	0.333333333333	3.33333333333	0.0678891548618	na	1	0	0	0	0	0	0	0	0	0	0	0
19	14000044	493204	118.0	4.35925093876e-05	6.79232123016e-05	6.0826757285e-05	37.0	36.0	73.0	0.013698630137	0.013698630137	0.90682744679	37.0	36.0	73.0	0.013698630137	0.013698630137	0.90682744679	34.0	15.0	49.0	0.387755102041	7.36734693878	0.00664188547643	34.0	15.0	49.0	0.387755102041	7.36734693878	0.00664188547643	none	0	1	0	0	0	0	0	0	0	0	0	0
19	14500060	493296	73.0	1.31766728293e-05	5.06795108819e-05	3.29416820732e-05	45.0	13.0	58.0	0.551724137931	17.6551724138	2.64794185745e-05	43.0	15.0	58.0	0.48275862069	13.5172413793	0.000236381636519	10.0	11.0	21.0	-0.047619047619	0.047619047619	0.827259346563	8.0	13.0	21.0	-0.238095238095	1.19047619048	0.275233524075	123	0	0	0	0	0	0	0	0	0	0	1	0
19	15000159	492980	50.0	2.0284798572e-05	2.53559982149e-05	2.3834638322e-05	19.0	10.0	29.0	0.310344827586	2.79310344828	0.0946707198455	17.0	12.0	29.0	0.172413793103	0.862068965517	0.353160353316	17.0	8.0	25.0	0.36	3.24	0.0718606382259	15.0	10.0	25.0	0.2	1.0	0.317310507863	none	0	1	0	0	0	0	0	0	0	0	0	0
19	15500076	493099	8.0	2.02799032243e-06	5.06997580608e-06	4.56297822547e-06	2.0	3.0	5.0	-0.2	0	1.0	2.0	3.0	5.0	-0.2	0	1.0	3.0	0.0	3.0	1.0	0	1.0	3.0	0.0	3.0	1.0	0	1.0	na	1	0	0	0	0	0	0	0	0	0	0	0
19	16000016	493236	48.0	8.1097081316e-06	3.34525460429e-05	2.17948406037e-05	25.0	14.0	39.0	0.282051282051	3.10256410256	0.0781690858243	26.0	13.0	39.0	0.333333333333	4.33333333333	0.0373729883407	5.0	7.0	12.0	-0.166666666667	0.333333333333	0.563702861651	6.0	6.0	12.0	0.0	0	1	na	1	0	0	0	0	0	0	0	0	0	0	0
19	16500362	493419	35.0	5.06668774409e-06	2.83734513669e-05	1.97600822019e-05	24.0	6.0	30.0	0.6	10.8	0.00101500094711	24.0	6.0	30.0	0.6	10.8	0.00101500094711	4.0	3.0	7.0	0.142857142857	0	1.0	4.0	3.0	7.0	0.142857142857	0	1.0	na	1	0	0	0	0	0	0	0	0	0	0	0
19	17000004	493698	33.0	1.31659435525e-05	1.82297679958e-05	1.56978557742e-05	14.0	6.0	20.0	0.4	3.2	0.0736382701203	12.0	8.0	20.0	0.2	0.8	0.371093369523	11.0	4.0	15.0	0.466666666667	3.26666666667	0.070701144866	9.0	6.0	15.0	0.2	0.6	0.438578026081	none	0	1	0	0	0	0	0	0	0	0	0	0
19	17500044	493436	11.0	3.03990791106e-06	8.10642109615e-06	5.5731645036e-06	7.0	1.0	8.0	0.75	0	1.0	7.0	1.0	8.0	0.75	0	1.0	1.0	2.0	3.0	-0.333333333333	0	1.0	1.0	2.0	3.0	-0.333333333333	0	1.0	na	1	0	0	0	0	0	0	0	0	0	0	0
19	18000166	494112	36.0	1.92264102066e-05	1.61906612266e-05	1.97323683699e-05	8.0	9.0	17.0	-0.0588235294118	0.0588235294118	0.808365155915	8.0	9.0	17.0	-0.0588235294118	0.0588235294118	0.808365155915	14.0	5.0	19.0	0.473684210526	4.26315789474	0.038947455742	14.0	5.0	19.0	0.473684210526	4.26315789474	0.038947455742	none	0	1	0	0	0	0	0	0	0	0	0	0
19	18500038	493323	16.0	3.04060422887e-06	1.21624169155e-05	8.61504531514e-06	11.0	2.0	13.0	0.692307692308	6.23076923077	0.012554918597	11.0	2.0	13.0	0.692307692308	6.23076923077	0.012554918597	1.0	2.0	3.0	-0.333333333333	0	1.0	1.0	2.0	3.0	-0.333333333333	0	1.0	na	1	0	0	0	0	0	0	0	0	0	0	0
19	19000003	492858	86.0	2.23188017644e-05	5.27535314431e-05	3.75361666038e-05	37.0	23.0	60.0	0.233333333333	3.26666666667	0.070701144866	39.0	21.0	60.0	0.3	5.4	0.0201367515503	17.0	13.0	30.0	0.133333333333	0.533333333333	0.465208818452	19.0	11.0	30.0	0.266666666667	2.13333333333	0.144127034816	none	0	1	0	0	0	0	0	0	0	0	0	0
19	19500090	490477	34.0	1.73300684844e-05	1.5291236898e-05	1.63106526912e-05	9.0	8.0	17.0	0.0588235294118	0.0588235294118	0.808365155915	11.0	6.0	17.0	0.294117647059	1.47058823529	0.225252906361	12.0	7.0	19.0	0.263157894737	1.31578947368	0.25134910881	14.0	5.0	19.0	0.473684210526	4.26315789474	0.038947455742	none	0	1	0	0	0	0	0	0	0	0	0	0
19	20000191	491251	68.0	1.62849541273e-05	4.7837052749e-05	3.20610034382e-05	36.0	15.0	51.0	0.411764705882	8.64705882353	0.00327589748291	33.0	18.0	51.0	0.294117647059	4.41176470588	0.0356919001168	14.0	6.0	20.0	0.4	3.2	0.0736382701203	11.0	9.0	20.0	0.1	0.2	0.654720846019	none	0	1	0	0	0	0	0	0	0	0	0	0
19	20500144	487045	131.0	4.3117165765e-05	7.28885421265e-05	5.90294531306e-05	52.0	35.0	87.0	0.195402298851	3.32183908046	0.0683653128894	54.0	33.0	87.0	0.241379310345	5.06896551724	0.024357915718	34.0	22.0	56.0	0.214285714286	2.57142857143	0.108809430041	36.0	20.0	56.0	0.285714285714	4.57142857143	0.0325094446457	none	0	1	0	0	0	0	0	0	0	0	0	0
19	21000080	492590	227.0	5.58273614974e-05	0.000156316612193	0.000118252502081	101.0	68.0	169.0	0.195266272189	6.44378698225	0.0111341040457	98.0	71.0	169.0	0.159763313609	4.31360946746	0.0378086594704	41.0	30.0	71.0	0.154929577465	1.70422535211	0.191736319002	38.0	33.0	71.0	0.0704225352113	0.352112676056	0.552919624971	none	0	1	0	0	0	0	0	0	0	0	0	0
19	21500014	491493	234.0	7.93500619541e-05	0.000126146252337	0.000107834699579	87.0	63.0	150.0	0.16	3.84	0.0500435212487	83.0	67.0	150.0	0.106666666667	1.70666666667	0.191418425238	63.0	37.0	100.0	0.26	6.76	0.00932237604744	59.0	41.0	100.0	0.18	3.24	0.0718606382259	none	0	1	0	0	0	0	0	0	0	0	0	0
19	22000117	492113	168.0	7.11218764796e-05	8.43302249687e-05	8.38222115652e-05	58.0	37.0	95.0	0.221052631579	4.64210526316	0.0311967097329	60.0	35.0	95.0	0.263157894737	6.57894736842	0.010319189908	50.0	25.0	75.0	0.333333333333	8.33333333333	0.00389241712278	52.0	23.0	75.0	0.386666666667	11.2133333333	0.000812117134894	none	0	1	0	0	0	0	0	0	0	0	0	0
19	22500226	492878	151.0	5.57947402806e-05	8.72426848023e-05	7.65909616579e-05	62.0	33.0	95.0	0.305263157895	8.85263157895	0.00292666627745	65.0	30.0	95.0	0.368421052632	12.8947368421	0.000329507423511	38.0	23.0	61.0	0.245901639344	3.68852459016	0.0547880602149	41.0	20.0	61.0	0.344262295082	7.22950819672	0.0071714850758	none	0	1	0	0	0	0	0	0	0	0	0	0
19	23000072	492647	80.0	1.92835843921e-05	5.37910511989e-05	3.75522432898e-05	38.0	21.0	59.0	0.28813559322	4.89830508475	0.026883068544	33.0	26.0	59.0	0.118644067797	0.830508474576	0.362125539492	21.0	5.0	26.0	0.615384615385	9.84615384615	0.00170187209267	16.0	10.0	26.0	0.230769230769	1.38461538462	0.239316541221	none	0	1	0	0	0	0	0	0	0	0	0	0
19	23500012	493010	96.0	4.15813066672e-05	5.07089105698e-05	4.81734650413e-05	28.0	27.0	55.0	0.0181818181818	0.0181818181818	0.892738400944	29.0	26.0	55.0	0.0545454545455	0.163636363636	0.685830434452	31.0	13.0	44.0	0.409090909091	7.36363636364	0.00665560548295	32.0	12.0	44.0	0.454545454545	9.09090909091	0.00256883152702	none	0	1	0	0	0	0	0	0	0	0	0	0
19	24000039	491802	159.0	5.59168120504e-05	9.45502458306e-05	7.62501982505e-05	54.0	49.0	103.0	0.0485436893204	0.242718446602	0.622249566954	55.0	48.0	103.0	0.0679611650485	0.47572815534	0.490363685093	35.0	30.0	65.0	0.0769230769231	0.384615384615	0.535143452398	36.0	29.0	65.0	0.107692307692	0.753846153846	0.38526124109	none	0	1	0	0	0	0	0	0	0	0	0	0
19	24500102	492054	130.0	4.87751344365e-05	6.80819584842e-05	6.5541586899e-05	48.0	31.0	79.0	0.215189873418	3.6582278481	0.0557929469555	44.0	35.0	79.0	0.113924050633	1.0253164557	0.311261241734	37.0	22.0	59.0	0.254237288136	3.81355932203	0.0508393080695	33.0	26.0	59.0	0.118644067797	0.830508474576	0.362125539492	none	0	1	0	0	0	0	0	0	0	0	0	0
19	25000025	492166	96.0	3.96207783553e-05	5.07958696862e-05	4.62242414145e-05	36.0	19.0	55.0	0.309090909091	5.25454545455	0.0218895181206	37.0	18.0	55.0	0.345454545455	6.56363636364	0.0104083461878	24.0	20.0	44.0	0.0909090909091	0.363636363636	0.546493595407	25.0	19.0	44.0	0.136363636364	0.818181818182	0.365712296282	none	0	1	0	0	0	0	0	0	0	0	0	0
19	25500051	491989	127.0	5.58955586405e-05	6.09769730624e-05	6.14851145046e-05	41.0	27.0	68.0	0.205882352941	2.88235294118	0.0895550744136	38.0	30.0	68.0	0.117647058824	0.941176470588	0.331975467083	32.0	32.0	64.0	0.0	0	1	29.0	35.0	64.0	-0.09375	0.5625	0.453254704754	na	1	0	0	0	0	0	0	0	0	0	0	0
19	26000022	492436	81.0	2.94454507794e-05	4.16297752398e-05	3.65529733813e-05	34.0	18.0	52.0	0.307692307692	4.92307692308	0.0265002806025	38.0	14.0	52.0	0.461538461538	11.0769230769	0.000874087211298	14.0	21.0	35.0	-0.2	1.4	0.236723570638	18.0	17.0	35.0	0.0285714285714	0.0285714285714	0.865772374993	none	0	1	0	0	0	0	0	0	0	0	0	0
19	26500163	492337	50.0	1.42179035904e-05	3.14825008074e-05	2.58968958254e-05	20.0	16.0	36.0	0.111111111111	0.444444444444	0.504985075094	18.0	18.0	36.0	0.0	0	1	6.0	10.0	16.0	-0.25	1.0	0.317310507863	4.0	12.0	16.0	-0.5	4.0	0.0455002638964	na	1	0	0	0	0	0	0	0	0	0	0	0
19	27000041	491652	167.0	6.30527283526e-05	9.25451335497e-05	8.39008078885e-05	58.0	43.0	101.0	0.148514851485	2.22772277228	0.135553504423	58.0	43.0	101.0	0.148514851485	2.22772277228	0.135553504423	34.0	40.0	74.0	-0.0810810810811	0.486486486486	0.485498802644	34.0	40.0	74.0	-0.0810810810811	0.486486486486	0.485498802644	none	0	1	0	0	0	0	0	0	0	0	0	0
19	27500648	492540	91.0	3.65452552077e-05	4.56815690096e-05	4.11134121087e-05	27.0	27.0	54.0	0.0	0	1	30.0	24.0	54.0	0.111111111111	0.666666666667	0.414216178243	22.0	20.0	42.0	0.047619047619	0.0952380952381	0.757620723683	25.0	17.0	42.0	0.190476190476	1.52380952381	0.217043907757	na	1	0	0	0	0	0	0	0	0	0	0	0
19	28000028	491705	30.0	1.01686987116e-05	1.52530480674e-05	1.77952227453e-05	13.0	7.0	20.0	0.3	1.8	0.179712494879	12.0	8.0	20.0	0.2	0.8	0.371093369523	8.0	7.0	15.0	0.0666666666667	0.0666666666667	0.796253414738	7.0	8.0	15.0	-0.0666666666667	0.0666666666667	0.796253414738	none	0	1	0	0	0	0	0	0	0	0	0	0
19	28500158	491820	61.0	2.3382538327e-05	3.35488593388e-05	3.35488593388e-05	24.0	12.0	36.0	0.333333333333	4.0	0.0455002638964	22.0	14.0	36.0	0.222222222222	1.77777777778	0.182422439452	24.0	3.0	27.0	0.777777777778	16.3333333333	5.31212815941e-05	22.0	5.0	27.0	0.62962962963	10.7037037037	0.00106921275492	none	0	1	0	0	0	0	0	0	0	0	0	0
19	29000201	493067	22.0	4.05624387761e-06	1.5210914541e-05	9.63357920932e-06	9.0	9.0	18.0	0.0	0	1	7.0	11.0	18.0	-0.222222222222	0.888888888889	0.345778586151	4.0	2.0	6.0	0.333333333333	0	1.0	2.0	4.0	6.0	-0.333333333333	0	1.0	na	1	0	0	0	0	0	0	0	0	0	0	0
19	29500003	491864	19.0	8.13232926175e-06	1.01654115772e-05	9.14887041947e-06	7.0	4.0	11.0	0.272727272727	0.818181818182	0.365712296282	7.0	4.0	11.0	0.272727272727	0.818181818182	0.365712296282	8.0	0.0	8.0	1.0	0	1.0	8.0	0.0	8.0	1.0	0	1.0	na	1	0	0	0	0	0	0	0	0	0	0	0
19	30000003	492402	13.0	1.0154304816e-06	1.11697352976e-05	6.09258288959e-06	11.0	0.0	11.0	1.0	11.0	0.000911118877154	11.0	0.0	11.0	1.0	11.0	0.000911118877154	2.0	0.0	2.0	1.0	0	1.0	2.0	0.0	2.0	1.0	0	1.0	na	1	0	0	0	0	0	0	0	0	0	0	0
19	30500059	493185	42.0	1.41934568164e-05	2.63592769448e-05	2.23040035686e-05	16.0	11.0	27.0	0.185185185185	0.925925925926	0.335923813152	15.0	12.0	27.0	0.111111111111	0.333333333333	0.563702861651	7.0	9.0	16.0	-0.125	0.25	0.617075077452	6.0	10.0	16.0	-0.25	1.0	0.317310507863	none	0	1	0	0	0	0	0	0	0	0	0	0
19	31000197	492626	28.0	1.01496875926e-05	1.72544689074e-05	1.57320157686e-05	14.0	4.0	18.0	0.555555555556	5.55555555556	0.0184221254541	15.0	3.0	18.0	0.666666666667	8.0	0.00467773498105	8.0	3.0	11.0	0.454545454545	2.27272727273	0.131668016023	9.0	2.0	11.0	0.636363636364	4.45454545455	0.0348084788119	none	0	1	0	0	0	0	0	0	0	0	0	0
19	31500126	492424	20.0	9.1384660374e-06	8.12308092213e-06	8.63077347977e-06	11.0	0.0	11.0	1.0	11.0	0.000911118877154	8.0	3.0	11.0	0.454545454545	2.27272727273	0.131668016023	4.0	8.0	12.0	-0.333333333333	1.33333333333	0.24821307899	1.0	11.0	12.0	-0.833333333333	8.33333333333	0.00389241712278	none	0	1	0	0	0	0	0	0	0	0	0	0
19	32000202	493007	29.0	3.04255314833e-06	2.43404251867e-05	1.47056735503e-05	25.0	1.0	26.0	0.923076923077	22.1538461538	2.51651305272e-06	24.0	2.0	26.0	0.846153846154	18.6153846154	1.59924735933e-05	4.0	0.0	4.0	1.0	0	1.0	3.0	1.0	4.0	0.5	0	1.0	na	1	0	0	0	0	0	0	0	0	0	0	0
19	32500015	491820	151.0	5.7948029767e-05	8.03139359928e-05	7.01476149811e-05	43.0	47.0	90.0	-0.0444444444444	0.177777777778	0.67328997966	38.0	52.0	90.0	-0.155555555556	2.17777777778	0.140016503197	42.0	28.0	70.0	0.2	2.8	0.0942643068412	37.0	33.0	70.0	0.0571428571429	0.228571428571	0.632585121696	none	0	1	0	0	0	0	0	0	0	0	0	0
19	33000069	492311	76.0	1.52342726447e-05	4.87496724631e-05	3.40232089066e-05	41.0	18.0	59.0	0.389830508475	8.96610169492	0.00275034801911	39.0	20.0	59.0	0.322033898305	6.1186440678	0.0133763366538	12.0	7.0	19.0	0.263157894737	1.31578947368	0.25134910881	10.0	9.0	19.0	0.0526315789474	0.0526315789474	0.818545808382	none	0	1	0	0	0	0	0	0	0	0	0	0
19	33500184	492419	28.0	7.10776797808e-06	1.6246326807e-05	1.2692442818e-05	12.0	7.0	19.0	0.263157894737	1.31578947368	0.25134910881	10.0	9.0	19.0	0.0526315789474	0.0526315789474	0.818545808382	8.0	3.0	11.0	0.454545454545	2.27272727273	0.131668016023	6.0	5.0	11.0	0.0909090909091	0.0909090909091	0.763024600553	none	0	1	0	0	0	0	0	0	0	0	0	0
19	34000132	492108	65.0	1.21924455607e-05	4.57216708527e-05	3.60693181172e-05	35.0	17.0	52.0	0.346153846154	6.23076923077	0.012554918597	33.0	19.0	52.0	0.269230769231	3.76923076923	0.0522036353413	11.0	4.0	15.0	0.466666666667	3.26666666667	0.070701144866	9.0	6.0	15.0	0.2	0.6	0.438578026081	none	0	1	0	0	0	0	0	0	0	0	0	0
19	34500011	492361	37.0	7.10860527134e-06	2.03103007752e-05	1.37094530233e-05	18.0	11.0	29.0	0.241379310345	1.68965517241	0.193646431269	15.0	14.0	29.0	0.0344827586207	0.0344827586207	0.852683684335	13.0	2.0	15.0	0.733333333333	8.06666666667	0.0045086983649	10.0	5.0	15.0	0.333333333333	1.66666666667	0.196705602459	none	0	1	0	0	0	0	0	0	0	0	0	0
19	35000272	492844	18.0	9.13067826736e-06	7.10163865239e-06	9.13067826736e-06	4.0	5.0	9.0	-0.111111111111	0	1.0	5.0	4.0	9.0	0.111111111111	0	1.0	2.0	8.0	10.0	-0.6	3.6	0.0577795711236	3.0	7.0	10.0	-0.4	1.6	0.205903210732	na	1	0	0	0	0	0	0	0	0	0	0	0
19	35500010	492147	17.0	4.06382645835e-06	1.21914793751e-05	8.12765291671e-06	12.0	1.0	13.0	0.846153846154	9.30769230769	0.00228193725332	13.0	0.0	13.0	1.0	13.0	0.000311490976767	3.0	2.0	5.0	0.2	0	1.0	4.0	1.0	5.0	0.6	0	1.0	na	1	0	0	0	0	0	0	0	0	0	0	0
19	36000006	492620	132.0	5.4808980553e-05	6.59737728878e-05	6.14063578417e-05	35.0	40.0	75.0	-0.0666666666667	0.333333333333	0.563702861651	37.0	38.0	75.0	-0.0133333333333	0.0133333333333	0.908072555256	41.0	22.0	63.0	0.301587301587	5.73015873016	0.0166759752605	43.0	20.0	63.0	0.365079365079	8.39682539683	0.00375876866575	none	0	1	0	0	0	0	0	0	0	0	0	0
19	36500195	492500	40.0	1.11675126904e-05	2.63959390863e-05	2.08121827411e-05	20.0	8.0	28.0	0.428571428571	5.14285714286	0.0233422020129	19.0	9.0	28.0	0.357142857143	3.57142857143	0.0587817213554	9.0	4.0	13.0	0.384615384615	1.92307692308	0.165517858697	8.0	5.0	13.0	0.230769230769	0.692307692308	0.405380556459	none	0	1	0	0	0	0	0	0	0	0	0	0
19	37000010	491950	18.0	6.09818070942e-06	8.13090761256e-06	7.11454416099e-06	7.0	5.0	12.0	0.166666666667	0.333333333333	0.563702861651	6.0	6.0	12.0	0.0	0	1	7.0	2.0	9.0	0.555555555556	0	1.0	6.0	3.0	9.0	0.333333333333	0	1.0	na	1	0	0	0	0	0	0	0	0	0	0	0
19	37500059	491751	82.0	3.05032424947e-05	4.37213142424e-05	3.91458278682e-05	23.0	25.0	48.0	-0.0416666666667	0.0833333333333	0.772829992684	22.0	26.0	48.0	-0.0833333333333	0.333333333333	0.563702861651	13.0	24.0	37.0	-0.297297297297	3.27027027027	0.0705460004569	12.0	25.0	37.0	-0.351351351351	4.56756756757	0.0325827983856	none	0	1	0	0	0	0	0	0	0	0	0	0
19	38000052	493034	51.0	2.33249633899e-05	2.5353221076e-05	2.5353221076e-05	10.0	17.0	27.0	-0.259259259259	1.81481481481	0.177931725268	10.0	17.0	27.0	-0.259259259259	1.81481481481	0.177931725268	11.0	15.0	26.0	-0.153846153846	0.615384615385	0.432767580668	11.0	15.0	26.0	-0.153846153846	0.615384615385	0.432767580668	none	0	1	0	0	0	0	0	0	0	0	0	0
19	38500146	494261	33.0	1.01161127421e-05	2.12438367583e-05	1.56799747502e-05	16.0	6.0	22.0	0.454545454545	4.54545454545	0.0330062576612	17.0	5.0	22.0	0.545454545455	6.54545454545	0.0105152459359	6.0	6.0	12.0	0.0	0	1	7.0	5.0	12.0	0.166666666667	0.333333333333	0.563702861651	na	1	0	0	0	0	0	0	0	0	0	0	0
19	39000106	492773	39.0	9.13199383895e-06	3.04399794632e-05	1.97859866511e-05	24.0	6.0	30.0	0.6	10.8	0.00101500094711	24.0	6.0	30.0	0.6	10.8	0.00101500094711	4.0	5.0	9.0	-0.111111111111	0	1.0	4.0	5.0	9.0	-0.111111111111	0	1.0	na	1	0	0	0	0	0	0	0	0	0	0	0
19	39500172	492220	35.0	1.32054772256e-05	2.03161188087e-05	1.8792409898e-05	15.0	7.0	22.0	0.363636363636	2.90909090909	0.0880815116622	14.0	8.0	22.0	0.272727272727	1.63636363636	0.200825122695	13.0	1.0	14.0	0.857142857143	10.2857142857	0.00134064111723	12.0	2.0	14.0	0.714285714286	7.14285714286	0.00752631516646	none	0	1	0	0	0	0	0	0	0	0	0	0
19	40000035	492076	53.0	1.82898576643e-05	3.25153025142e-05	2.94669929035e-05	24.0	11.0	35.0	0.371428571429	4.82857142857	0.0279918154857	24.0	11.0	35.0	0.371428571429	4.82857142857	0.0279918154857	13.0	7.0	20.0	0.3	1.8	0.179712494879	13.0	7.0	20.0	0.3	1.8	0.179712494879	none	0	1	0	0	0	0	0	0	0	0	0	0
19	40500287	492333	61.0	2.13270286574e-05	3.45294749692e-05	3.09749701929e-05	25.0	15.0	40.0	0.25	2.5	0.113846298007	25.0	15.0	40.0	0.25	2.5	0.113846298007	18.0	9.0	27.0	0.333333333333	3.0	0.0832645166636	18.0	9.0	27.0	0.333333333333	3.0	0.0832645166636	none	0	1	0	0	0	0	0	0	0	0	0	0
19	41000074	492820	46.0	1.52185382087e-05	2.53642303478e-05	2.13059534921e-05	21.0	8.0	29.0	0.448275862069	5.8275862069	0.0157767563889	20.0	9.0	29.0	0.379310344828	4.1724137931	0.0410872245278	11.0	9.0	20.0	0.1	0.2	0.654720846019	10.0	10.0	20.0	0.0	0	1	na	1	0	0	0	0	0	0	0	0	0	0	0
19	41500047	493247	50.0	1.31779818225e-05	3.14244181921e-05	2.43285818261e-05	21.0	15.0	36.0	0.166666666667	1.0	0.317310507863	20.0	16.0	36.0	0.111111111111	0.444444444444	0.504985075094	11.0	6.0	17.0	0.294117647059	1.47058823529	0.225252906361	10.0	7.0	17.0	0.176470588235	0.529411764706	0.466854270823	none	0	1	0	0	0	0	0	0	0	0	0	0
19	42000096	491935	57.0	1.4229522193e-05	3.86229888095e-05	3.1508227713e-05	34.0	7.0	41.0	0.658536585366	17.7804878049	2.4791268595e-05	34.0	7.0	41.0	0.658536585366	17.7804878049	2.4791268595e-05	12.0	6.0	18.0	0.333333333333	2.0	0.15729920705	12.0	6.0	18.0	0.333333333333	2.0	0.15729920705	123	0	0	0	0	0	0	0	0	0	0	1	0
19	42500179	492282	72.0	3.04703401709e-05	3.45330521937e-05	3.3517374188e-05	25.0	17.0	42.0	0.190476190476	1.52380952381	0.217043907757	25.0	17.0	42.0	0.190476190476	1.52380952381	0.217043907757	30.0	6.0	36.0	0.666666666667	16.0	6.33424836662e-05	30.0	6.0	36.0	0.666666666667	16.0	6.33424836662e-05	none	0	1	0	0	0	0	0	0	0	0	0	0
19	43000231	492994	15.0	6.08526675781e-06	6.08526675781e-06	6.08526675781e-06	4.0	3.0	7.0	0.142857142857	0	1.0	5.0	2.0	7.0	0.428571428571	0	1.0	3.0	6.0	9.0	-0.333333333333	0	1.0	4.0	5.0	9.0	-0.111111111111	0	1.0	na	1	0	0	0	0	0	0	0	0	0	0	0
19	43500001	492154	11.0	3.04782649333e-06	8.12753731556e-06	5.58768190444e-06	7.0	1.0	8.0	0.75	0	1.0	7.0	1.0	8.0	0.75	0	1.0	3.0	0.0	3.0	1.0	0	1.0	3.0	0.0	3.0	1.0	0	1.0	na	1	0	0	0	0	0	0	0	0	0	0	0
19	44000082	492145	29.0	1.52394111492e-05	1.21915289193e-05	1.37154700342e-05	9.0	5.0	14.0	0.285714285714	1.14285714286	0.285049407403	9.0	5.0	14.0	0.285714285714	1.14285714286	0.285049407403	9.0	8.0	17.0	0.0588235294118	0.0588235294118	0.808365155915	9.0	8.0	17.0	0.0588235294118	0.0588235294118	0.808365155915	none	0	1	0	0	0	0	0	0	0	0	0	0
19	44500184	492681	18.0	5.07427727069e-06	1.11634099955e-05	9.13369908724e-06	4.0	9.0	13.0	-0.384615384615	1.92307692308	0.165517858697	4.0	9.0	13.0	-0.384615384615	1.92307692308	0.165517858697	6.0	1.0	7.0	0.714285714286	0	1.0	6.0	1.0	7.0	0.714285714286	0	1.0	na	1	0	0	0	0	0	0	0	0	0	0	0
19	45000024	492322	64.0	2.94522690434e-05	3.35146509805e-05	3.35146509805e-05	16.0	18.0	34.0	-0.0588235294118	0.117647058824	0.73160058896	16.0	18.0	34.0	-0.0588235294118	0.117647058824	0.73160058896	15.0	15.0	30.0	0.0	0	1	15.0	15.0	30.0	0.0	0	1	na	1	0	0	0	0	0	0	0	0	0	0	0
19	45500115	492896	15.0	5.07206388366e-06	1.01441277673e-05	7.60809582549e-06	7.0	3.0	10.0	0.4	1.6	0.205903210732	7.0	3.0	10.0	0.4	1.6	0.205903210732	3.0	2.0	5.0	0.2	0	1.0	3.0	2.0	5.0	0.2	0	1.0	na	1	0	0	0	0	0	0	0	0	0	0	0
19	46000079	493469	12.0	1.01323487392e-06	9.11911386531e-06	5.06617436962e-06	9.0	2.0	11.0	0.636363636364	4.45454545455	0.0348084788119	10.0	1.0	11.0	0.818181818182	7.36363636364	0.00665560548295	1.0	1.0	2.0	0.0	0	1.0	2.0	0.0	2.0	1.0	0	1.0	na	1	0	0	0	0	0	0	0	0	0	0	0
19	46500013	493708	16.0	5.06372187609e-06	1.11401881274e-05	8.10195500174e-06	8.0	3.0	11.0	0.454545454545	2.27272727273	0.131668016023	8.0	3.0	11.0	0.454545454545	2.27272727273	0.131668016023	4.0	1.0	5.0	0.6	0	1.0	4.0	1.0	5.0	0.6	0	1.0	na	1	0	0	0	0	0	0	0	0	0	0	0
19	47000180	493583	16.0	5.06500426473e-06	1.11430093824e-05	8.10400682357e-06	8.0	3.0	11.0	0.454545454545	2.27272727273	0.131668016023	8.0	3.0	11.0	0.454545454545	2.27272727273	0.131668016023	3.0	2.0	5.0	0.2	0	1.0	3.0	2.0	5.0	0.2	0	1.0	na	1	0	0	0	0	0	0	0	0	0	0	0
19	47500106	492816	27.0	1.11603519366e-05	1.62332391805e-05	1.47113730074e-05	6.0	10.0	16.0	-0.25	1.0	0.317310507863	6.0	10.0	16.0	-0.25	1.0	0.317310507863	9.0	2.0	11.0	0.636363636364	4.45454545455	0.0348084788119	9.0	2.0	11.0	0.636363636364	4.45454545455	0.0348084788119	none	0	1	0	0	0	0	0	0	0	0	0	0
19	48000104	493113	22.0	3.04189911846e-06	1.72374283379e-05	1.01396637282e-05	17.0	2.0	19.0	0.789473684211	11.8421052632	0.000579063217219	16.0	3.0	19.0	0.684210526316	8.89473684211	0.00285993820846	3.0	1.0	4.0	0.5	0	1.0	2.0	2.0	4.0	0.0	0	1.0	na	1	0	0	0	0	0	0	0	0	0	0	0
19	48500243	492652	25.0	4.05966077475e-06	2.13132190674e-05	1.26864399211e-05	17.0	4.0	21.0	0.619047619048	8.04761904762	0.00455634980319	17.0	4.0	21.0	0.619047619048	8.04761904762	0.00455634980319	4.0	0.0	4.0	1.0	0	1.0	4.0	0.0	4.0	1.0	0	1.0	na	1	0	0	0	0	0	0	0	0	0	0	0
19	49000260	492508	61.0	2.03042387129e-05	3.55324177475e-05	2.99487521015e-05	20.0	19.0	39.0	0.025641025641	0.025641025641	0.872780123794	17.0	22.0	39.0	-0.128205128205	0.641025641026	0.423339641582	17.0	8.0	25.0	0.36	3.24	0.0718606382259	14.0	11.0	25.0	0.12	0.36	0.5485062355	none	0	1	0	0	0	0	0	0	0	0	0	0
19	49500240	492841	17.0	5.07262991512e-06	9.13073384722e-06	7.10168188117e-06	7.0	5.0	12.0	0.166666666667	0.333333333333	0.563702861651	6.0	6.0	12.0	0.0	0	1	4.0	2.0	6.0	0.333333333333	0	1.0	3.0	3.0	6.0	0.0	0	1.0	na	1	0	0	0	0	0	0	0	0	0	0	0
19	50000013	493337	9.0	2.0270119614e-06	7.09454186489e-06	5.57428289384e-06	6.0	1.0	7.0	0.714285714286	0	1.0	6.0	1.0	7.0	0.714285714286	0	1.0	2.0	0.0	2.0	1.0	0	1.0	2.0	0.0	2.0	1.0	0	1.0	na	1	0	0	0	0	0	0	0	0	0	0	0
19	50500249	493640	15.0	5.06441941496e-06	9.11595494692e-06	9.11595494692e-06	9.0	1.0	10.0	0.8	6.4	0.011412036386	9.0	1.0	10.0	0.8	6.4	0.011412036386	2.0	3.0	5.0	-0.2	0	1.0	2.0	3.0	5.0	-0.2	0	1.0	na	1	0	0	0	0	0	0	0	0	0	0	0
19	51000120	491130	20.0	5.09030195671e-06	1.22167246961e-05	1.06896341091e-05	8.0	6.0	14.0	0.142857142857	0.285714285714	0.592980098017	7.0	7.0	14.0	0.0	0	1	6.0	1.0	7.0	0.714285714286	0	1.0	5.0	2.0	7.0	0.428571428571	0	1.0	na	1	0	0	0	0	0	0	0	0	0	0	0
19	51500011	492229	19.0	8.1262989381e-06	1.01578736726e-05	9.14208630536e-06	4.0	7.0	11.0	-0.272727272727	0.818181818182	0.365712296282	5.0	6.0	11.0	-0.0909090909091	0.0909090909091	0.763024600553	6.0	3.0	9.0	0.333333333333	0	1.0	7.0	2.0	9.0	0.555555555556	0	1.0	na	1	0	0	0	0	0	0	0	0	0	0	0
19	52000034	491467	31.0	9.15626074589e-06	2.13646084071e-05	1.52604345765e-05	15.0	7.0	22.0	0.363636363636	2.90909090909	0.0880815116622	16.0	6.0	22.0	0.454545454545	4.54545454545	0.0330062576612	4.0	6.0	10.0	-0.2	0.4	0.527089256866	5.0	5.0	10.0	0.0	0	1	na	1	0	0	0	0	0	0	0	0	0	0	0
19	52500129	491600	52.0	2.23759153784e-05	2.74613506916e-05	3.30553295362e-05	22.0	6.0	28.0	0.571428571429	9.14285714286	0.00249690891514	22.0	6.0	28.0	0.571428571429	9.14285714286	0.00249690891514	9.0	15.0	24.0	-0.25	1.5	0.22067136192	9.0	15.0	24.0	-0.25	1.5	0.22067136192	123	0	0	0	0	0	0	0	0	0	0	1	0
19	53000065	492293	13.0	0.0	1.32035190425e-05	6.60175952126e-06	12.0	1.0	13.0	0.846153846154	9.30769230769	0.00228193725332	12.0	1.0	13.0	0.846153846154	9.30769230769	0.00228193725332	0.0	0.0	0.0	0	0	1.0	0.0	0.0	0.0	0	0	1.0	na	1	0	0	0	0	0	0	0	0	0	0	0
19	53500126	491769	11.0	2.03347506655e-06	8.13390026618e-06	6.10042519964e-06	5.0	3.0	8.0	0.25	0	1.0	5.0	3.0	8.0	0.25	0	1.0	1.0	2.0	3.0	-0.333333333333	0	1.0	1.0	2.0	3.0	-0.333333333333	0	1.0	na	1	0	0	0	0	0	0	0	0	0	0	0
19	53741524	237605	25.0	6.31299846384e-06	3.57736579617e-05	2.10433282128e-05	17.0	3.0	20.0	0.7	9.8	0.00174511869953	16.0	4.0	20.0	0.6	7.2	0.00729035809154	5.0	3.0	8.0	0.25	0	1.0	4.0	4.0	8.0	0.0	0	1.0	na	1	0	0	0	0	0	0	0	0	0	0	0
