#chrom	pos	AAAAA	AAABA	AABAA	AABBA	ABAAA	ABABA	ABBAA	ABBBA	BAAAA	BAABA	BABAA	BABBA	BBAAA	BBABA	BBBAA	BBBBA
18	500061	492146	23	10	1	13	0	0	1	3	0	0	1	0	0	0	7
18	1000058	493087	11	6	0	5	0	0	0	1	0	1	0	0	0	1	6
18	1500020	492892	14	0	0	0	0	0	0	0	0	0	0	0	0	0	2
18	2000037	492228	0	5	0	4	0	0	0	0	0	0	0	0	0	1	1
18	2500003	491980	5	4	0	3	0	0	0	0	0	0	0	0	0	0	2
18	3000030	492305	12	6	0	7	0	0	0	8	2	0	0	0	0	0	6
18	3500051	492607	6	7	0	6	0	0	1	5	0	1	0	1	0	2	13
18	4000097	492426	12	6	0	4	1	0	0	5	0	0	1	0	1	0	8
18	4500062	493125	45	16	1	9	0	0	2	13	2	2	2	1	0	2	16
18	5000071	492287	8	3	0	2	1	1	0	8	1	0	0	0	1	1	7
18	5500073	493170	34	13	0	32	2	1	0	19	0	1	0	2	2	2	17
18	6000275	492848	15	16	0	10	1	0	0	6	0	4	0	1	0	0	9
18	6500069	492624	21	26	0	21	1	0	2	20	0	1	0	0	0	0	20
18	7000083	493136	23	8	2	8	0	1	0	1	0	0	0	1	0	0	10
18	7500002	493269	3	2	0	0	0	0	0	2	0	0	0	0	0	0	1
18	8000127	492662	4	3	0	3	0	0	1	1	2	1	1	0	1	0	2
18	8500168	493129	14	1	0	5	0	0	0	1	0	0	0	0	0	0	0
18	9000054	493614	9	0	0	0	0	0	0	0	0	0	0	0	0	0	0
18	9500030	493853	9	0	0	0	0	0	0	0	0	1	0	0	0	0	0
18	10000021	493003	36	11	2	6	2	0	4	1	0	1	0	1	0	0	1
18	10500216	493251	3	1	0	3	0	0	0	0	0	0	0	0	0	0	3
18	11000102	493245	8	10	1	4	1	1	0	7	0	0	0	0	1	0	10
18	11500023	491898	12	11	2	4	0	3	1	5	0	1	0	0	0	1	6
18	12000263	492891	45	36	0	28	2	0	2	25	2	3	4	2	1	5	26
18	12500102	492502	22	8	0	9	0	0	0	5	0	1	0	0	0	0	9
18	13000181	492813	23	6	0	4	1	0	0	0	0	0	0	0	0	0	3
18	13500077	492917	33	31	0	17	3	0	0	4	1	2	2	0	0	4	27
18	14000058	492670	38	29	1	13	2	2	0	11	3	1	2	1	1	1	17
18	14500069	492574	18	10	0	7	0	0	0	3	0	1	1	0	0	0	14
18	15000025	492370	11	2	0	2	0	0	0	2	1	0	0	0	2	0	1
18	15500058	492941	34	5	0	2	0	0	0	0	0	0	0	0	0	0	1
18	16000199	492614	20	25	1	25	1	0	0	12	1	0	0	1	1	2	19
18	16500114	493006	26	9	0	7	1	0	0	5	0	2	0	0	0	1	7
18	17000024	493037	25	14	1	11	1	0	0	10	0	0	0	0	1	1	4
18	17500041	493192	32	17	1	16	0	1	0	8	0	0	0	0	0	0	14
18	18000033	494026	6	1	0	1	0	0	0	1	0	0	0	0	0	1	3
18	18500148	493139	8	9	0	9	0	0	0	4	0	1	0	0	0	0	6
18	19000017	492358	31	22	4	15	2	1	2	12	0	1	2	0	1	1	16
18	19500011	493385	24	6	1	19	2	3	1	12	0	1	0	3	2	2	21
18	20000027	493205	9	2	0	7	0	0	0	5	0	0	0	0	0	0	7
18	20500044	492643	13	1	0	1	0	0	0	0	0	4	0	1	0	0	5
18	21000047	492699	18	4	0	2	0	1	0	5	0	1	0	0	0	2	5
18	21500065	493037	23	17	1	11	0	1	1	6	0	1	0	0	1	1	19
18	22000003	493141	8	1	0	0	1	0	0	0	0	1	0	0	0	0	4
18	22500001	493157	16	3	0	1	1	0	0	3	0	1	0	0	0	3	3
18	23000079	493351	43	6	1	5	0	2	0	2	0	3	0	1	0	0	2
18	23500007	492508	24	36	1	19	0	2	3	21	0	1	3	3	0	0	38
18	24000459	493882	8	3	0	0	0	0	0	0	0	0	0	0	1	0	2
18	24500051	492815	19	7	1	8	2	0	1	5	0	0	0	0	1	1	8
18	25000152	492480	48	34	0	29	1	0	1	26	1	3	3	1	2	4	38
18	25500092	490602	64	51	2	39	1	6	4	46	3	7	4	7	9	6	34
18	26000016	492222	18	6	0	6	1	0	0	7	2	1	0	1	0	0	10
18	26500011	492501	14	4	0	1	0	0	0	0	0	0	0	0	1	0	4
18	27000062	492121	6	2	0	0	0	0	1	2	0	0	0	0	0	0	5
18	27500066	492106	16	12	0	20	0	1	0	13	0	0	0	0	0	0	11
18	28000002	491589	19	7	0	2	1	0	0	7	0	1	0	0	1	1	9
18	28500058	491094	23	13	0	14	0	0	0	11	0	0	1	0	0	0	18
18	29000354	492262	6	5	0	7	0	1	1	4	0	0	0	0	0	0	12
18	29500063	492049	20	4	0	6	1	1	0	2	1	1	0	0	0	0	6
18	30000082	491992	12	11	0	7	1	2	0	7	0	0	0	0	0	1	14
18	30500078	492215	27	17	1	14	2	1	3	6	0	0	0	1	1	1	9
18	31000001	492503	24	8	0	25	1	0	0	4	0	2	0	0	1	2	12
18	31500002	492132	42	29	3	38	4	3	6	22	0	2	3	2	2	1	12
18	32000074	491259	9	5	0	5	3	0	0	4	0	1	0	0	0	1	3
18	32500040	492076	7	2	0	0	0	0	1	3	0	0	1	1	1	1	3
18	33000093	492747	4	8	0	1	1	0	0	0	0	1	0	0	0	2	1
18	33500037	492407	12	1	0	0	0	0	0	0	0	1	0	0	0	0	0
18	34000019	492821	11	3	0	3	0	0	0	0	0	0	0	0	0	1	2
18	34500001	493255	11	8	0	0	0	0	0	1	0	1	0	0	0	0	3
18	35000009	494147	17	5	0	8	1	2	0	2	0	0	0	0	0	1	3
18	35500027	492629	23	7	1	8	0	0	1	1	0	1	1	0	0	3	4
18	36000026	493445	9	2	0	2	1	0	0	2	0	0	0	0	0	0	4
18	36500036	493444	23	7	0	13	3	1	0	5	1	0	0	0	1	1	5
18	37000107	492707	10	2	0	2	1	2	0	0	0	1	0	0	0	0	0
18	37500041	491608	37	18	0	16	0	3	1	10	1	2	1	0	2	1	27
18	38000148	492290	19	29	0	31	0	0	1	14	2	8	4	1	2	0	29
18	38500044	492426	22	12	1	11	0	0	0	6	0	7	1	3	1	2	19
18	39000008	491963	29	7	0	3	0	0	0	2	0	1	0	0	0	0	8
18	39500120	492068	25	2	0	0	0	0	0	7	1	4	1	0	0	2	10
18	40000000	490285	32	24	0	32	1	1	0	14	1	1	0	5	1	0	22
18	40500004	491345	14	1	0	1	0	1	0	2	0	0	0	1	1	1	5
18	41000068	490893	28	18	2	22	0	1	0	12	1	0	1	1	0	1	16
18	41500085	491280	57	25	1	21	0	2	0	13	2	1	3	5	2	2	27
18	42000189	492749	43	12	1	11	1	0	1	6	0	0	0	0	1	1	11
18	42500134	493043	14	2	0	2	3	0	0	1	0	2	0	0	0	0	1
18	43000018	493814	14	3	0	8	0	0	0	2	0	0	1	0	0	1	9
18	43500064	494003	10	3	0	3	0	1	0	1	0	1	0	0	0	0	0
18	44000015	492315	2	0	0	2	0	0	0	0	0	0	1	0	0	0	1
18	44500017	491482	23	6	3	6	2	0	0	2	0	0	1	1	1	2	8
18	45000027	491518	12	4	2	6	1	0	0	1	0	0	0	0	1	0	0
18	45500033	491943	15	2	0	1	0	0	0	0	0	0	0	0	0	0	3
18	46000021	491672	3	2	0	6	1	0	0	0	0	0	0	0	1	1	1
18	46500021	492322	1	4	0	0	0	1	0	3	0	0	0	0	0	0	1
18	47000037	492237	8	7	0	12	2	0	0	4	0	0	1	0	0	0	3
18	47500008	490850	7	0	1	0	0	0	1	0	0	0	0	0	0	0	1
18	48000048	491638	5	0	0	1	0	0	0	0	0	0	0	0	0	0	0
18	48500034	491831	7	2	1	4	0	0	0	1	0	0	0	0	0	0	2
18	49000045	492226	4	6	2	6	1	0	0	4	0	1	0	0	0	0	4
18	49500084	491129	4	6	1	7	0	1	0	0	0	1	0	0	2	0	0
18	50000154	492789	33	5	0	0	0	0	0	3	1	1	0	1	0	4	6
18	50500368	492995	19	5	1	7	0	0	0	1	0	1	0	0	0	2	9
18	51000012	492510	10	6	0	5	0	0	0	4	0	1	0	0	0	1	1
18	51500044	492875	9	1	1	1	0	0	0	0	0	0	0	0	0	0	0
18	52000220	492492	14	6	0	5	0	0	2	1	0	0	3	0	1	0	2
18	52501175	493505	29	4	0	10	0	0	0	3	0	0	0	0	0	0	1
18	53000023	491006	11	1	0	0	0	0	0	0	0	0	0	0	0	0	0
18	53500022	491795	42	3	0	10	2	0	2	5	0	1	2	0	0	2	8
18	54000241	492176	42	26	0	33	0	2	1	3	2	2	1	2	1	0	25
18	54500083	490737	27	8	8	14	2	2	4	6	1	2	1	1	1	0	9
18	55000162	492147	10	2	0	7	0	0	0	0	0	2	0	0	0	0	1
18	55500012	491443	17	8	0	2	0	0	0	0	0	0	0	0	0	0	1
18	55844820	336712	73	82	3	61	2	4	3	54	5	3	3	3	8	5	56
