#chrom	coord	total	dtotal	T12	T34	T1234	DFO_left	DFO_right	DFO_total	DFO_stat	DFO_chisq	DFO_Pvalue	DIL_left	DIL_right	DIL_total	DIL_stat	DIL_chisq	DIL_Pvalue	DFI_left	DFI_right	DFI_total	DFI_stat	DFI_chisq	DFI_Pvalue	DOL_left	DOL_right	DOL_total	DOL_stat	DOL_chisq	DOL_Pvalue	introgression	introgna	intrognone	introg13	introg14	introg23	introg24	introg31	introg41	introg32	introg42	introg123	introg124
22	500061	490724	310.0	0.000129400640686	0.000137551862147	0.000153854305068	79.0	90.0	169.0	-0.0650887573964	0.715976331361	0.397466925423	80.0	89.0	169.0	-0.0532544378698	0.479289940828	0.488744120387	90.0	76.0	166.0	0.0843373493976	1.18072289157	0.27720887834	91.0	75.0	166.0	0.0963855421687	1.5421686747	0.214295290739	none	0	1	0	0	0	0	0	0	0	0	0	0
22	1000123	493570	18.0	0.0	1.82344956136e-05	1.41823854772e-05	13.0	5.0	18.0	0.444444444444	3.55555555556	0.0593464387919	13.0	5.0	18.0	0.444444444444	3.55555555556	0.0593464387919	0.0	0.0	0.0	0	0	1.0	0.0	0.0	0.0	0	0	1.0	na	1	0	0	0	0	0	0	0	0	0	0	0
22	1500011	493005	17.0	2.02837699415e-06	1.4198638959e-05	8.11350797659e-06	11.0	4.0	15.0	0.466666666667	3.26666666667	0.070701144866	11.0	4.0	15.0	0.466666666667	3.26666666667	0.070701144866	2.0	0.0	2.0	1.0	0	1.0	2.0	0.0	2.0	1.0	0	1.0	na	1	0	0	0	0	0	0	0	0	0	0	0
22	2000026	493724	43.0	1.21525386653e-05	2.83559235524e-05	2.02542311089e-05	10.0	20.0	30.0	-0.333333333333	3.33333333333	0.0678891548618	10.0	20.0	30.0	-0.333333333333	3.33333333333	0.0678891548618	4.0	11.0	15.0	-0.466666666667	3.26666666667	0.070701144866	4.0	11.0	15.0	-0.466666666667	3.26666666667	0.070701144866	none	0	1	0	0	0	0	0	0	0	0	0	0
22	2500018	493615	30.0	9.1164166405e-06	1.8232833281e-05	1.67134305076e-05	13.0	8.0	21.0	0.238095238095	1.19047619048	0.275233524075	11.0	10.0	21.0	0.047619047619	0.047619047619	0.827259346563	8.0	3.0	11.0	0.454545454545	2.27272727273	0.131668016023	6.0	5.0	11.0	0.0909090909091	0.0909090909091	0.763024600553	none	0	1	0	0	0	0	0	0	0	0	0	0
22	3000044	493860	18.0	9.11189405905e-06	7.08702871259e-06	8.09946138582e-06	5.0	3.0	8.0	0.25	0	1.0	5.0	3.0	8.0	0.25	0	1.0	7.0	3.0	10.0	0.4	1.6	0.205903210732	7.0	3.0	10.0	0.4	1.6	0.205903210732	na	1	0	0	0	0	0	0	0	0	0	0	0
22	3500011	493853	23.0	1.01244702371e-06	2.12613874979e-05	1.11369172608e-05	20.0	2.0	22.0	0.818181818182	14.7272727273	0.000124236123431	20.0	2.0	22.0	0.818181818182	14.7272727273	0.000124236123431	1.0	0.0	1.0	1.0	0	1.0	1.0	0.0	1.0	1.0	0	1.0	na	1	0	0	0	0	0	0	0	0	0	0	0
22	4000152	493343	119.0	5.67556446529e-05	5.47286573439e-05	5.97961256165e-05	39.0	22.0	61.0	0.27868852459	4.73770491803	0.0295084120367	39.0	22.0	61.0	0.27868852459	4.73770491803	0.0295084120367	39.0	23.0	62.0	0.258064516129	4.12903225806	0.0421534502357	39.0	23.0	62.0	0.258064516129	4.12903225806	0.0421534502357	none	0	1	0	0	0	0	0	0	0	0	0	0
22	4500013	493470	106.0	3.03969846191e-05	6.28204348795e-05	4.762194257e-05	53.0	21.0	74.0	0.432432432432	13.8378378378	0.000199282388595	54.0	20.0	74.0	0.459459459459	15.6216216216	7.73648889428e-05	19.0	18.0	37.0	0.027027027027	0.027027027027	0.869417060741	20.0	17.0	37.0	0.0810810810811	0.243243243243	0.621873424331	123	0	0	0	0	0	0	0	0	0	0	1	0
22	5000008	493120	40.0	3.0418559377e-06	3.4474367294e-05	1.87581116158e-05	22.0	14.0	36.0	0.222222222222	1.77777777778	0.182422439452	24.0	12.0	36.0	0.333333333333	4.0	0.0455002638964	4.0	2.0	6.0	0.333333333333	0	1.0	6.0	0.0	6.0	1.0	0	1.0	na	1	0	0	0	0	0	0	0	0	0	0	0
22	5500122	493424	25.0	4.05330912157e-06	2.02665456078e-05	1.21599273647e-05	16.0	5.0	21.0	0.52380952381	5.7619047619	0.0163773083415	16.0	5.0	21.0	0.52380952381	5.7619047619	0.0163773083415	3.0	1.0	4.0	0.5	0	1.0	3.0	1.0	4.0	0.5	0	1.0	na	1	0	0	0	0	0	0	0	0	0	0	0
22	6000010	492770	68.0	6.08803295655e-06	5.98656574061e-05	3.29768451813e-05	55.0	7.0	62.0	0.774193548387	37.1612903226	1.0875126355e-09	54.0	8.0	62.0	0.741935483871	34.1290322581	5.15759968067e-09	3.0	4.0	7.0	-0.142857142857	0	1.0	2.0	5.0	7.0	-0.428571428571	0	1.0	na	1	0	0	0	0	0	0	0	0	0	0	0
22	6500031	493174	53.0	2.43321829618e-05	2.33183420051e-05	2.48391034402e-05	8.0	18.0	26.0	-0.384615384615	3.84615384615	0.0498602037569	8.0	18.0	26.0	-0.384615384615	3.84615384615	0.0498602037569	18.0	11.0	29.0	0.241379310345	1.68965517241	0.193646431269	18.0	11.0	29.0	0.241379310345	1.68965517241	0.193646431269	none	0	1	0	0	0	0	0	0	0	0	0	0
22	7000100	493403	72.0	1.92540377744e-05	4.96551500498e-05	3.44545939121e-05	36.0	16.0	52.0	0.384615384615	7.69230769231	0.00554566731524	33.0	19.0	52.0	0.269230769231	3.76923076923	0.0522036353413	13.0	10.0	23.0	0.130434782609	0.391304347826	0.531614576882	10.0	13.0	23.0	-0.130434782609	0.391304347826	0.531614576882	none	0	1	0	0	0	0	0	0	0	0	0	0
22	7500150	493620	21.0	1.012924922e-06	2.02584984401e-05	1.16486366031e-05	10.0	10.0	20.0	0.0	0	1	10.0	10.0	20.0	0.0	0	1	1.0	0.0	1.0	1.0	0	1.0	1.0	0.0	1.0	1.0	0	1.0	na	1	0	0	0	0	0	0	0	0	0	0	0
22	8000004	492631	89.0	3.14637121903e-05	4.97329644298e-05	4.66880890565e-05	30.0	27.0	57.0	0.0526315789474	0.157894736842	0.691102223845	30.0	27.0	57.0	0.0526315789474	0.157894736842	0.691102223845	23.0	17.0	40.0	0.15	0.9	0.342781711148	23.0	17.0	40.0	0.15	0.9	0.342781711148	none	0	1	0	0	0	0	0	0	0	0	0	0
22	8500161	493892	35.0	1.5185506143e-05	1.82226073717e-05	1.67040567573e-05	12.0	7.0	19.0	0.263157894737	1.31578947368	0.25134910881	13.0	6.0	19.0	0.368421052632	2.57894736842	0.108293655899	10.0	7.0	17.0	0.176470588235	0.529411764706	0.466854270823	11.0	6.0	17.0	0.294117647059	1.47058823529	0.225252906361	none	0	1	0	0	0	0	0	0	0	0	0	0
22	9000195	493411	24.0	8.10683182985e-06	1.5200309681e-05	1.26669247341e-05	11.0	5.0	16.0	0.375	2.25	0.133614402538	12.0	4.0	16.0	0.5	4.0	0.0455002638964	4.0	5.0	9.0	-0.111111111111	0	1.0	5.0	4.0	9.0	0.111111111111	0	1.0	na	1	0	0	0	0	0	0	0	0	0	0	0
22	9500058	493299	32.0	5.06792026742e-06	2.33124332302e-05	1.41901767488e-05	22.0	5.0	27.0	0.62962962963	10.7037037037	0.00106921275492	21.0	6.0	27.0	0.555555555556	8.33333333333	0.00389241712278	6.0	2.0	8.0	0.5	0	1.0	5.0	3.0	8.0	0.25	0	1.0	na	1	0	0	0	0	0	0	0	0	0	0	0
22	10000004	493712	34.0	4.0509446803e-06	2.83566127621e-05	1.72165148913e-05	25.0	4.0	29.0	0.724137931034	15.2068965517	9.63509000979e-05	25.0	4.0	29.0	0.724137931034	15.2068965517	9.63509000979e-05	3.0	2.0	5.0	0.2	0	1.0	3.0	2.0	5.0	0.2	0	1.0	na	1	0	0	0	0	0	0	0	0	0	0	0
22	10500039	493450	23.0	1.11460127673e-05	1.11460127673e-05	1.11460127673e-05	1.0	11.0	12.0	-0.833333333333	8.33333333333	0.00389241712278	2.0	10.0	12.0	-0.666666666667	5.33333333333	0.0209213353378	7.0	5.0	12.0	0.166666666667	0.333333333333	0.563702861651	8.0	4.0	12.0	0.333333333333	1.33333333333	0.24821307899	none	0	1	0	0	0	0	0	0	0	0	0	0
22	11000159	493269	28.0	7.09551988874e-06	1.82456225711e-05	1.36842169283e-05	15.0	5.0	20.0	0.5	5.0	0.0253473186775	14.0	6.0	20.0	0.4	3.2	0.0736382701203	2.0	7.0	9.0	-0.555555555556	0	1.0	1.0	8.0	9.0	-0.777777777778	0	1.0	na	1	0	0	0	0	0	0	0	0	0	0	0
22	11500024	492970	45.0	6.08556301601e-06	3.44848570907e-05	2.23137310587e-05	29.0	9.0	38.0	0.526315789474	10.5263157895	0.00117686591062	29.0	9.0	38.0	0.526315789474	10.5263157895	0.00117686591062	5.0	4.0	9.0	0.111111111111	0	1.0	5.0	4.0	9.0	0.111111111111	0	1.0	na	1	0	0	0	0	0	0	0	0	0	0	0
22	12000104	493320	28.0	7.09478634558e-06	1.82437363172e-05	1.67234249574e-05	16.0	5.0	21.0	0.52380952381	5.7619047619	0.0163773083415	15.0	6.0	21.0	0.428571428571	3.85714285714	0.0495346134356	8.0	2.0	10.0	0.6	3.6	0.0577795711236	7.0	3.0	10.0	0.4	1.6	0.205903210732	none	0	1	0	0	0	0	0	0	0	0	0	0
22	12500042	493145	57.0	2.2305812692e-05	2.94031167304e-05	2.68683652881e-05	28.0	4.0	32.0	0.75	18.0	2.20904969986e-05	27.0	5.0	32.0	0.6875	15.125	0.00010062192212	13.0	13.0	26.0	0.0	0	1	12.0	14.0	26.0	-0.0769230769231	0.153846153846	0.694886602372	na	1	0	0	0	0	0	0	0	0	0	0	0
22	13000140	492982	34.0	3.04270744165e-06	3.04270744165e-05	1.87633625568e-05	24.0	7.0	31.0	0.548387096774	9.32258064516	0.00226346981204	24.0	7.0	31.0	0.548387096774	9.32258064516	0.00226346981204	0.0	3.0	3.0	-1.0	0	1.0	0.0	3.0	3.0	-1.0	0	1.0	na	1	0	0	0	0	0	0	0	0	0	0	0
22	13500166	492731	77.0	1.92802969572e-05	5.68261384001e-05	3.906797015e-05	38.0	20.0	58.0	0.310344827586	5.58620689655	0.0181024551495	37.0	21.0	58.0	0.275862068966	4.41379310345	0.0356494885489	14.0	6.0	20.0	0.4	3.2	0.0736382701203	13.0	7.0	20.0	0.3	1.8	0.179712494879	none	0	1	0	0	0	0	0	0	0	0	0	0
22	14000105	492697	41.0	1.31926924662e-05	2.43557399375e-05	1.97890386992e-05	20.0	8.0	28.0	0.428571428571	5.14285714286	0.0233422020129	17.0	11.0	28.0	0.214285714286	1.28571428571	0.256839257958	13.0	3.0	16.0	0.625	6.25	0.0124193306516	10.0	6.0	16.0	0.25	1.0	0.317310507863	none	0	1	0	0	0	0	0	0	0	0	0	0
22	14500023	492149	37.0	1.82871447468e-05	1.5239287289e-05	1.77791685038e-05	7.0	11.0	18.0	-0.222222222222	0.888888888889	0.345778586151	9.0	9.0	18.0	0.0	0	1	15.0	6.0	21.0	0.428571428571	3.85714285714	0.0495346134356	17.0	4.0	21.0	0.619047619048	8.04761904762	0.00455634980319	na	1	0	0	0	0	0	0	0	0	0	0	0
22	15000004	492726	70.0	2.63838319878e-05	3.85609852129e-05	3.65314596754e-05	19.0	23.0	42.0	-0.0952380952381	0.380952380952	0.537093978443	17.0	25.0	42.0	-0.190476190476	1.52380952381	0.217043907757	23.0	9.0	32.0	0.4375	6.125	0.0133283287808	21.0	11.0	32.0	0.3125	3.125	0.0770998717435	none	0	1	0	0	0	0	0	0	0	0	0	0
22	15500005	493184	4.0	2.02764079938e-06	2.02764079938e-06	4.05528159875e-06	1.0	1.0	2.0	0.0	0	1.0	1.0	1.0	2.0	0.0	0	1.0	1.0	1.0	2.0	0.0	0	1.0	1.0	1.0	2.0	0.0	0	1.0	na	1	0	0	0	0	0	0	0	0	0	0	0
22	16000136	493425	71.0	1.92531793079e-05	4.55996352029e-05	3.34397324821e-05	33.0	18.0	51.0	0.294117647059	4.41176470588	0.0356919001168	31.0	20.0	51.0	0.21568627451	2.37254901961	0.123485272145	12.0	10.0	22.0	0.0909090909091	0.181818181818	0.669815357599	10.0	12.0	22.0	-0.0909090909091	0.181818181818	0.669815357599	none	0	1	0	0	0	0	0	0	0	0	0	0
22	16500344	492847	106.0	6.18853315532e-05	3.75370043847e-05	5.47837361291e-05	24.0	20.0	44.0	0.0909090909091	0.363636363636	0.546493595407	22.0	22.0	44.0	0.0	0	1	43.0	25.0	68.0	0.264705882353	4.76470588235	0.0290490221619	41.0	27.0	68.0	0.205882352941	2.88235294118	0.0895550744136	na	1	0	0	0	0	0	0	0	0	0	0	0
22	17000031	492747	78.0	2.63827075558e-05	3.85593418123e-05	3.45004637268e-05	39.0	12.0	51.0	0.529411764706	14.2941176471	0.0001563527116	37.0	14.0	51.0	0.450980392157	10.3725490196	0.00127902832768	16.0	15.0	31.0	0.0322580645161	0.0322580645161	0.857462441959	14.0	17.0	31.0	-0.0967741935484	0.290322580645	0.590013887163	123	0	0	0	0	0	0	0	0	0	0	1	0
22	17500192	493046	66.0	2.94090206593e-05	3.14372289807e-05	3.44795414627e-05	20.0	15.0	35.0	0.142857142857	0.714285714286	0.398024719507	19.0	16.0	35.0	0.0857142857143	0.257142857143	0.612089880089	20.0	14.0	34.0	0.176470588235	1.05882352941	0.303483664025	19.0	15.0	34.0	0.117647058824	0.470588235294	0.492716677227	none	0	1	0	0	0	0	0	0	0	0	0	0
22	18000019	491846	92.0	3.65968209562e-05	4.67626045551e-05	4.26962911155e-05	30.0	24.0	54.0	0.111111111111	0.666666666667	0.414216178243	28.0	26.0	54.0	0.037037037037	0.0740740740741	0.785494747118	27.0	15.0	42.0	0.285714285714	3.42857142857	0.0640775064511	25.0	17.0	42.0	0.190476190476	1.52380952381	0.217043907757	none	0	1	0	0	0	0	0	0	0	0	0	0
22	18500175	493001	83.0	2.73833115957e-05	5.07098362884e-05	4.10749673936e-05	37.0	18.0	55.0	0.345454545455	6.56363636364	0.0104083461878	34.0	21.0	55.0	0.236363636364	3.07272727273	0.0796158014601	22.0	9.0	31.0	0.41935483871	5.45161290323	0.0195502690929	19.0	12.0	31.0	0.225806451613	1.58064516129	0.208667787698	none	0	1	0	0	0	0	0	0	0	0	0	0
22	19000142	492543	55.0	1.92876561031e-05	3.14693336419e-05	2.63936346674e-05	26.0	10.0	36.0	0.444444444444	7.11111111111	0.00766076113518	26.0	10.0	36.0	0.444444444444	7.11111111111	0.00766076113518	15.0	6.0	21.0	0.428571428571	3.85714285714	0.0495346134356	15.0	6.0	21.0	0.428571428571	3.85714285714	0.0495346134356	123	0	0	0	0	0	0	0	0	0	0	1	0
22	19500232	492873	46.0	1.21735213737e-05	3.14482635486e-05	2.28253525756e-05	22.0	12.0	34.0	0.294117647059	2.94117647059	0.0863478209837	22.0	12.0	34.0	0.294117647059	2.94117647059	0.0863478209837	11.0	1.0	12.0	0.833333333333	8.33333333333	0.00389241712278	11.0	1.0	12.0	0.833333333333	8.33333333333	0.00389241712278	none	0	1	0	0	0	0	0	0	0	0	0	0
22	20000003	493191	78.0	2.63589562664e-05	4.76488824816e-05	3.7003919374e-05	32.0	20.0	52.0	0.230769230769	2.76923076923	0.0960923294557	33.0	19.0	52.0	0.269230769231	3.76923076923	0.0522036353413	14.0	15.0	29.0	-0.0344827586207	0.0344827586207	0.852683684335	15.0	14.0	29.0	0.0344827586207	0.0344827586207	0.852683684335	none	0	1	0	0	0	0	0	0	0	0	0	0
22	20500171	492650	86.0	3.95818532427e-05	3.65370953009e-05	4.31340708414e-05	25.0	20.0	45.0	0.111111111111	0.555555555556	0.45605654025	23.0	22.0	45.0	0.0222222222222	0.0222222222222	0.881497452191	31.0	16.0	47.0	0.31914893617	4.78723404255	0.0286714327067	29.0	18.0	47.0	0.234042553191	2.57446808511	0.108600601382	none	0	1	0	0	0	0	0	0	0	0	0	0
22	21000058	492499	124.0	4.26396804867e-05	6.90356731689e-05	5.88833682911e-05	47.0	28.0	75.0	0.253333333333	4.81333333333	0.0282403687333	49.0	26.0	75.0	0.306666666667	7.05333333333	0.00791178868071	28.0	25.0	53.0	0.0566037735849	0.169811320755	0.680279547334	30.0	23.0	53.0	0.132075471698	0.924528301887	0.336288790403	none	0	1	0	0	0	0	0	0	0	0	0	0
22	21500042	493005	15.0	5.07094248537e-06	9.12769647367e-06	8.11350797659e-06	4.0	6.0	10.0	-0.2	0.4	0.527089256866	5.0	5.0	10.0	0.0	0	1	0.0	6.0	6.0	-1.0	0	1.0	1.0	5.0	6.0	-0.666666666667	0	1.0	na	1	0	0	0	0	0	0	0	0	0	0	0
22	22000016	493302	16.0	2.02715577881e-06	1.31765125623e-05	8.61541205996e-06	7.0	7.0	14.0	0.0	0	1	6.0	8.0	14.0	-0.142857142857	0.285714285714	0.592980098017	3.0	0.0	3.0	1.0	0	1.0	2.0	1.0	3.0	0.333333333333	0	1.0	na	1	0	0	0	0	0	0	0	0	0	0	0
22	22500013	492839	22.0	1.01453010009e-06	1.92760719018e-05	1.01453010009e-05	13.0	8.0	21.0	0.238095238095	1.19047619048	0.275233524075	13.0	8.0	21.0	0.238095238095	1.19047619048	0.275233524075	0.0	1.0	1.0	-1.0	0	1.0	0.0	1.0	1.0	-1.0	0	1.0	na	1	0	0	0	0	0	0	0	0	0	0	0
22	23000044	492290	107.0	4.77360905158e-05	5.28143980174e-05	5.53535517683e-05	39.0	17.0	56.0	0.392857142857	8.64285714286	0.00328346098607	37.0	19.0	56.0	0.321428571429	5.78571428571	0.0161569312612	33.0	20.0	53.0	0.245283018868	3.18867924528	0.0741498977382	31.0	22.0	53.0	0.169811320755	1.52830188679	0.216367480258	none	0	1	0	0	0	0	0	0	0	0	0	0
22	23500013	492832	53.0	1.31890786313e-05	3.44945133433e-05	2.68854295176e-05	28.0	12.0	40.0	0.4	6.4	0.011412036386	26.0	14.0	40.0	0.3	3.6	0.0577795711236	13.0	4.0	17.0	0.529411764706	4.76470588235	0.0290490221619	11.0	6.0	17.0	0.294117647059	1.47058823529	0.225252906361	none	0	1	0	0	0	0	0	0	0	0	0	0
22	24000028	492913	62.0	1.72444224437e-05	4.26038672139e-05	3.09385226196e-05	28.0	16.0	44.0	0.272727272727	3.27272727273	0.0704404292721	30.0	14.0	44.0	0.363636363636	5.81818181818	0.0158613327398	9.0	11.0	20.0	-0.1	0.2	0.654720846019	11.0	9.0	20.0	0.1	0.2	0.654720846019	none	0	1	0	0	0	0	0	0	0	0	0	0
22	24500009	492762	109.0	3.75434794079e-05	5.98666293261e-05	4.8705054367e-05	35.0	34.0	69.0	0.0144927536232	0.0144927536232	0.904177497499	37.0	32.0	69.0	0.0724637681159	0.36231884058	0.547221222767	30.0	18.0	48.0	0.25	3.0	0.0832645166636	32.0	16.0	48.0	0.333333333333	5.33333333333	0.0209213353378	none	0	1	0	0	0	0	0	0	0	0	0	0
22	25000030	492635	89.0	3.14634567174e-05	4.87176104012e-05	4.31353842094e-05	27.0	30.0	57.0	-0.0526315789474	0.157894736842	0.691102223845	28.0	29.0	57.0	-0.0175438596491	0.0175438596491	0.894625809547	24.0	15.0	39.0	0.230769230769	2.07692307692	0.149541354585	25.0	14.0	39.0	0.282051282051	3.10256410256	0.0781690858243	none	0	1	0	0	0	0	0	0	0	0	0	0
22	25500103	493289	38.0	4.05441840382e-06	3.24353472305e-05	1.82448828172e-05	33.0	1.0	34.0	0.941176470588	30.1176470588	4.06614245607e-08	33.0	1.0	34.0	0.941176470588	30.1176470588	4.06614245607e-08	5.0	1.0	6.0	0.666666666667	0	1.0	5.0	1.0	6.0	0.666666666667	0	1.0	na	1	0	0	0	0	0	0	0	0	0	0	0
22	26000014	493878	7.0	4.04958309542e-06	3.03718732157e-06	3.54338520849e-06	2.0	1.0	3.0	0.333333333333	0	1.0	2.0	1.0	3.0	0.333333333333	0	1.0	3.0	1.0	4.0	0.5	0	1.0	3.0	1.0	4.0	0.5	0	1.0	na	1	0	0	0	0	0	0	0	0	0	0	0
22	26500129	494106	27.0	3.03578584352e-06	2.02385722902e-05	1.26491076813e-05	18.0	5.0	23.0	0.565217391304	7.34782608696	0.00671438978555	21.0	2.0	23.0	0.826086956522	15.6956521739	7.43949840484e-05	2.0	5.0	7.0	-0.428571428571	0	1.0	5.0	2.0	7.0	0.428571428571	0	1.0	na	1	0	0	0	0	0	0	0	0	0	0	0
22	27000040	493321	72.0	2.83790878556e-05	3.85144763754e-05	3.44603209675e-05	31.0	12.0	43.0	0.441860465116	8.39534883721	0.00376182313279	30.0	13.0	43.0	0.395348837209	6.72093023256	0.00952879138632	22.0	12.0	34.0	0.294117647059	2.94117647059	0.0863478209837	21.0	13.0	34.0	0.235294117647	1.88235294118	0.170066961454	123	0	0	0	0	0	0	0	0	0	0	1	0
22	27500080	493364	32.0	1.82421092743e-05	9.12105463714e-06	1.36815819557e-05	10.0	4.0	14.0	0.428571428571	2.57142857143	0.108809430041	9.0	5.0	14.0	0.285714285714	1.14285714286	0.285049407403	8.0	13.0	21.0	-0.238095238095	1.19047619048	0.275233524075	7.0	14.0	21.0	-0.333333333333	2.33333333333	0.126630457948	none	0	1	0	0	0	0	0	0	0	0	0	0
22	28000105	493754	41.0	1.0126500241e-05	2.93668506989e-05	2.07593254941e-05	21.0	9.0	30.0	0.4	4.8	0.0284597369163	22.0	8.0	30.0	0.466666666667	6.53333333333	0.0105871373341	2.0	10.0	12.0	-0.666666666667	5.33333333333	0.0209213353378	3.0	9.0	12.0	-0.5	3.0	0.0832645166636	none	0	1	0	0	0	0	0	0	0	0	0	0
22	28500216	493776	26.0	4.05041962347e-06	1.92394932115e-05	1.16449564175e-05	15.0	4.0	19.0	0.578947368421	6.36842105263	0.0116168914342	15.0	4.0	19.0	0.578947368421	6.36842105263	0.0116168914342	3.0	4.0	7.0	-0.142857142857	0	1.0	3.0	4.0	7.0	-0.142857142857	0	1.0	na	1	0	0	0	0	0	0	0	0	0	0	0
22	29000029	492869	178.0	8.42008728486e-05	8.21719361534e-05	9.13021512816e-05	46.0	42.0	88.0	0.0454545454545	0.181818181818	0.669815357599	50.0	38.0	88.0	0.136363636364	1.63636363636	0.200825122695	55.0	41.0	96.0	0.145833333333	2.04166666667	0.153041884159	59.0	37.0	96.0	0.229166666667	5.04166666667	0.0247446720464	none	0	1	0	0	0	0	0	0	0	0	0	0
22	29500054	493237	71.0	1.52056719184e-05	4.76444386776e-05	3.1425055298e-05	42.0	13.0	55.0	0.527272727273	15.2909090909	9.21589680632e-05	39.0	16.0	55.0	0.418181818182	9.61818181818	0.00192660376486	14.0	7.0	21.0	0.333333333333	2.33333333333	0.126630457948	11.0	10.0	21.0	0.047619047619	0.047619047619	0.827259346563	123	0	0	0	0	0	0	0	0	0	0	1	0
22	30000046	493094	107.0	3.95462122841e-05	5.77983102613e-05	5.07002721591e-05	35.0	32.0	67.0	0.044776119403	0.134328358209	0.713985795669	32.0	35.0	67.0	-0.044776119403	0.134328358209	0.713985795669	31.0	14.0	45.0	0.377777777778	6.42222222222	0.0112701048493	28.0	17.0	45.0	0.244444444444	2.68888888889	0.101050255925	none	0	1	0	0	0	0	0	0	0	0	0	0
22	30500083	493100	36.0	1.41959034679e-05	1.62238896776e-05	1.72378827824e-05	11.0	10.0	21.0	0.047619047619	0.047619047619	0.827259346563	8.0	13.0	21.0	-0.238095238095	1.19047619048	0.275233524075	15.0	5.0	20.0	0.5	5.0	0.0253473186775	12.0	8.0	20.0	0.2	0.8	0.371093369523	none	0	1	0	0	0	0	0	0	0	0	0	0
22	31000101	494218	7.0	2.02339858119e-06	2.02339858119e-06	2.02339858119e-06	2.0	2.0	4.0	0.0	0	1.0	2.0	2.0	4.0	0.0	0	1.0	1.0	2.0	3.0	-0.333333333333	0	1.0	1.0	2.0	3.0	-0.333333333333	0	1.0	na	1	0	0	0	0	0	0	0	0	0	0	0
22	31500071	492747	25.0	1.11619147351e-05	1.31913537779e-05	1.21766342565e-05	7.0	6.0	13.0	0.0769230769231	0.0769230769231	0.781511294999	7.0	6.0	13.0	0.0769230769231	0.0769230769231	0.781511294999	8.0	4.0	12.0	0.333333333333	1.33333333333	0.24821307899	8.0	4.0	12.0	0.333333333333	1.33333333333	0.24821307899	none	0	1	0	0	0	0	0	0	0	0	0	0
22	32000016	492875	40.0	1.11590159777e-05	2.33324879533e-05	1.92746639615e-05	21.0	7.0	28.0	0.5	7.0	0.0081509715935	17.0	11.0	28.0	0.214285714286	1.28571428571	0.256839257958	10.0	6.0	16.0	0.25	1.0	0.317310507863	6.0	10.0	16.0	-0.25	1.0	0.317310507863	none	0	1	0	0	0	0	0	0	0	0	0	0
22	32500015	493066	11.0	2.02812605209e-06	7.09844118232e-06	4.5632836172e-06	7.0	1.0	8.0	0.75	0	1.0	7.0	1.0	8.0	0.75	0	1.0	1.0	2.0	3.0	-0.333333333333	0	1.0	1.0	2.0	3.0	-0.333333333333	0	1.0	na	1	0	0	0	0	0	0	0	0	0	0	0
22	33000250	493725	8.0	2.02541900856e-06	5.06354752139e-06	5.56990227353e-06	5.0	0.0	5.0	1.0	0	1.0	5.0	0.0	5.0	1.0	0	1.0	1.0	2.0	3.0	-0.333333333333	0	1.0	1.0	2.0	3.0	-0.333333333333	0	1.0	na	1	0	0	0	0	0	0	0	0	0	0	0
22	33500040	493321	77.0	3.95280152274e-05	3.44603209675e-05	3.80077069494e-05	25.0	12.0	37.0	0.351351351351	4.56756756757	0.0325827983856	25.0	12.0	37.0	0.351351351351	4.56756756757	0.0325827983856	17.0	25.0	42.0	-0.190476190476	1.52380952381	0.217043907757	17.0	25.0	42.0	-0.190476190476	1.52380952381	0.217043907757	none	0	1	0	0	0	0	0	0	0	0	0	0
22	34000061	492892	46.0	8.11536807252e-06	3.55047353173e-05	2.48533147221e-05	27.0	11.0	38.0	0.421052631579	6.73684210526	0.00944416568783	30.0	8.0	38.0	0.578947368421	12.7368421053	0.000358522528753	7.0	4.0	11.0	0.272727272727	0.818181818182	0.365712296282	10.0	1.0	11.0	0.818181818182	7.36363636364	0.00665560548295	none	0	1	0	0	0	0	0	0	0	0	0	0
22	34500015	492813	104.0	3.04375087508e-05	6.39187683766e-05	5.02218894388e-05	52.0	18.0	70.0	0.485714285714	16.5142857143	4.82849029262e-05	53.0	17.0	70.0	0.514285714286	18.5142857143	1.6863557196e-05	23.0	16.0	39.0	0.179487179487	1.25641025641	0.262331675408	24.0	15.0	39.0	0.230769230769	2.07692307692	0.149541354585	123	0	0	0	0	0	0	0	0	0	0	1	0
22	35000164	493957	173.0	6.47829669384e-05	0.000100211151983	8.55337610359e-05	70.0	37.0	107.0	0.308411214953	10.1775700935	0.00142159403142	74.0	33.0	107.0	0.383177570093	15.7102803738	7.38218510605e-05	47.0	23.0	70.0	0.342857142857	8.22857142857	0.00412359760131	51.0	19.0	70.0	0.457142857143	14.6285714286	0.000130914656047	none	0	1	0	0	0	0	0	0	0	0	0	0
22	35500030	492793	108.0	4.26142416796e-05	5.47897393023e-05	5.07312400947e-05	32.0	32.0	64.0	0.0	0	1	34.0	30.0	64.0	0.0625	0.25	0.617075077452	26.0	26.0	52.0	0.0	0	1	28.0	24.0	52.0	0.0769230769231	0.307692307692	0.579099741954	na	1	0	0	0	0	0	0	0	0	0	0	0
22	36000084	493332	163.0	4.56082313736e-05	0.000100338109022	7.50002027033e-05	69.0	45.0	114.0	0.210526315789	5.05263157895	0.0245885664489	68.0	46.0	114.0	0.19298245614	4.24561403509	0.0393518368613	36.0	24.0	60.0	0.2	2.4	0.121335250358	35.0	25.0	60.0	0.166666666667	1.66666666667	0.196705602459	none	0	1	0	0	0	0	0	0	0	0	0	0
22	36500222	493813	24.0	1.01252903427e-06	1.62004645483e-05	8.6064967913e-06	16.0	1.0	17.0	0.882352941176	13.2352941176	0.000274726763808	15.0	2.0	17.0	0.764705882353	9.94117647059	0.00161622221506	2.0	6.0	8.0	-0.5	0	1.0	1.0	7.0	8.0	-0.75	0	1.0	na	1	0	0	0	0	0	0	0	0	0	0	0
22	37000001	492562	74.0	2.33473146528e-05	4.06040254831e-05	3.40058713421e-05	40.0	9.0	49.0	0.632653061224	19.612244898	9.48593039229e-06	40.0	9.0	49.0	0.632653061224	19.612244898	9.48593039229e-06	21.0	10.0	31.0	0.354838709677	3.90322580645	0.0481934882932	21.0	10.0	31.0	0.354838709677	3.90322580645	0.0481934882932	123	0	0	0	0	0	0	0	0	0	0	1	0
22	37500027	492934	88.0	2.53583644058e-05	4.56450559304e-05	3.55017101681e-05	36.0	24.0	60.0	0.2	2.4	0.121335250358	41.0	19.0	60.0	0.366666666667	8.06666666667	0.0045086983649	20.0	19.0	39.0	0.025641025641	0.025641025641	0.872780123794	25.0	14.0	39.0	0.282051282051	3.10256410256	0.0781690858243	none	0	1	0	0	0	0	0	0	0	0	0	0
22	38000193	493226	67.0	3.04120220751e-05	3.44669583517e-05	3.34532242826e-05	23.0	13.0	36.0	0.277777777778	2.77777777778	0.0955807045456	24.0	12.0	36.0	0.333333333333	4.0	0.0455002638964	22.0	10.0	32.0	0.375	4.5	0.0338948535247	23.0	9.0	32.0	0.4375	6.125	0.0133283287808	none	0	1	0	0	0	0	0	0	0	0	0	0
22	38500038	492527	110.0	3.45158742566e-05	6.8016575741e-05	5.12662249988e-05	48.0	23.0	71.0	0.352112676056	8.80281690141	0.00300765811436	46.0	25.0	71.0	0.295774647887	6.21126760563	0.0126939700553	31.0	12.0	43.0	0.441860465116	8.39534883721	0.00376182313279	29.0	14.0	43.0	0.348837209302	5.23255813953	0.022167905753	none	0	1	0	0	0	0	0	0	0	0	0	0
22	39000321	492886	76.0	2.94185673766e-05	3.8548467597e-05	3.70268175602e-05	23.0	20.0	43.0	0.0697674418605	0.209302325581	0.647314784389	25.0	18.0	43.0	0.162790697674	1.13953488372	0.285750630373	16.0	21.0	37.0	-0.135135135135	0.675675675676	0.411079778723	18.0	19.0	37.0	-0.027027027027	0.027027027027	0.869417060741	none	0	1	0	0	0	0	0	0	0	0	0	0
22	39500072	492442	82.0	2.84297440105e-05	4.46753120164e-05	3.85832240142e-05	38.0	14.0	52.0	0.461538461538	11.0769230769	0.000874087211298	37.0	15.0	52.0	0.423076923077	9.30769230769	0.00228193725332	21.0	12.0	33.0	0.272727272727	2.45454545455	0.117185087198	20.0	13.0	33.0	0.212121212121	1.48484848485	0.223017469947	123	0	0	0	0	0	0	0	0	0	0	1	0
22	40000078	492075	90.0	3.25153685922e-05	5.48696844993e-05	4.36925265458e-05	40.0	16.0	56.0	0.428571428571	10.2857142857	0.00134064111723	39.0	17.0	56.0	0.392857142857	8.64285714286	0.00328346098607	19.0	16.0	35.0	0.0857142857143	0.257142857143	0.612089880089	18.0	17.0	35.0	0.0285714285714	0.0285714285714	0.865772374993	123	0	0	0	0	0	0	0	0	0	0	1	0
22	40500091	492741	47.0	1.11620506514e-05	2.33388331801e-05	2.13093694253e-05	21.0	11.0	32.0	0.3125	3.125	0.0770998717435	16.0	16.0	32.0	0.0	0	1	9.0	11.0	20.0	-0.1	0.2	0.654720846019	4.0	16.0	20.0	-0.6	7.2	0.00729035809154	na	1	0	0	0	0	0	0	0	0	0	0	0
22	41000093	491842	97.0	4.87961581158e-05	3.86302918417e-05	4.47298116062e-05	25.0	21.0	46.0	0.0869565217391	0.347826086957	0.555346316671	23.0	23.0	46.0	0.0	0	1	30.0	25.0	55.0	0.0909090909091	0.454545454545	0.500184257071	28.0	27.0	55.0	0.0181818181818	0.0181818181818	0.892738400944	na	1	0	0	0	0	0	0	0	0	0	0	0
22	41500194	492060	83.0	2.33711336016e-05	4.77584034467e-05	3.55647685242e-05	30.0	28.0	58.0	0.0344827586207	0.0689655172414	0.792848982628	35.0	23.0	58.0	0.206896551724	2.48275862069	0.115100215833	17.0	15.0	32.0	0.0625	0.125	0.723673609832	22.0	10.0	32.0	0.375	4.5	0.0338948535247	none	0	1	0	0	0	0	0	0	0	0	0	0
22	42000017	492197	58.0	2.13329215741e-05	3.1491455657e-05	2.74280420238e-05	20.0	14.0	34.0	0.176470588235	1.05882352941	0.303483664025	21.0	13.0	34.0	0.235294117647	1.88235294118	0.170066961454	12.0	13.0	25.0	-0.04	0.04	0.841480581122	13.0	12.0	25.0	0.04	0.04	0.841480581122	none	0	1	0	0	0	0	0	0	0	0	0	0
22	42500067	493382	95.0	3.44560604157e-05	5.67511583317e-05	4.56036093737e-05	32.0	28.0	60.0	0.0666666666667	0.266666666667	0.605576616335	31.0	29.0	60.0	0.0333333333333	0.0666666666667	0.796253414738	20.0	18.0	38.0	0.0526315789474	0.105263157895	0.745602788927	19.0	19.0	38.0	0.0	0	1	na	1	0	0	0	0	0	0	0	0	0	0	0
22	43000285	493272	89.0	3.9531941809e-05	4.66274185439e-05	4.61205987771e-05	30.0	17.0	47.0	0.276595744681	3.59574468085	0.0579276698839	30.0	17.0	47.0	0.276595744681	3.59574468085	0.0579276698839	24.0	18.0	42.0	0.142857142857	0.857142857143	0.354539479774	24.0	18.0	42.0	0.142857142857	0.857142857143	0.354539479774	none	0	1	0	0	0	0	0	0	0	0	0	0
22	43500142	492946	78.0	3.14436063991e-05	4.05723953536e-05	3.8036620644e-05	17.0	28.0	45.0	-0.244444444444	2.68888888889	0.101050255925	15.0	30.0	45.0	-0.333333333333	5.0	0.0253473186775	25.0	10.0	35.0	0.428571428571	6.42857142857	0.0112298866529	23.0	12.0	35.0	0.314285714286	3.45714285714	0.0629790512145	none	0	1	0	0	0	0	0	0	0	0	0	0
22	44000039	493293	58.0	2.02719276373e-05	3.64894697472e-05	2.93942950741e-05	24.0	14.0	38.0	0.263157894737	2.63157894737	0.10475748985	23.0	15.0	38.0	0.210526315789	1.68421052632	0.194365910803	16.0	5.0	21.0	0.52380952381	5.7619047619	0.0163773083415	15.0	6.0	21.0	0.428571428571	3.85714285714	0.0495346134356	none	0	1	0	0	0	0	0	0	0	0	0	0
22	44500037	492753	7.0	3.04412149698e-06	4.05882866264e-06	3.55147507981e-06	3.0	1.0	4.0	0.5	0	1.0	3.0	1.0	4.0	0.5	0	1.0	3.0	0.0	3.0	1.0	0	1.0	3.0	0.0	3.0	1.0	0	1.0	na	1	0	0	0	0	0	0	0	0	0	0	0
22	45000154	493125	14.0	4.05576679341e-06	9.12547528517e-06	6.59062103929e-06	5.0	5.0	10.0	0.0	0	1	4.0	6.0	10.0	-0.2	0.4	0.527089256866	3.0	2.0	5.0	0.2	0	1.0	2.0	3.0	5.0	-0.2	0	1.0	na	1	0	0	0	0	0	0	0	0	0	0	0
22	45500038	493008	23.0	6.08509395385e-06	1.11560055821e-05	8.62054976796e-06	14.0	3.0	17.0	0.647058823529	7.11764705882	0.00763288178779	16.0	1.0	17.0	0.882352941176	13.2352941176	0.000274726763808	2.0	6.0	8.0	-0.5	0	1.0	4.0	4.0	8.0	0.0	0	1.0	na	1	0	0	0	0	0	0	0	0	0	0	0
22	46000231	492650	25.0	5.07459656957e-06	1.92834669644e-05	1.31939510809e-05	19.0	1.0	20.0	0.9	16.2	5.69941162333e-05	20.0	0.0	20.0	1.0	20.0	7.74421643102e-06	5.0	1.0	6.0	0.666666666667	0	1.0	6.0	0.0	6.0	1.0	0	1.0	na	1	0	0	0	0	0	0	0	0	0	0	0
22	46500340	492752	63.0	2.13088937234e-05	3.85589505471e-05	3.09486313602e-05	34.0	7.0	41.0	0.658536585366	17.7804878049	2.4791268595e-05	33.0	8.0	41.0	0.609756097561	15.243902439	9.44812939149e-05	14.0	9.0	23.0	0.217391304348	1.08695652174	0.297146530348	13.0	10.0	23.0	0.130434782609	0.391304347826	0.531614576882	123	0	0	0	0	0	0	0	0	0	0	1	0
22	47000139	493529	25.0	5.06555845756e-06	1.92491221387e-05	1.21573402981e-05	13.0	6.0	19.0	0.368421052632	2.57894736842	0.108293655899	13.0	6.0	19.0	0.368421052632	2.57894736842	0.108293655899	5.0	1.0	6.0	0.666666666667	0	1.0	5.0	1.0	6.0	0.666666666667	0	1.0	na	1	0	0	0	0	0	0	0	0	0	0	0
22	47500170	493113	37.0	4.05586549128e-06	3.3460890303e-05	1.87583778972e-05	28.0	5.0	33.0	0.69696969697	16.0303030303	6.23367352516e-05	28.0	5.0	33.0	0.69696969697	16.0303030303	6.23367352516e-05	4.0	0.0	4.0	1.0	0	1.0	4.0	0.0	4.0	1.0	0	1.0	na	1	0	0	0	0	0	0	0	0	0	0	0
22	48000008	493125	17.0	5.06970849176e-06	9.12547528517e-06	7.09759188847e-06	6.0	5.0	11.0	0.0909090909091	0.0909090909091	0.763024600553	6.0	5.0	11.0	0.0909090909091	0.0909090909091	0.763024600553	3.0	3.0	6.0	0.0	0	1.0	3.0	3.0	6.0	0.0	0	1.0	na	1	0	0	0	0	0	0	0	0	0	0	0
22	48500032	492366	90.0	3.24961512371e-05	4.4682207951e-05	3.8589179594e-05	31.0	25.0	56.0	0.107142857143	0.642857142857	0.422678074171	36.0	20.0	56.0	0.285714285714	4.57142857143	0.0325094446457	21.0	22.0	43.0	-0.0232558139535	0.0232558139535	0.878793717959	26.0	17.0	43.0	0.209302325581	1.88372093023	0.169911841731	none	0	1	0	0	0	0	0	0	0	0	0	0
22	49000057	492772	26.0	6.08800824722e-06	1.52200206181e-05	1.36980185562e-05	12.0	7.0	19.0	0.263157894737	1.31578947368	0.25134910881	10.0	9.0	19.0	0.0526315789474	0.0526315789474	0.818545808382	6.0	5.0	11.0	0.0909090909091	0.0909090909091	0.763024600553	4.0	7.0	11.0	-0.272727272727	0.818181818182	0.365712296282	none	0	1	0	0	0	0	0	0	0	0	0	0
22	49500015	492993	41.0	4.05685273422e-06	3.6511674608e-05	2.02842636711e-05	29.0	8.0	37.0	0.567567567568	11.9189189189	0.0005556671828	29.0	8.0	37.0	0.567567567568	11.9189189189	0.0005556671828	3.0	1.0	4.0	0.5	0	1.0	3.0	1.0	4.0	0.5	0	1.0	na	1	0	0	0	0	0	0	0	0	0	0	0
22	50000004	493005	55.0	5.07094248537e-06	4.86810478596e-05	2.68759951725e-05	39.0	9.0	48.0	0.625	18.75	1.49023357924e-05	39.0	9.0	48.0	0.625	18.75	1.49023357924e-05	5.0	2.0	7.0	0.428571428571	0	1.0	5.0	2.0	7.0	0.428571428571	0	1.0	na	1	0	0	0	0	0	0	0	0	0	0	0
22	50500024	493428	48.0	1.0133190658e-05	3.5466167303e-05	2.38129980463e-05	35.0	3.0	38.0	0.842105263158	26.9473684211	2.09071611912e-07	34.0	4.0	38.0	0.789473684211	23.6842105263	1.13510010613e-06	5.0	8.0	13.0	-0.230769230769	0.692307692308	0.405380556459	4.0	9.0	13.0	-0.384615384615	1.92307692308	0.165517858697	123	0	0	0	0	0	0	0	0	0	0	1	0
22	51000042	492786	49.0	1.11610313605e-05	3.24684548668e-05	2.28293823282e-05	18.0	20.0	38.0	-0.0526315789474	0.105263157895	0.745602788927	20.0	18.0	38.0	0.0526315789474	0.105263157895	0.745602788927	6.0	7.0	13.0	-0.0769230769231	0.0769230769231	0.781511294999	8.0	5.0	13.0	0.230769230769	0.692307692308	0.405380556459	none	0	1	0	0	0	0	0	0	0	0	0	0
22	51500041	492782	21.0	1.0146474506e-06	1.72490066601e-05	1.11611219566e-05	14.0	5.0	19.0	0.473684210526	4.26315789474	0.038947455742	13.0	6.0	19.0	0.368421052632	2.57894736842	0.108293655899	3.0	0.0	3.0	1.0	0	1.0	2.0	1.0	3.0	0.333333333333	0	1.0	na	1	0	0	0	0	0	0	0	0	0	0	0
22	52000002	492942	32.0	1.42004536031e-05	1.52147717176e-05	1.47076126603e-05	13.0	5.0	18.0	0.444444444444	3.55555555556	0.0593464387919	15.0	3.0	18.0	0.666666666667	8.0	0.00467773498105	7.0	9.0	16.0	-0.125	0.25	0.617075077452	9.0	7.0	16.0	0.125	0.25	0.617075077452	none	0	1	0	0	0	0	0	0	0	0	0	0
22	52500073	493175	98.0	4.66365894459e-05	4.56227505449e-05	4.81573477974e-05	30.0	22.0	52.0	0.153846153846	1.23076923077	0.267257493154	29.0	23.0	52.0	0.115384615385	0.692307692308	0.405380556459	32.0	19.0	51.0	0.254901960784	3.3137254902	0.0687035743229	31.0	20.0	51.0	0.21568627451	2.37254901961	0.123485272145	none	0	1	0	0	0	0	0	0	0	0	0	0
22	53000069	492805	26.0	5.07300047686e-06	1.92774018121e-05	1.31898012398e-05	16.0	5.0	21.0	0.52380952381	5.7619047619	0.0163773083415	18.0	3.0	21.0	0.714285714286	10.7142857143	0.00106311491716	5.0	2.0	7.0	0.428571428571	0	1.0	7.0	0.0	7.0	1.0	0	1.0	na	1	0	0	0	0	0	0	0	0	0	0	0
22	53500007	492557	36.0	1.21813312977e-05	1.9287107888e-05	1.57342195929e-05	16.0	8.0	24.0	0.333333333333	2.66666666667	0.10247043486	14.0	10.0	24.0	0.166666666667	0.666666666667	0.414216178243	11.0	5.0	16.0	0.375	2.25	0.133614402538	9.0	7.0	16.0	0.125	0.25	0.617075077452	none	0	1	0	0	0	0	0	0	0	0	0	0
22	54000331	492847	75.0	3.24644362246e-05	3.55079771207e-05	3.50007203047e-05	25.0	14.0	39.0	0.282051282051	3.10256410256	0.0781690858243	23.0	16.0	39.0	0.179487179487	1.25641025641	0.262331675408	18.0	20.0	38.0	-0.0526315789474	0.105263157895	0.745602788927	16.0	22.0	38.0	-0.157894736842	0.947368421053	0.330390048849	none	0	1	0	0	0	0	0	0	0	0	0	0
22	54500027	491835	48.0	1.0166010959e-05	3.8630841644e-05	2.54150273974e-05	25.0	13.0	38.0	0.315789473684	3.78947368421	0.0515758636209	25.0	13.0	38.0	0.315789473684	3.78947368421	0.0515758636209	6.0	4.0	10.0	0.2	0.4	0.527089256866	6.0	4.0	10.0	0.2	0.4	0.527089256866	none	0	1	0	0	0	0	0	0	0	0	0	0
22	55000084	492259	25.0	5.07862730798e-06	1.82830583087e-05	1.16808428084e-05	19.0	0.0	19.0	1.0	19.0	1.30718453668e-05	19.0	0.0	19.0	1.0	19.0	1.30718453668e-05	3.0	3.0	6.0	0.0	0	1.0	3.0	3.0	6.0	0.0	0	1.0	na	1	0	0	0	0	0	0	0	0	0	0	0
22	55500036	492434	15.0	3.04609348664e-06	1.1169009451e-05	7.10755146883e-06	8.0	4.0	12.0	0.333333333333	1.33333333333	0.24821307899	9.0	3.0	12.0	0.5	3.0	0.0832645166636	0.0	4.0	4.0	-1.0	0	1.0	1.0	3.0	4.0	-0.5	0	1.0	na	1	0	0	0	0	0	0	0	0	0	0	0
22	56000018	492578	27.0	4.06027065764e-06	1.92862856238e-05	1.16732781407e-05	16.0	6.0	22.0	0.454545454545	4.54545454545	0.0330062576612	17.0	5.0	22.0	0.545454545455	6.54545454545	0.0105152459359	3.0	5.0	8.0	-0.25	0	1.0	4.0	4.0	8.0	0.0	0	1.0	na	1	0	0	0	0	0	0	0	0	0	0	0
22	56500066	492300	60.0	1.62502539102e-05	4.06256347755e-05	2.84379443429e-05	32.0	12.0	44.0	0.454545454545	9.09090909091	0.00256883152702	31.0	13.0	44.0	0.409090909091	7.36363636364	0.00665560548295	13.0	6.0	19.0	0.368421052632	2.57894736842	0.108293655899	12.0	7.0	19.0	0.263157894737	1.31578947368	0.25134910881	123	0	0	0	0	0	0	0	0	0	0	1	0
22	57000196	492416	55.0	2.13234338446e-05	2.94466467377e-05	2.74158435144e-05	16.0	16.0	32.0	0.0	0	1	16.0	16.0	32.0	0.0	0	1	14.0	11.0	25.0	0.12	0.36	0.5485062355	14.0	11.0	25.0	0.12	0.36	0.5485062355	na	1	0	0	0	0	0	0	0	0	0	0	0
22	57500012	491962	61.0	1.0163386603e-05	4.57352397136e-05	2.89656518186e-05	34.0	14.0	48.0	0.416666666667	8.33333333333	0.00389241712278	35.0	13.0	48.0	0.458333333333	10.0833333333	0.00149616428975	12.0	4.0	16.0	0.5	4.0	0.0455002638964	13.0	3.0	16.0	0.625	6.25	0.0124193306516	123	0	0	0	0	0	0	0	0	0	0	1	0
22	58000073	492010	14.0	3.04871852198e-06	1.11786345806e-05	7.11367655129e-06	8.0	3.0	11.0	0.454545454545	2.27272727273	0.131668016023	8.0	3.0	11.0	0.454545454545	2.27272727273	0.131668016023	3.0	0.0	3.0	1.0	0	1.0	3.0	0.0	3.0	1.0	0	1.0	na	1	0	0	0	0	0	0	0	0	0	0	0
22	58500043	492187	36.0	6.09524428723e-06	2.74285992925e-05	1.87936698856e-05	19.0	11.0	30.0	0.266666666667	2.13333333333	0.144127034816	20.0	10.0	30.0	0.333333333333	3.33333333333	0.0678891548618	4.0	5.0	9.0	-0.111111111111	0	1.0	5.0	4.0	9.0	0.111111111111	0	1.0	na	1	0	0	0	0	0	0	0	0	0	0	0
22	59000025	492035	43.0	1.01618787281e-05	2.33723210747e-05	1.67670999014e-05	20.0	11.0	31.0	0.290322580645	2.61290322581	0.105997548425	13.0	18.0	31.0	-0.161290322581	0.806451612903	0.369171416333	13.0	6.0	19.0	0.368421052632	2.57894736842	0.108293655899	6.0	13.0	19.0	-0.368421052632	2.57894736842	0.108293655899	none	0	1	0	0	0	0	0	0	0	0	0	0
22	59500012	491879	35.0	1.42311422118e-05	1.72806726858e-05	1.57559074488e-05	13.0	8.0	21.0	0.238095238095	1.19047619048	0.275233524075	10.0	11.0	21.0	-0.047619047619	0.047619047619	0.827259346563	13.0	4.0	17.0	0.529411764706	4.76470588235	0.0290490221619	10.0	7.0	17.0	0.176470588235	0.529411764706	0.466854270823	none	0	1	0	0	0	0	0	0	0	0	0	0
22	60000016	492222	15.0	6.09481087802e-06	7.11061269102e-06	6.60271178452e-06	3.0	4.0	7.0	-0.142857142857	0	1.0	3.0	4.0	7.0	-0.142857142857	0	1.0	5.0	3.0	8.0	0.25	0	1.0	5.0	3.0	8.0	0.25	0	1.0	na	1	0	0	0	0	0	0	0	0	0	0	0
22	60500032	490861	17.0	1.01861830539e-06	1.42606562754e-05	7.63963729039e-06	12.0	4.0	16.0	0.5	4.0	0.0455002638964	12.0	4.0	16.0	0.5	4.0	0.0455002638964	1.0	0.0	1.0	1.0	0	1.0	1.0	0.0	1.0	1.0	0	1.0	na	1	0	0	0	0	0	0	0	0	0	0	0
22	61000115	491554	27.0	1.11890046668e-05	1.6274915879e-05	1.37319602729e-05	12.0	4.0	16.0	0.5	4.0	0.0455002638964	12.0	4.0	16.0	0.5	4.0	0.0455002638964	2.0	9.0	11.0	-0.636363636364	4.45454545455	0.0348084788119	2.0	9.0	11.0	-0.636363636364	4.45454545455	0.0348084788119	none	0	1	0	0	0	0	0	0	0	0	0	0
22	61439888	430816	184.0	8.7044120924e-05	9.98105919929e-05	9.92302978534e-05	58.0	49.0	107.0	0.0841121495327	0.757009345794	0.384266063709	57.0	50.0	107.0	0.0654205607477	0.457943925234	0.498586453301	57.0	35.0	92.0	0.239130434783	5.26086956522	0.0218101191437	56.0	36.0	92.0	0.217391304348	4.34782608696	0.0370562185641	none	0	1	0	0	0	0	0	0	0	0	0	0
