#chrom	coord	total	dtotal	T12	T34	T1234	DFO_left	DFO_right	DFO_total	DFO_stat	DFO_chisq	DFO_Pvalue	DIL_left	DIL_right	DIL_total	DIL_stat	DIL_chisq	DIL_Pvalue	DFI_left	DFI_right	DFI_total	DFI_stat	DFI_chisq	DFI_Pvalue	DOL_left	DOL_right	DOL_total	DOL_stat	DOL_chisq	DOL_Pvalue	introgression	introgna	intrognone	introg13	introg14	introg23	introg24	introg31	introg41	introg32	introg42	introg123	introg124
7	500025	493172	22.0	3.04153520476e-06	1.92630562968e-05	1.11522957508e-05	13.0	6.0	19.0	0.368421052632	2.57894736842	0.108293655899	13.0	6.0	19.0	0.368421052632	2.57894736842	0.108293655899	2.0	1.0	3.0	0.333333333333	0	1.0	2.0	1.0	3.0	0.333333333333	0	1.0	na	1	0	0	0	0	0	0	0	0	0	0	0
7	1000148	493375	11.0	1.01342791994e-06	1.01342791994e-05	5.57385355967e-06	7.0	3.0	10.0	0.4	1.6	0.205903210732	7.0	3.0	10.0	0.4	1.6	0.205903210732	1.0	0.0	1.0	1.0	0	1.0	1.0	0.0	1.0	1.0	0	1.0	na	1	0	0	0	0	0	0	0	0	0	0	0
7	1500432	493643	11.0	1.01287772743e-06	9.11589954684e-06	6.07726636456e-06	8.0	2.0	10.0	0.6	3.6	0.0577795711236	8.0	2.0	10.0	0.6	3.6	0.0577795711236	0.0	1.0	1.0	-1.0	0	1.0	0.0	1.0	1.0	-1.0	0	1.0	na	1	0	0	0	0	0	0	0	0	0	0	0
7	2000242	495335	8.0	4.03767147486e-06	3.02825360615e-06	3.5329625405e-06	1.0	3.0	4.0	-0.5	0	1.0	1.0	3.0	4.0	-0.5	0	1.0	3.0	1.0	4.0	0.5	0	1.0	3.0	1.0	4.0	0.5	0	1.0	na	1	0	0	0	0	0	0	0	0	0	0	0
7	2500069	495020	33.0	8.0804815967e-06	2.32313845905e-05	1.56559330936e-05	19.0	6.0	25.0	0.52	6.76	0.00932237604744	17.0	8.0	25.0	0.36	3.24	0.0718606382259	10.0	0.0	10.0	1.0	10.0	0.001565402258	8.0	2.0	10.0	0.6	3.6	0.0577795711236	none	0	1	0	0	0	0	0	0	0	0	0	0
7	3000019	493205	28.0	6.08266339555e-06	2.02755446518e-05	1.31791040237e-05	19.0	3.0	22.0	0.727272727273	11.6363636364	0.000646749122576	21.0	1.0	22.0	0.909090909091	18.1818181818	2.00786561243e-05	3.0	5.0	8.0	-0.25	0	1.0	5.0	3.0	8.0	0.25	0	1.0	na	1	0	0	0	0	0	0	0	0	0	0	0
7	3500126	493899	69.0	3.23952872956e-05	3.03705818396e-05	3.23952872956e-05	27.0	8.0	35.0	0.542857142857	10.3142857143	0.00132004376756	29.0	6.0	35.0	0.657142857143	15.1142857143	0.000101194605246	20.0	18.0	38.0	0.0526315789474	0.105263157895	0.745602788927	22.0	16.0	38.0	0.157894736842	0.947368421053	0.330390048849	123	0	0	0	0	0	0	0	0	0	0	1	0
7	4000303	494190	11.0	4.04702644732e-06	5.05878305915e-06	4.55290475323e-06	2.0	5.0	7.0	-0.428571428571	0	1.0	4.0	3.0	7.0	0.142857142857	0	1.0	3.0	3.0	6.0	0.0	0	1.0	5.0	1.0	6.0	0.666666666667	0	1.0	na	1	0	0	0	0	0	0	0	0	0	0	0
7	4500096	493424	13.0	1.01332728039e-06	1.21599273647e-05	6.58662732255e-06	11.0	1.0	12.0	0.833333333333	8.33333333333	0.00389241712278	11.0	1.0	12.0	0.833333333333	8.33333333333	0.00389241712278	1.0	0.0	1.0	1.0	0	1.0	1.0	0.0	1.0	1.0	0	1.0	na	1	0	0	0	0	0	0	0	0	0	0	0
7	5000052	493709	6.0	0.0	5.0637116196e-06	2.5318558098e-06	2.0	3.0	5.0	-0.2	0	1.0	2.0	3.0	5.0	-0.2	0	1.0	1.0	0.0	1.0	1.0	0	1.0	1.0	0.0	1.0	1.0	0	1.0	na	1	0	0	0	0	0	0	0	0	0	0	0
7	5500020	493900	34.0	1.51852601741e-05	1.51852601741e-05	1.61976108524e-05	12.0	7.0	19.0	0.263157894737	1.31578947368	0.25134910881	12.0	7.0	19.0	0.263157894737	1.31578947368	0.25134910881	6.0	9.0	15.0	-0.2	0.6	0.438578026081	6.0	9.0	15.0	-0.2	0.6	0.438578026081	none	0	1	0	0	0	0	0	0	0	0	0	0
7	6000029	493591	26.0	7.09089104137e-06	1.62077509517e-05	1.36752898655e-05	6.0	13.0	19.0	-0.368421052632	2.57894736842	0.108293655899	6.0	13.0	19.0	-0.368421052632	2.57894736842	0.108293655899	3.0	6.0	9.0	-0.333333333333	0	1.0	3.0	6.0	9.0	-0.333333333333	0	1.0	na	1	0	0	0	0	0	0	0	0	0	0	0
7	6500077	492691	107.0	3.24747153896e-05	7.10384399147e-05	5.2771412508e-05	51.0	22.0	73.0	0.397260273973	11.5205479452	0.000688310978872	50.0	23.0	73.0	0.369863013699	9.98630136986	0.00157709057368	21.0	16.0	37.0	0.135135135135	0.675675675676	0.411079778723	20.0	17.0	37.0	0.0810810810811	0.243243243243	0.621873424331	123	0	0	0	0	0	0	0	0	0	0	1	0
7	7000007	492349	19.0	6.09323873919e-06	1.32020172682e-05	9.64762800371e-06	13.0	0.0	13.0	1.0	13.0	0.000311490976767	13.0	0.0	13.0	1.0	13.0	0.000311490976767	3.0	3.0	6.0	0.0	0	1.0	3.0	3.0	6.0	0.0	0	1.0	na	1	0	0	0	0	0	0	0	0	0	0	0
7	7500023	492466	21.0	9.13768666263e-06	1.21835822168e-05	1.06606344397e-05	8.0	4.0	12.0	0.333333333333	1.33333333333	0.24821307899	8.0	4.0	12.0	0.333333333333	1.33333333333	0.24821307899	8.0	1.0	9.0	0.777777777778	0	1.0	8.0	1.0	9.0	0.777777777778	0	1.0	na	1	0	0	0	0	0	0	0	0	0	0	0
7	8000130	492894	8.0	4.05766757153e-06	4.05766757153e-06	5.07208446441e-06	4.0	0.0	4.0	1.0	0	1.0	4.0	0.0	4.0	1.0	0	1.0	3.0	1.0	4.0	0.5	0	1.0	3.0	1.0	4.0	0.5	0	1.0	na	1	0	0	0	0	0	0	0	0	0	0	0
7	8500128	492488	14.0	6.09151898117e-06	7.1067721447e-06	7.61439872647e-06	7.0	1.0	8.0	0.75	0	1.0	8.0	0.0	8.0	1.0	0	1.0	5.0	2.0	7.0	0.428571428571	0	1.0	6.0	1.0	7.0	0.714285714286	0	1.0	na	1	0	0	0	0	0	0	0	0	0	0	0
7	9000033	493000	13.0	2.02839756592e-06	1.01419878296e-05	6.08519269777e-06	10.0	1.0	11.0	0.818181818182	7.36363636364	0.00665560548295	10.0	1.0	11.0	0.818181818182	7.36363636364	0.00665560548295	1.0	1.0	2.0	0.0	0	1.0	1.0	1.0	2.0	0.0	0	1.0	na	1	0	0	0	0	0	0	0	0	0	0	0
7	9500019	492690	32.0	1.11632060728e-05	1.42077168199e-05	1.26854614463e-05	19.0	2.0	21.0	0.809523809524	13.7619047619	0.000207501594062	15.0	6.0	21.0	0.428571428571	3.85714285714	0.0495346134356	14.0	3.0	17.0	0.647058823529	7.11764705882	0.00763288178779	10.0	7.0	17.0	0.176470588235	0.529411764706	0.466854270823	none	0	1	0	0	0	0	0	0	0	0	0	0
7	10000000	492875	41.0	1.52168399696e-05	2.33324879533e-05	1.92746639615e-05	16.0	9.0	25.0	0.28	1.96	0.161513318468	16.0	9.0	25.0	0.28	1.96	0.161513318468	6.0	12.0	18.0	-0.333333333333	2.0	0.15729920705	6.0	12.0	18.0	-0.333333333333	2.0	0.15729920705	none	0	1	0	0	0	0	0	0	0	0	0	0
7	10500022	492918	14.0	3.04310250386e-06	5.07183750644e-06	4.05747000515e-06	6.0	3.0	9.0	0.333333333333	0	1.0	8.0	1.0	9.0	0.777777777778	0	1.0	1.0	6.0	7.0	-0.714285714286	0	1.0	3.0	4.0	7.0	-0.142857142857	0	1.0	na	1	0	0	0	0	0	0	0	0	0	0	0
7	11001576	494271	38.0	7.0811356523e-06	3.13593150316e-05	1.9220225342e-05	18.0	13.0	31.0	0.161290322581	0.806451612903	0.369171416333	18.0	13.0	31.0	0.161290322581	0.806451612903	0.369171416333	5.0	2.0	7.0	0.428571428571	0	1.0	5.0	2.0	7.0	0.428571428571	0	1.0	na	1	0	0	0	0	0	0	0	0	0	0	0
7	11500081	491564	25.0	4.06864619866e-06	2.03432309933e-05	1.2205938596e-05	16.0	5.0	21.0	0.52380952381	5.7619047619	0.0163773083415	16.0	5.0	21.0	0.52380952381	5.7619047619	0.0163773083415	2.0	2.0	4.0	0.0	0	1.0	2.0	2.0	4.0	0.0	0	1.0	na	1	0	0	0	0	0	0	0	0	0	0	0
7	12000057	493467	49.0	3.03971694156e-06	4.25560371818e-05	2.38111160422e-05	35.0	11.0	46.0	0.521739130435	12.5217391304	0.000402244302061	36.0	10.0	46.0	0.565217391304	14.6956521739	0.000126337497299	4.0	2.0	6.0	0.333333333333	0	1.0	5.0	1.0	6.0	0.666666666667	0	1.0	na	1	0	0	0	0	0	0	0	0	0	0	0
7	12500110	493561	56.0	1.31695980841e-05	3.84957482459e-05	2.68457191715e-05	24.0	18.0	42.0	0.142857142857	0.857142857143	0.354539479774	23.0	19.0	42.0	0.0952380952381	0.380952380952	0.537093978443	6.0	11.0	17.0	-0.294117647059	1.47058823529	0.225252906361	5.0	12.0	17.0	-0.411764705882	2.88235294118	0.0895550744136	none	0	1	0	0	0	0	0	0	0	0	0	0
7	13000026	493044	29.0	9.12697446881e-06	1.82539489376e-05	1.36904617032e-05	9.0	11.0	20.0	-0.1	0.2	0.654720846019	10.0	10.0	20.0	0.0	0	1	5.0	5.0	10.0	0.0	0	1	6.0	4.0	10.0	0.2	0.4	0.527089256866	na	1	0	0	0	0	0	0	0	0	0	0	0
7	13500651	493385	70.0	2.02681475927e-05	3.95228878057e-05	3.09089250788e-05	23.0	25.0	48.0	-0.0416666666667	0.0833333333333	0.772829992684	28.0	20.0	48.0	0.166666666667	1.33333333333	0.24821307899	13.0	16.0	29.0	-0.103448275862	0.310344827586	0.577468662427	18.0	11.0	29.0	0.241379310345	1.68965517241	0.193646431269	none	0	1	0	0	0	0	0	0	0	0	0	0
7	14000137	493493	83.0	3.14087535183e-05	4.86329086735e-05	4.00208310959e-05	29.0	21.0	50.0	0.16	1.28	0.257899035292	29.0	21.0	50.0	0.16	1.28	0.257899035292	15.0	18.0	33.0	-0.0909090909091	0.272727272727	0.601508134441	15.0	18.0	33.0	-0.0909090909091	0.272727272727	0.601508134441	none	0	1	0	0	0	0	0	0	0	0	0	0
7	14500159	493057	33.0	3.04224460864e-06	2.94083645501e-05	1.62253045794e-05	29.0	1.0	30.0	0.933333333333	26.1333333333	3.18635546281e-07	30.0	0.0	30.0	1.0	30.0	4.32046305399e-08	2.0	2.0	4.0	0.0	0	1.0	3.0	1.0	4.0	0.5	0	1.0	na	1	0	0	0	0	0	0	0	0	0	0	0
7	15000074	493195	75.0	2.43311469094e-05	4.96760916068e-05	3.90312148339e-05	29.0	22.0	51.0	0.137254901961	0.960784313725	0.326989349598	29.0	22.0	51.0	0.137254901961	0.960784313725	0.326989349598	14.0	10.0	24.0	0.166666666667	0.666666666667	0.414216178243	14.0	10.0	24.0	0.166666666667	0.666666666667	0.414216178243	none	0	1	0	0	0	0	0	0	0	0	0	0
7	15500078	493468	53.0	1.92515016171e-05	2.93838708893e-05	2.53309231804e-05	23.0	11.0	34.0	0.352941176471	4.23529411765	0.0395917632367	23.0	11.0	34.0	0.352941176471	4.23529411765	0.0395917632367	10.0	11.0	21.0	-0.047619047619	0.047619047619	0.827259346563	10.0	11.0	21.0	-0.047619047619	0.047619047619	0.827259346563	none	0	1	0	0	0	0	0	0	0	0	0	0
7	16000080	492726	81.0	3.34871713691e-05	3.95757479816e-05	3.75462224441e-05	22.0	23.0	45.0	-0.0222222222222	0.0222222222222	0.881497452191	26.0	19.0	45.0	0.155555555556	1.08888888889	0.296717526322	20.0	22.0	42.0	-0.047619047619	0.0952380952381	0.757620723683	24.0	18.0	42.0	0.142857142857	0.857142857143	0.354539479774	none	0	1	0	0	0	0	0	0	0	0	0	0
7	16500128	493375	36.0	2.02685583988e-06	3.44565492779e-05	1.82417025589e-05	30.0	4.0	34.0	0.764705882353	19.8823529412	8.23570527508e-06	30.0	4.0	34.0	0.764705882353	19.8823529412	8.23570527508e-06	2.0	0.0	2.0	1.0	0	1.0	2.0	0.0	2.0	1.0	0	1.0	na	1	0	0	0	0	0	0	0	0	0	0	0
7	17000009	493064	56.0	1.62250742297e-05	3.44782827381e-05	2.53516784839e-05	31.0	7.0	38.0	0.631578947368	15.1578947368	9.88839817462e-05	29.0	9.0	38.0	0.526315789474	10.5263157895	0.00117686591062	14.0	8.0	22.0	0.272727272727	1.63636363636	0.200825122695	12.0	10.0	22.0	0.0909090909091	0.181818181818	0.669815357599	123	0	0	0	0	0	0	0	0	0	0	1	0
7	17500005	493476	44.0	8.10576400879e-06	3.34362765362e-05	2.17842407736e-05	26.0	10.0	36.0	0.444444444444	7.11111111111	0.00766076113518	27.0	9.0	36.0	0.5	9.0	0.00269979606326	4.0	5.0	9.0	-0.111111111111	0	1.0	5.0	4.0	9.0	0.111111111111	0	1.0	na	1	0	0	0	0	0	0	0	0	0	0	0
7	18000051	493416	35.0	5.06671854986e-06	2.73602801693e-05	1.72268430695e-05	22.0	7.0	29.0	0.51724137931	7.75862068966	0.00534567687265	22.0	7.0	29.0	0.51724137931	7.75862068966	0.00534567687265	3.0	3.0	6.0	0.0	0	1.0	3.0	3.0	6.0	0.0	0	1.0	na	1	0	0	0	0	0	0	0	0	0	0	0
7	18500093	492614	45.0	5.07496741871e-06	3.85697523822e-05	2.18223599004e-05	32.0	8.0	40.0	0.6	14.4	0.000147802310334	32.0	8.0	40.0	0.6	14.4	0.000147802310334	4.0	1.0	5.0	0.6	0	1.0	4.0	1.0	5.0	0.6	0	1.0	na	1	0	0	0	0	0	0	0	0	0	0	0
7	19000052	492965	48.0	2.12996865903e-05	2.33282281704e-05	2.23139573803e-05	15.0	11.0	26.0	0.153846153846	0.615384615385	0.432767580668	15.0	11.0	26.0	0.153846153846	0.615384615385	0.432767580668	12.0	12.0	24.0	0.0	0	1	12.0	12.0	24.0	0.0	0	1	na	1	0	0	0	0	0	0	0	0	0	0	0
7	19500027	493299	23.0	3.04075216045e-06	1.92580970162e-05	1.11494245883e-05	17.0	3.0	20.0	0.7	9.8	0.00174511869953	16.0	4.0	20.0	0.6	7.2	0.00729035809154	3.0	1.0	4.0	0.5	0	1.0	2.0	2.0	4.0	0.0	0	1.0	na	1	0	0	0	0	0	0	0	0	0	0	0
7	20000038	492821	112.0	4.05826862086e-05	5.88448950024e-05	4.97137906055e-05	44.0	24.0	68.0	0.294117647059	5.88235294118	0.0152933710302	44.0	24.0	68.0	0.294117647059	5.88235294118	0.0152933710302	37.0	15.0	52.0	0.423076923077	9.30769230769	0.00228193725332	37.0	15.0	52.0	0.423076923077	9.30769230769	0.00228193725332	none	0	1	0	0	0	0	0	0	0	0	0	0
7	20500005	492454	126.0	4.87355164137e-05	7.10726281033e-05	6.3965365293e-05	49.0	28.0	77.0	0.272727272727	5.72727272727	0.0167034038472	45.0	32.0	77.0	0.168831168831	2.19480519481	0.138476715032	31.0	22.0	53.0	0.169811320755	1.52830188679	0.216367480258	27.0	26.0	53.0	0.0188679245283	0.0188679245283	0.890745800932	none	0	1	0	0	0	0	0	0	0	0	0	0
7	21000005	493312	61.0	2.53389335755e-05	3.54745070057e-05	3.14202776336e-05	20.0	16.0	36.0	0.111111111111	0.444444444444	0.504985075094	20.0	16.0	36.0	0.111111111111	0.444444444444	0.504985075094	14.0	11.0	25.0	0.12	0.36	0.5485062355	14.0	11.0	25.0	0.12	0.36	0.5485062355	none	0	1	0	0	0	0	0	0	0	0	0	0
7	21500428	493805	69.0	1.62007270076e-05	4.86021810229e-05	3.34139994532e-05	28.0	22.0	50.0	0.12	0.72	0.396143909152	28.0	22.0	50.0	0.12	0.72	0.396143909152	12.0	9.0	21.0	0.142857142857	0.428571428571	0.512690760262	12.0	9.0	21.0	0.142857142857	0.428571428571	0.512690760262	none	0	1	0	0	0	0	0	0	0	0	0	0
7	22000030	492963	43.0	4.05709962005e-06	3.54996216755e-05	2.07926355528e-05	28.0	11.0	39.0	0.435897435897	7.41025641026	0.00648530797067	29.0	10.0	39.0	0.487179487179	9.25641025641	0.00234672554388	4.0	3.0	7.0	0.142857142857	0	1.0	5.0	2.0	7.0	0.428571428571	0	1.0	na	1	0	0	0	0	0	0	0	0	0	0	0
7	22500188	493331	74.0	2.2297402758e-05	4.4594805516e-05	3.44596224442e-05	34.0	17.0	51.0	0.333333333333	5.66666666667	0.0172902805929	32.0	19.0	51.0	0.254901960784	3.3137254902	0.0687035743229	18.0	11.0	29.0	0.241379310345	1.68965517241	0.193646431269	16.0	13.0	29.0	0.103448275862	0.310344827586	0.577468662427	none	0	1	0	0	0	0	0	0	0	0	0	0
7	23000528	493502	31.0	1.62106739182e-05	1.51975067984e-05	1.57040903583e-05	8.0	7.0	15.0	0.0666666666667	0.0666666666667	0.796253414738	8.0	7.0	15.0	0.0666666666667	0.0666666666667	0.796253414738	8.0	8.0	16.0	0.0	0	1	8.0	8.0	16.0	0.0	0	1	na	1	0	0	0	0	0	0	0	0	0	0	0
7	23500026	492469	65.0	1.62446773299e-05	4.36575703242e-05	3.40122931596e-05	28.0	21.0	49.0	0.142857142857	1.0	0.317310507863	28.0	21.0	49.0	0.142857142857	1.0	0.317310507863	18.0	2.0	20.0	0.8	12.8	0.000346619351135	18.0	2.0	20.0	0.8	12.8	0.000346619351135	none	0	1	0	0	0	0	0	0	0	0	0	0
7	24000018	492738	26.0	1.31915947217e-05	8.11790444415e-06	1.4713701805e-05	11.0	1.0	12.0	0.833333333333	8.33333333333	0.00389241712278	7.0	5.0	12.0	0.166666666667	0.333333333333	0.563702861651	9.0	9.0	18.0	0.0	0	1	5.0	13.0	18.0	-0.444444444444	3.55555555556	0.0593464387919	na	1	0	0	0	0	0	0	0	0	0	0	0
7	24500164	493079	28.0	5.07018145165e-06	2.23087983873e-05	1.36894899195e-05	21.0	2.0	23.0	0.826086956522	15.6956521739	7.43949840484e-05	22.0	1.0	23.0	0.913043478261	19.1739130435	1.19333108154e-05	4.0	2.0	6.0	0.333333333333	0	1.0	5.0	1.0	6.0	0.666666666667	0	1.0	na	1	0	0	0	0	0	0	0	0	0	0	0
7	25000001	494032	30.0	8.0966415131e-06	2.02416037828e-05	1.41691226479e-05	14.0	8.0	22.0	0.272727272727	1.63636363636	0.200825122695	15.0	7.0	22.0	0.363636363636	2.90909090909	0.0880815116622	8.0	1.0	9.0	0.777777777778	0	1.0	9.0	0.0	9.0	1.0	0	1.0	na	1	0	0	0	0	0	0	0	0	0	0	0
7	25500146	494077	66.0	2.12517482093e-05	4.35154844285e-05	3.44075923388e-05	35.0	10.0	45.0	0.555555555556	13.8888888889	0.000193941629104	35.0	10.0	45.0	0.555555555556	13.8888888889	0.000193941629104	14.0	7.0	21.0	0.333333333333	2.33333333333	0.126630457948	14.0	7.0	21.0	0.333333333333	2.33333333333	0.126630457948	123	0	0	0	0	0	0	0	0	0	0	1	0
7	26000006	493033	64.0	2.4339141599e-05	3.54945814986e-05	3.19451233487e-05	24.0	14.0	38.0	0.263157894737	2.63157894737	0.10475748985	23.0	15.0	38.0	0.210526315789	1.68421052632	0.194365910803	12.0	17.0	29.0	-0.172413793103	0.862068965517	0.353160353316	11.0	18.0	29.0	-0.241379310345	1.68965517241	0.193646431269	none	0	1	0	0	0	0	0	0	0	0	0	0
7	26500181	493029	39.0	1.82545042989e-05	1.82545042989e-05	2.02827825544e-05	11.0	9.0	20.0	0.1	0.2	0.654720846019	11.0	9.0	20.0	0.1	0.2	0.654720846019	13.0	6.0	19.0	0.368421052632	2.57894736842	0.108293655899	13.0	6.0	19.0	0.368421052632	2.57894736842	0.108293655899	none	0	1	0	0	0	0	0	0	0	0	0	0
7	27000120	493757	35.0	1.41770141993e-05	1.72149458134e-05	1.56959800064e-05	20.0	1.0	21.0	0.904761904762	17.1904761905	3.3812725633e-05	18.0	3.0	21.0	0.714285714286	10.7142857143	0.00106311491716	15.0	1.0	16.0	0.875	12.25	0.000465258158071	13.0	3.0	16.0	0.625	6.25	0.0124193306516	13	0	0	1	0	0	0	0	0	0	0	0	0
7	27500008	492276	87.0	2.53922596267e-05	5.58629711788e-05	4.16433057878e-05	44.0	17.0	61.0	0.44262295082	11.9508196721	0.000546233447133	44.0	17.0	61.0	0.44262295082	11.9508196721	0.000546233447133	11.0	19.0	30.0	-0.266666666667	2.13333333333	0.144127034816	11.0	19.0	30.0	-0.266666666667	2.13333333333	0.144127034816	123	0	0	0	0	0	0	0	0	0	0	1	0
7	28000013	492405	115.0	3.65552746215e-05	6.60025791777e-05	5.33097754897e-05	50.0	28.0	78.0	0.282051282051	6.20512820513	0.0127380722749	48.0	30.0	78.0	0.230769230769	4.15384615385	0.0415400670099	22.0	23.0	45.0	-0.0222222222222	0.0222222222222	0.881497452191	20.0	25.0	45.0	-0.111111111111	0.555555555556	0.45605654025	none	0	1	0	0	0	0	0	0	0	0	0	0
7	28500017	493773	66.0	2.22774432786e-05	3.84792202085e-05	3.13909428017e-05	24.0	17.0	41.0	0.170731707317	1.19512195122	0.274298827396	21.0	20.0	41.0	0.0243902439024	0.0243902439024	0.875896057923	23.0	5.0	28.0	0.642857142857	11.5714285714	0.000669729449022	20.0	8.0	28.0	0.428571428571	5.14285714286	0.0233422020129	none	0	1	0	0	0	0	0	0	0	0	0	0
7	29000197	493452	68.0	1.82388560589e-05	4.66104099284e-05	3.44511725558e-05	37.0	12.0	49.0	0.510204081633	12.7551020408	0.000355039380747	36.0	13.0	49.0	0.469387755102	10.7959183673	0.00101724135033	14.0	6.0	20.0	0.4	3.2	0.0736382701203	13.0	7.0	20.0	0.3	1.8	0.179712494879	123	0	0	0	0	0	0	0	0	0	0	1	0
7	29500085	492709	77.0	1.62367644999e-05	5.58138779685e-05	3.60253212342e-05	36.0	24.0	60.0	0.2	2.4	0.121335250358	35.0	25.0	60.0	0.166666666667	1.66666666667	0.196705602459	12.0	8.0	20.0	0.2	0.8	0.371093369523	11.0	9.0	20.0	0.1	0.2	0.654720846019	none	0	1	0	0	0	0	0	0	0	0	0	0
7	30000010	492453	85.0	3.55363862135e-05	4.77202900581e-05	4.16283381358e-05	26.0	23.0	49.0	0.0612244897959	0.183673469388	0.668235141795	26.0	23.0	49.0	0.0612244897959	0.183673469388	0.668235141795	23.0	13.0	36.0	0.277777777778	2.77777777778	0.0955807045456	23.0	13.0	36.0	0.277777777778	2.77777777778	0.0955807045456	none	0	1	0	0	0	0	0	0	0	0	0	0
7	30500000	493230	4.0	2.02745169596e-06	2.02745169596e-06	3.04117754395e-06	1.0	1.0	2.0	0.0	0	1.0	1.0	1.0	2.0	0.0	0	1.0	1.0	1.0	2.0	0.0	0	1.0	1.0	1.0	2.0	0.0	0	1.0	na	1	0	0	0	0	0	0	0	0	0	0	0
7	31000006	492558	15.0	1.01510888058e-06	1.31964154475e-05	7.10576216405e-06	13.0	1.0	14.0	0.857142857143	10.2857142857	0.00134064111723	12.0	2.0	14.0	0.714285714286	7.14285714286	0.00752631516646	2.0	0.0	2.0	1.0	0	1.0	1.0	1.0	2.0	0.0	0	1.0	na	1	0	0	0	0	0	0	0	0	0	0	0
7	31500089	493516	30.0	5.06569189246e-06	2.43153210838e-05	1.67167832451e-05	19.0	6.0	25.0	0.52	6.76	0.00932237604744	18.0	7.0	25.0	0.44	4.84	0.027806895027	6.0	0.0	6.0	1.0	0	1.0	5.0	1.0	6.0	0.666666666667	0	1.0	na	1	0	0	0	0	0	0	0	0	0	0	0
7	32000043	492771	47.0	9.13203090279e-06	3.65281236112e-05	2.58740875579e-05	31.0	6.0	37.0	0.675675675676	16.8918918919	3.95702499234e-05	30.0	7.0	37.0	0.621621621622	14.2972972973	0.00015608882751	8.0	3.0	11.0	0.454545454545	2.27272727273	0.131668016023	7.0	4.0	11.0	0.272727272727	0.818181818182	0.365712296282	123	0	0	0	0	0	0	0	0	0	0	1	0
7	32500002	494055	28.0	6.07219843945e-06	2.22647276113e-05	1.41684630254e-05	20.0	2.0	22.0	0.818181818182	14.7272727273	0.000124236123431	20.0	2.0	22.0	0.818181818182	14.7272727273	0.000124236123431	6.0	0.0	6.0	1.0	0	1.0	6.0	0.0	6.0	1.0	0	1.0	na	1	0	0	0	0	0	0	0	0	0	0	0
7	33000361	493740	37.0	2.02535747559e-06	3.13930408717e-05	1.67091991737e-05	26.0	8.0	34.0	0.529411764706	9.52941176471	0.0020220491969	25.0	9.0	34.0	0.470588235294	7.52941176471	0.00606997236202	3.0	3.0	6.0	0.0	0	1.0	2.0	4.0	6.0	-0.333333333333	0	1.0	na	1	0	0	0	0	0	0	0	0	0	0	0
7	33500021	492703	19.0	6.08886083503e-06	1.11629115309e-05	1.16703166005e-05	11.0	2.0	13.0	0.692307692308	6.23076923077	0.012554918597	11.0	2.0	13.0	0.692307692308	6.23076923077	0.012554918597	6.0	2.0	8.0	0.5	0	1.0	6.0	2.0	8.0	0.5	0	1.0	na	1	0	0	0	0	0	0	0	0	0	0	0
7	34000003	492415	93.0	3.55391285806e-05	5.2800991034e-05	4.72162708285e-05	37.0	20.0	57.0	0.298245614035	5.0701754386	0.024340920044	36.0	21.0	57.0	0.263157894737	3.94736842105	0.0469447269785	24.0	15.0	39.0	0.230769230769	2.07692307692	0.149541354585	23.0	16.0	39.0	0.179487179487	1.25641025641	0.262331675408	none	0	1	0	0	0	0	0	0	0	0	0	0
7	34500117	493683	29.0	8.10236528299e-06	1.92431175471e-05	1.46855370754e-05	10.0	11.0	21.0	-0.047619047619	0.047619047619	0.827259346563	10.0	11.0	21.0	-0.047619047619	0.047619047619	0.827259346563	5.0	5.0	10.0	0.0	0	1	5.0	5.0	10.0	0.0	0	1	na	1	0	0	0	0	0	0	0	0	0	0	0
7	35000066	494284	6.0	1.01156420196e-06	5.05782100978e-06	3.03469260587e-06	5.0	0.0	5.0	1.0	0	1.0	5.0	0.0	5.0	1.0	0	1.0	1.0	0.0	1.0	1.0	0	1.0	1.0	0.0	1.0	1.0	0	1.0	na	1	0	0	0	0	0	0	0	0	0	0	0
7	35500105	493309	26.0	5.06781753424e-06	2.0271270137e-05	1.26695438356e-05	13.0	7.0	20.0	0.3	1.8	0.179712494879	13.0	7.0	20.0	0.3	1.8	0.179712494879	4.0	2.0	6.0	0.333333333333	0	1.0	4.0	2.0	6.0	0.333333333333	0	1.0	na	1	0	0	0	0	0	0	0	0	0	0	0
7	36000022	493256	105.0	4.76426034351e-05	5.47383103297e-05	5.22041292959e-05	35.0	23.0	58.0	0.206896551724	2.48275862069	0.115100215833	32.0	26.0	58.0	0.103448275862	0.620689655172	0.430791121228	29.0	21.0	50.0	0.16	1.28	0.257899035292	26.0	24.0	50.0	0.04	0.08	0.77729741079	none	0	1	0	0	0	0	0	0	0	0	0	0
7	36500130	492935	25.0	9.12899266638e-06	1.62293202958e-05	1.26791564811e-05	14.0	2.0	16.0	0.75	9.0	0.00269979606326	14.0	2.0	16.0	0.75	9.0	0.00269979606326	5.0	4.0	9.0	0.111111111111	0	1.0	5.0	4.0	9.0	0.111111111111	0	1.0	na	1	0	0	0	0	0	0	0	0	0	0	0
7	37000183	492686	66.0	1.3192987014e-05	4.87125674365e-05	3.19676223802e-05	39.0	12.0	51.0	0.529411764706	14.2941176471	0.0001563527116	37.0	14.0	51.0	0.450980392157	10.3725490196	0.00127902832768	12.0	5.0	17.0	0.411764705882	2.88235294118	0.0895550744136	10.0	7.0	17.0	0.176470588235	0.529411764706	0.466854270823	123	0	0	0	0	0	0	0	0	0	0	1	0
7	37500048	493338	56.0	1.21620471158e-05	4.25671649052e-05	2.83781099368e-05	32.0	11.0	43.0	0.488372093023	10.2558139535	0.00136254502278	31.0	12.0	43.0	0.441860465116	8.39534883721	0.00376182313279	11.0	3.0	14.0	0.571428571429	4.57142857143	0.0325094446457	10.0	4.0	14.0	0.428571428571	2.57142857143	0.108809430041	123	0	0	0	0	0	0	0	0	0	0	1	0
7	38000004	493440	26.0	4.05317769131e-06	1.82392996109e-05	1.31728274968e-05	11.0	9.0	20.0	0.1	0.2	0.654720846019	11.0	9.0	20.0	0.1	0.2	0.654720846019	5.0	3.0	8.0	0.25	0	1.0	5.0	3.0	8.0	0.25	0	1.0	na	1	0	0	0	0	0	0	0	0	0	0	0
7	38500014	492609	18.0	4.06001514386e-06	1.42100530035e-05	9.13503407368e-06	11.0	3.0	14.0	0.571428571429	4.57142857143	0.0325094446457	11.0	3.0	14.0	0.571428571429	4.57142857143	0.0325094446457	2.0	2.0	4.0	0.0	0	1.0	2.0	2.0	4.0	0.0	0	1.0	na	1	0	0	0	0	0	0	0	0	0	0	0
7	39000079	492480	19.0	4.06107862248e-06	1.52290448343e-05	9.6450617284e-06	9.0	6.0	15.0	0.2	0.6	0.438578026081	9.0	6.0	15.0	0.2	0.6	0.438578026081	3.0	1.0	4.0	0.5	0	1.0	3.0	1.0	4.0	0.5	0	1.0	na	1	0	0	0	0	0	0	0	0	0	0	0
7	39500011	492819	33.0	3.04371381785e-06	2.1305996725e-05	1.21748552714e-05	12.0	13.0	25.0	-0.04	0.04	0.841480581122	14.0	11.0	25.0	0.12	0.36	0.5485062355	3.0	7.0	10.0	-0.4	1.6	0.205903210732	5.0	5.0	10.0	0.0	0	1	na	1	0	0	0	0	0	0	0	0	0	0	0
7	40000007	492151	104.0	3.75900892206e-05	6.40047465107e-05	5.89250047242e-05	49.0	18.0	67.0	0.462686567164	14.3432835821	0.000152322119448	47.0	20.0	67.0	0.402985074627	10.8805970149	0.000971769173971	29.0	12.0	41.0	0.414634146341	7.0487804878	0.0079319235328	27.0	14.0	41.0	0.317073170732	4.12195121951	0.0423302291214	13	0	0	1	0	0	0	0	0	0	0	0	0
7	40500070	492160	42.0	7.11150845254e-06	2.94619635891e-05	2.03185955787e-05	18.0	15.0	33.0	0.0909090909091	0.272727272727	0.601508134441	18.0	15.0	33.0	0.0909090909091	0.272727272727	0.601508134441	8.0	1.0	9.0	0.777777777778	0	1.0	8.0	1.0	9.0	0.777777777778	0	1.0	na	1	0	0	0	0	0	0	0	0	0	0	0
7	41000028	491368	33.0	8.14053825239e-06	2.23864801941e-05	1.52635092232e-05	18.0	6.0	24.0	0.5	6.0	0.0143058784354	20.0	4.0	24.0	0.666666666667	10.6666666667	0.00109083517613	7.0	4.0	11.0	0.272727272727	0.818181818182	0.365712296282	9.0	2.0	11.0	0.636363636364	4.45454545455	0.0348084788119	none	0	1	0	0	0	0	0	0	0	0	0	0
7	41500038	492988	25.0	1.01422346994e-06	2.23129163387e-05	1.26777933743e-05	20.0	4.0	24.0	0.666666666667	10.6666666667	0.00109083517613	21.0	3.0	24.0	0.75	13.5	0.000238563454029	1.0	1.0	2.0	0.0	0	1.0	2.0	0.0	2.0	1.0	0	1.0	na	1	0	0	0	0	0	0	0	0	0	0	0
7	42000325	493749	17.0	6.07596167283e-06	1.11392630669e-05	8.60761236985e-06	10.0	1.0	11.0	0.818181818182	7.36363636364	0.00665560548295	10.0	1.0	11.0	0.818181818182	7.36363636364	0.00665560548295	6.0	0.0	6.0	1.0	0	1.0	6.0	0.0	6.0	1.0	0	1.0	na	1	0	0	0	0	0	0	0	0	0	0	0
7	42500064	493139	56.0	8.11130330394e-06	4.46121681717e-05	2.83895615638e-05	34.0	14.0	48.0	0.416666666667	8.33333333333	0.00389241712278	38.0	10.0	48.0	0.583333333333	16.3333333333	5.31212815941e-05	5.0	7.0	12.0	-0.166666666667	0.333333333333	0.563702861651	9.0	3.0	12.0	0.5	3.0	0.0832645166636	123	0	0	0	0	0	0	0	0	0	0	1	0
7	43000107	493157	48.0	2.23052699242e-05	2.43330217355e-05	2.43330217355e-05	15.0	11.0	26.0	0.153846153846	0.615384615385	0.432767580668	15.0	11.0	26.0	0.153846153846	0.615384615385	0.432767580668	13.0	11.0	24.0	0.0833333333333	0.166666666667	0.68309139831	13.0	11.0	24.0	0.0833333333333	0.166666666667	0.68309139831	none	0	1	0	0	0	0	0	0	0	0	0	0
7	43500000	492363	35.0	1.0155109137e-05	2.43722619287e-05	1.72636855328e-05	19.0	6.0	25.0	0.52	6.76	0.00932237604744	18.0	7.0	25.0	0.44	4.84	0.027806895027	8.0	3.0	11.0	0.454545454545	2.27272727273	0.131668016023	7.0	4.0	11.0	0.272727272727	0.818181818182	0.365712296282	none	0	1	0	0	0	0	0	0	0	0	0	0
7	44000124	493156	52.0	1.62220473846e-05	2.94024608846e-05	2.28122541346e-05	25.0	10.0	35.0	0.428571428571	6.42857142857	0.0112298866529	23.0	12.0	35.0	0.314285714286	3.45714285714	0.0629790512145	18.0	5.0	23.0	0.565217391304	7.34782608696	0.00671438978555	16.0	7.0	23.0	0.391304347826	3.52173913043	0.0605688602027	none	0	1	0	0	0	0	0	0	0	0	0	0
7	44500017	493376	27.0	6.08055519523e-06	1.92550914516e-05	1.26678233234e-05	14.0	6.0	20.0	0.4	3.2	0.0736382701203	13.0	7.0	20.0	0.3	1.8	0.179712494879	8.0	0.0	8.0	1.0	0	1.0	7.0	1.0	8.0	0.75	0	1.0	na	1	0	0	0	0	0	0	0	0	0	0	0
7	45000070	493506	10.0	3.03947672369e-06	7.09211235527e-06	5.06579453948e-06	7.0	0.0	7.0	1.0	0	1.0	7.0	0.0	7.0	1.0	0	1.0	3.0	0.0	3.0	1.0	0	1.0	3.0	0.0	3.0	1.0	0	1.0	na	1	0	0	0	0	0	0	0	0	0	0	0
7	45500107	493442	35.0	1.21594837894e-05	1.92525159999e-05	1.77325805262e-05	17.0	5.0	22.0	0.545454545455	6.54545454545	0.0105152459359	15.0	7.0	22.0	0.363636363636	2.90909090909	0.0880815116622	12.0	3.0	15.0	0.6	5.4	0.0201367515503	10.0	5.0	15.0	0.333333333333	1.66666666667	0.196705602459	none	0	1	0	0	0	0	0	0	0	0	0	0
7	46000034	493661	63.0	1.92439751165e-05	4.25393134155e-05	3.39301666528e-05	29.0	14.0	43.0	0.348837209302	5.23255813953	0.022167905753	28.0	15.0	43.0	0.302325581395	3.93023255814	0.0474253855087	14.0	7.0	21.0	0.333333333333	2.33333333333	0.126630457948	13.0	8.0	21.0	0.238095238095	1.19047619048	0.275233524075	none	0	1	0	0	0	0	0	0	0	0	0	0
7	46500005	493385	41.0	1.72279254538e-05	2.12815549723e-05	1.9254740213e-05	13.0	10.0	23.0	0.130434782609	0.391304347826	0.531614576882	13.0	10.0	23.0	0.130434782609	0.391304347826	0.531614576882	13.0	7.0	20.0	0.3	1.8	0.179712494879	13.0	7.0	20.0	0.3	1.8	0.179712494879	none	0	1	0	0	0	0	0	0	0	0	0	0
7	47000063	493760	51.0	9.11373946857e-06	4.15181464679e-05	2.53159429682e-05	31.0	11.0	42.0	0.47619047619	9.52380952381	0.00202823114845	31.0	11.0	42.0	0.47619047619	9.52380952381	0.00202823114845	5.0	4.0	9.0	0.111111111111	0	1.0	5.0	4.0	9.0	0.111111111111	0	1.0	na	1	0	0	0	0	0	0	0	0	0	0	0
7	47500010	494117	59.0	1.92262156534e-05	3.54167130457e-05	2.73214643495e-05	31.0	8.0	39.0	0.589743589744	13.5641025641	0.000230552620796	31.0	8.0	39.0	0.589743589744	13.5641025641	0.000230552620796	14.0	10.0	24.0	0.166666666667	0.666666666667	0.414216178243	14.0	10.0	24.0	0.166666666667	0.666666666667	0.414216178243	123	0	0	0	0	0	0	0	0	0	0	1	0
7	48000032	492539	84.0	3.04544411712e-05	4.87271058738e-05	3.95907735225e-05	35.0	18.0	53.0	0.320754716981	5.45283018868	0.0195366521099	32.0	21.0	53.0	0.207547169811	2.28301886792	0.130797061807	24.0	10.0	34.0	0.411764705882	5.76470588235	0.0163512215758	21.0	13.0	34.0	0.235294117647	1.88235294118	0.170066961454	none	0	1	0	0	0	0	0	0	0	0	0	0
7	48500045	492581	137.0	4.77078896669e-05	7.00392422769e-05	6.2933811901e-05	45.0	38.0	83.0	0.0843373493976	0.590361445783	0.442279383907	43.0	40.0	83.0	0.0361445783133	0.10843373494	0.741934400848	44.0	22.0	66.0	0.333333333333	7.33333333333	0.00676874114692	42.0	24.0	66.0	0.272727272727	4.90909090909	0.0267156984472	none	0	1	0	0	0	0	0	0	0	0	0	0
7	49000110	493555	96.0	3.14048079748e-05	5.06529160884e-05	4.10288620316e-05	45.0	16.0	61.0	0.475409836066	13.7868852459	0.000204760612876	37.0	24.0	61.0	0.213114754098	2.77049180328	0.0960166565958	23.0	22.0	45.0	0.0222222222222	0.0222222222222	0.881497452191	15.0	30.0	45.0	-0.333333333333	5.0	0.0253473186775	none	0	1	0	0	0	0	0	0	0	0	0	0
7	49500284	493590	56.0	9.11687838084e-06	4.6597378391e-05	2.78571283859e-05	33.0	14.0	47.0	0.404255319149	7.68085106383	0.00558098413684	33.0	14.0	47.0	0.404255319149	7.68085106383	0.00558098413684	4.0	5.0	9.0	-0.111111111111	0	1.0	4.0	5.0	9.0	-0.111111111111	0	1.0	na	1	0	0	0	0	0	0	0	0	0	0	0
7	50000092	492869	91.0	3.34774554699e-05	5.17378857262e-05	4.46366072932e-05	32.0	25.0	57.0	0.122807017544	0.859649122807	0.353836900685	34.0	23.0	57.0	0.19298245614	2.12280701754	0.145120357207	22.0	18.0	40.0	0.1	0.4	0.527089256866	24.0	16.0	40.0	0.2	1.6	0.205903210732	none	0	1	0	0	0	0	0	0	0	0	0	0
7	50500010	493140	21.0	5.06955428479e-06	1.52086628544e-05	1.01391085696e-05	12.0	4.0	16.0	0.5	4.0	0.0455002638964	12.0	4.0	16.0	0.5	4.0	0.0455002638964	3.0	2.0	5.0	0.2	0	1.0	3.0	2.0	5.0	0.2	0	1.0	na	1	0	0	0	0	0	0	0	0	0	0	0
7	51000013	492936	34.0	1.52149569112e-05	1.52149569112e-05	1.6229287372e-05	15.0	4.0	19.0	0.578947368421	6.36842105263	0.0116168914342	14.0	5.0	19.0	0.473684210526	4.26315789474	0.038947455742	9.0	7.0	16.0	0.125	0.25	0.617075077452	8.0	8.0	16.0	0.0	0	1	na	1	0	0	0	0	0	0	0	0	0	0	0
7	51500044	493463	12.0	2.02649438762e-06	9.11922474431e-06	5.57285956597e-06	4.0	6.0	10.0	-0.2	0.4	0.527089256866	4.0	6.0	10.0	-0.2	0.4	0.527089256866	2.0	0.0	2.0	1.0	0	1.0	2.0	0.0	2.0	1.0	0	1.0	na	1	0	0	0	0	0	0	0	0	0	0	0
7	52000021	493244	10.0	4.0547882995e-06	5.06848537438e-06	4.56163683694e-06	5.0	1.0	6.0	0.666666666667	0	1.0	4.0	2.0	6.0	0.333333333333	0	1.0	3.0	2.0	5.0	0.2	0	1.0	2.0	3.0	5.0	-0.2	0	1.0	na	1	0	0	0	0	0	0	0	0	0	0	0
7	52500042	493280	34.0	1.31771002271e-05	1.92588387934e-05	1.62179695102e-05	8.0	13.0	21.0	-0.238095238095	1.19047619048	0.275233524075	9.0	12.0	21.0	-0.142857142857	0.428571428571	0.512690760262	11.0	3.0	14.0	0.571428571429	4.57142857143	0.0325094446457	12.0	2.0	14.0	0.714285714286	7.14285714286	0.00752631516646	none	0	1	0	0	0	0	0	0	0	0	0	0
7	53000021	492788	85.0	3.14536879956e-05	4.87024846384e-05	4.21073565103e-05	35.0	19.0	54.0	0.296296296296	4.74074074074	0.0294563856326	33.0	21.0	54.0	0.222222222222	2.66666666667	0.10247043486	20.0	15.0	35.0	0.142857142857	0.714285714286	0.398024719507	18.0	17.0	35.0	0.0285714285714	0.0285714285714	0.865772374993	none	0	1	0	0	0	0	0	0	0	0	0	0
7	53500095	493564	241.0	7.9017108217e-05	0.000136760379606	0.000112953943156	95.0	64.0	159.0	0.194968553459	6.04402515723	0.0139534352307	92.0	67.0	159.0	0.157232704403	3.93081761006	0.0474088895897	64.0	29.0	93.0	0.376344086022	13.1720430108	0.00028415676703	61.0	32.0	93.0	0.311827956989	9.04301075269	0.00263701001733	none	0	1	0	0	0	0	0	0	0	0	0	0
7	54000051	492972	60.0	1.52138458168e-05	4.36130246748e-05	2.94134352458e-05	32.0	13.0	45.0	0.422222222222	8.02222222222	0.00462068396336	30.0	15.0	45.0	0.333333333333	5.0	0.0253473186775	10.0	7.0	17.0	0.176470588235	0.529411764706	0.466854270823	8.0	9.0	17.0	-0.0588235294118	0.0588235294118	0.808365155915	none	0	1	0	0	0	0	0	0	0	0	0	0
7	54500094	492943	47.0	9.12884451143e-06	3.65153780457e-05	2.48507433922e-05	34.0	4.0	38.0	0.789473684211	23.6842105263	1.13510010613e-06	34.0	4.0	38.0	0.789473684211	23.6842105263	1.13510010613e-06	8.0	3.0	11.0	0.454545454545	2.27272727273	0.131668016023	8.0	3.0	11.0	0.454545454545	2.27272727273	0.131668016023	123	0	0	0	0	0	0	0	0	0	0	1	0
7	55000045	492614	76.0	2.43598436098e-05	4.97346807033e-05	3.80622556403e-05	42.0	9.0	51.0	0.647058823529	21.3529411765	3.8203420597e-06	40.0	11.0	51.0	0.56862745098	16.4901960784	4.89022874403e-05	18.0	9.0	27.0	0.333333333333	3.0	0.0832645166636	16.0	11.0	27.0	0.185185185185	0.925925925926	0.335923813152	123	0	0	0	0	0	0	0	0	0	0	1	0
7	55500111	493348	41.0	1.3175283978e-05	2.22966344244e-05	1.77359592012e-05	20.0	7.0	27.0	0.481481481481	6.25925925926	0.0123545850179	21.0	6.0	27.0	0.555555555556	8.33333333333	0.00389241712278	14.0	3.0	17.0	0.647058823529	7.11764705882	0.00763288178779	15.0	2.0	17.0	0.764705882353	9.94117647059	0.00161622221506	none	0	1	0	0	0	0	0	0	0	0	0	0
7	56000051	493522	39.0	4.052504245e-06	3.242003396e-05	1.92493951637e-05	30.0	5.0	35.0	0.714285714286	17.8571428571	2.38123768478e-05	29.0	6.0	35.0	0.657142857143	15.1142857143	0.000101194605246	4.0	1.0	5.0	0.6	0	1.0	3.0	2.0	5.0	0.2	0	1.0	na	1	0	0	0	0	0	0	0	0	0	0	0
7	56500046	493429	152.0	5.37058016452e-05	8.61319460348e-05	7.09321908522e-05	67.0	29.0	96.0	0.395833333333	15.0416666667	0.000105163554034	69.0	27.0	96.0	0.4375	18.375	1.81422795633e-05	32.0	30.0	62.0	0.0322580645161	0.0645161290323	0.79949536187	34.0	28.0	62.0	0.0967741935484	0.58064516129	0.446059549371	123	0	0	0	0	0	0	0	0	0	0	1	0
7	57000319	494007	56.0	8.09705125636e-06	4.35216505029e-05	2.58093508796e-05	37.0	11.0	48.0	0.541666666667	14.0833333333	0.000174886592542	34.0	14.0	48.0	0.416666666667	8.33333333333	0.00389241712278	9.0	2.0	11.0	0.636363636364	4.45454545455	0.0348084788119	6.0	5.0	11.0	0.0909090909091	0.0909090909091	0.763024600553	123	0	0	0	0	0	0	0	0	0	0	1	0
7	57500128	493184	46.0	6.08292239813e-06	3.244225279e-05	2.12902283935e-05	28.0	10.0	38.0	0.473684210526	8.52631578947	0.00350047582176	26.0	12.0	38.0	0.368421052632	5.15789473684	0.0231409313087	6.0	6.0	12.0	0.0	0	1	4.0	8.0	12.0	-0.333333333333	1.33333333333	0.24821307899	na	1	0	0	0	0	0	0	0	0	0	0	0
7	58000142	493030	23.0	1.318378192e-05	9.1272336369e-06	1.11555077784e-05	7.0	2.0	9.0	0.555555555556	0	1.0	7.0	2.0	9.0	0.555555555556	0	1.0	7.0	7.0	14.0	0.0	0	1	7.0	7.0	14.0	0.0	0	1	na	1	0	0	0	0	0	0	0	0	0	0	0
7	58500033	493425	25.0	1.01332522673e-05	1.41865531742e-05	1.21599027208e-05	14.0	1.0	15.0	0.866666666667	11.2666666667	0.000789112989016	13.0	2.0	15.0	0.733333333333	8.06666666667	0.0045086983649	5.0	6.0	11.0	-0.0909090909091	0.0909090909091	0.763024600553	4.0	7.0	11.0	-0.272727272727	0.818181818182	0.365712296282	123	0	0	0	0	0	0	0	0	0	0	1	0
7	59000061	492620	9.0	3.04494336405e-06	4.0599244854e-06	3.55243392473e-06	5.0	1.0	6.0	0.666666666667	0	1.0	5.0	1.0	6.0	0.666666666667	0	1.0	2.0	1.0	3.0	0.333333333333	0	1.0	2.0	1.0	3.0	0.333333333333	0	1.0	na	1	0	0	0	0	0	0	0	0	0	0	0
7	59500156	492290	84.0	3.65638140121e-05	4.26577830141e-05	4.06264600134e-05	34.0	13.0	47.0	0.446808510638	9.3829787234	0.00219009396493	34.0	13.0	47.0	0.446808510638	9.3829787234	0.00219009396493	24.0	17.0	41.0	0.170731707317	1.19512195122	0.274298827396	24.0	17.0	41.0	0.170731707317	1.19512195122	0.274298827396	123	0	0	0	0	0	0	0	0	0	0	1	0
7	60000033	492214	82.0	3.55536413024e-05	4.16485512399e-05	3.96169145941e-05	25.0	22.0	47.0	0.063829787234	0.191489361702	0.661679914866	25.0	22.0	47.0	0.063829787234	0.191489361702	0.661679914866	22.0	15.0	37.0	0.189189189189	1.32432432432	0.249817441836	22.0	15.0	37.0	0.189189189189	1.32432432432	0.249817441836	none	0	1	0	0	0	0	0	0	0	0	0	0
7	60500437	492588	40.0	1.92858940941e-05	2.03009411516e-05	1.97934176228e-05	18.0	2.0	20.0	0.8	12.8	0.000346619351135	18.0	2.0	20.0	0.8	12.8	0.000346619351135	13.0	7.0	20.0	0.3	1.8	0.179712494879	13.0	7.0	20.0	0.3	1.8	0.179712494879	123	0	0	0	0	0	0	0	0	0	0	1	0
7	61000010	492670	56.0	2.02975622628e-05	3.34909777336e-05	2.68942699982e-05	16.0	18.0	34.0	-0.0588235294118	0.117647058824	0.73160058896	17.0	17.0	34.0	0.0	0	1	12.0	11.0	23.0	0.0434782608696	0.0434782608696	0.834827329185	13.0	10.0	23.0	0.130434782609	0.391304347826	0.531614576882	na	1	0	0	0	0	0	0	0	0	0	0	0
7	61500017	492754	32.0	5.07352553201e-06	2.0294102128e-05	1.268381383e-05	16.0	9.0	25.0	0.28	1.96	0.161513318468	18.0	7.0	25.0	0.44	4.84	0.027806895027	8.0	3.0	11.0	0.454545454545	2.27272727273	0.131668016023	10.0	1.0	11.0	0.818181818182	7.36363636364	0.00665560548295	none	0	1	0	0	0	0	0	0	0	0	0	0
7	62000089	492789	24.0	1.01463303767e-06	2.13072937911e-05	1.11609634144e-05	16.0	7.0	23.0	0.391304347826	3.52173913043	0.0605688602027	17.0	6.0	23.0	0.478260869565	5.26086956522	0.0218101191437	0.0	2.0	2.0	-1.0	0	1.0	1.0	1.0	2.0	0.0	0	1.0	na	1	0	0	0	0	0	0	0	0	0	0	0
7	62500076	493457	45.0	6.079557084e-06	3.8503861532e-05	2.2291709308e-05	30.0	9.0	39.0	0.538461538462	11.3076923077	0.000771866448829	31.0	8.0	39.0	0.589743589744	13.5641025641	0.000230552620796	5.0	2.0	7.0	0.428571428571	0	1.0	6.0	1.0	7.0	0.714285714286	0	1.0	na	1	0	0	0	0	0	0	0	0	0	0	0
7	63000000	493141	66.0	3.34589904307e-05	3.04172640279e-05	3.49798536321e-05	14.0	18.0	32.0	-0.125	0.5	0.479500122187	14.0	18.0	32.0	-0.125	0.5	0.479500122187	21.0	15.0	36.0	0.166666666667	1.0	0.317310507863	21.0	15.0	36.0	0.166666666667	1.0	0.317310507863	none	0	1	0	0	0	0	0	0	0	0	0	0
7	63500043	493860	3.0	0.0	3.03729801968e-06	2.53108168307e-06	3.0	0.0	3.0	1.0	0	1.0	3.0	0.0	3.0	1.0	0	1.0	0.0	0.0	0.0	0	0	1.0	0.0	0.0	0.0	0	0	1.0	na	1	0	0	0	0	0	0	0	0	0	0	0
7	64000068	492647	42.0	1.01492549432e-05	3.04477648296e-05	2.02985098864e-05	22.0	9.0	31.0	0.41935483871	5.45161290323	0.0195502690929	23.0	8.0	31.0	0.483870967742	7.25806451613	0.00705833204853	4.0	8.0	12.0	-0.333333333333	1.33333333333	0.24821307899	5.0	7.0	12.0	-0.166666666667	0.333333333333	0.563702861651	none	0	1	0	0	0	0	0	0	0	0	0	0
7	64500075	493421	28.0	3.04000032427e-06	2.22933357113e-05	1.26666680178e-05	19.0	5.0	24.0	0.583333333333	8.16666666667	0.00426672482218	18.0	6.0	24.0	0.5	6.0	0.0143058784354	3.0	2.0	5.0	0.2	0	1.0	2.0	3.0	5.0	-0.2	0	1.0	na	1	0	0	0	0	0	0	0	0	0	0	0
7	65000028	492245	15.0	2.03150869994e-06	1.11732978496e-05	8.63391197473e-06	11.0	2.0	13.0	0.692307692308	6.23076923077	0.012554918597	11.0	2.0	13.0	0.692307692308	6.23076923077	0.012554918597	3.0	1.0	4.0	0.5	0	1.0	3.0	1.0	4.0	0.5	0	1.0	na	1	0	0	0	0	0	0	0	0	0	0	0
7	65500047	492853	50.0	1.42030179384e-05	3.24640410021e-05	2.33335294702e-05	20.0	16.0	36.0	0.111111111111	0.444444444444	0.504985075094	18.0	18.0	36.0	0.0	0	1	11.0	5.0	16.0	0.375	2.25	0.133614402538	9.0	7.0	16.0	0.125	0.25	0.617075077452	na	1	0	0	0	0	0	0	0	0	0	0	0
7	66000034	492707	40.0	5.0740095026e-06	3.24736608167e-05	1.97886370602e-05	27.0	7.0	34.0	0.588235294118	11.7647058824	0.000603644198133	26.0	8.0	34.0	0.529411764706	9.52941176471	0.0020220491969	4.0	3.0	7.0	0.142857142857	0	1.0	3.0	4.0	7.0	-0.142857142857	0	1.0	na	1	0	0	0	0	0	0	0	0	0	0	0
7	66500131	493758	46.0	9.11377638438e-06	3.44298218966e-05	2.17717991405e-05	34.0	3.0	37.0	0.837837837838	25.972972973	3.46230672799e-07	35.0	2.0	37.0	0.891891891892	29.4324324324	5.79005156043e-08	3.0	9.0	12.0	-0.5	3.0	0.0832645166636	4.0	8.0	12.0	-0.333333333333	1.33333333333	0.24821307899	123	0	0	0	0	0	0	0	0	0	0	1	0
7	67000106	494086	49.0	1.92274219468e-05	2.83351481321e-05	2.37812850394e-05	22.0	8.0	30.0	0.466666666667	6.53333333333	0.0105871373341	23.0	7.0	30.0	0.533333333333	8.53333333333	0.00348700489214	10.0	10.0	20.0	0.0	0	1	11.0	9.0	20.0	0.1	0.2	0.654720846019	na	1	0	0	0	0	0	0	0	0	0	0	0
7	67500020	493385	43.0	9.12066641669e-06	3.34424435279e-05	2.12815549723e-05	26.0	8.0	34.0	0.529411764706	9.52941176471	0.0020220491969	27.0	7.0	34.0	0.588235294118	11.7647058824	0.000603644198133	5.0	5.0	10.0	0.0	0	1	6.0	4.0	10.0	0.2	0.4	0.527089256866	na	1	0	0	0	0	0	0	0	0	0	0	0
7	68000099	492984	98.0	3.95550362689e-05	5.57827434562e-05	5.07115849602e-05	35.0	24.0	59.0	0.186440677966	2.05084745763	0.152121493884	34.0	25.0	59.0	0.152542372881	1.37288135593	0.241317443184	21.0	19.0	40.0	0.05	0.1	0.751829634046	20.0	20.0	40.0	0.0	0	1	na	1	0	0	0	0	0	0	0	0	0	0	0
7	68500105	493155	95.0	2.83886404883e-05	6.08328010463e-05	4.46107207673e-05	40.0	26.0	66.0	0.212121212121	2.9696969697	0.0848377447966	39.0	27.0	66.0	0.181818181818	2.18181818182	0.13964939861	21.0	11.0	32.0	0.3125	3.125	0.0770998717435	20.0	12.0	32.0	0.25	2.0	0.15729920705	none	0	1	0	0	0	0	0	0	0	0	0	0
7	69000064	492489	97.0	1.52287665308e-05	7.00523260418e-05	4.36557973884e-05	57.0	25.0	82.0	0.390243902439	12.487804878	0.000409617227901	58.0	24.0	82.0	0.414634146341	14.0975609756	0.000173568700148	15.0	9.0	24.0	0.25	1.5	0.22067136192	16.0	8.0	24.0	0.333333333333	2.66666666667	0.10247043486	123	0	0	0	0	0	0	0	0	0	0	1	0
7	69500129	493325	84.0	3.14194496529e-05	4.96630010642e-05	4.45953478944e-05	37.0	13.0	50.0	0.48	11.52	0.000688513896645	36.0	14.0	50.0	0.44	9.68	0.00186284629798	21.0	14.0	35.0	0.2	1.4	0.236723570638	20.0	15.0	35.0	0.142857142857	0.714285714286	0.398024719507	123	0	0	0	0	0	0	0	0	0	0	1	0
7	70000013	492935	45.0	1.42006552588e-05	2.84013105176e-05	2.13009828882e-05	18.0	12.0	30.0	0.2	1.2	0.273321678292	17.0	13.0	30.0	0.133333333333	0.533333333333	0.465208818452	11.0	5.0	16.0	0.375	2.25	0.133614402538	10.0	6.0	16.0	0.25	1.0	0.317310507863	none	0	1	0	0	0	0	0	0	0	0	0	0
7	70500034	492663	34.0	1.52233879954e-05	1.72531730615e-05	1.72531730615e-05	14.0	3.0	17.0	0.647058823529	7.11764705882	0.00763288178779	14.0	3.0	17.0	0.647058823529	7.11764705882	0.00763288178779	9.0	8.0	17.0	0.0588235294118	0.0588235294118	0.808365155915	9.0	8.0	17.0	0.0588235294118	0.0588235294118	0.808365155915	123	0	0	0	0	0	0	0	0	0	0	1	0
7	71000010	492700	39.0	7.10371422772e-06	2.33407753197e-05	1.52222447737e-05	19.0	9.0	28.0	0.357142857143	3.57142857143	0.0587817213554	19.0	9.0	28.0	0.357142857143	3.57142857143	0.0587817213554	10.0	5.0	15.0	0.333333333333	1.66666666667	0.196705602459	10.0	5.0	15.0	0.333333333333	1.66666666667	0.196705602459	none	0	1	0	0	0	0	0	0	0	0	0	0
7	71500044	492043	85.0	3.04851405263e-05	5.08085675439e-05	4.1663025386e-05	33.0	22.0	55.0	0.2	2.2	0.138010737569	32.0	23.0	55.0	0.163636363636	1.47272727273	0.224915884016	20.0	13.0	33.0	0.212121212121	1.48484848485	0.223017469947	19.0	14.0	33.0	0.151515151515	0.757575757576	0.384088249474	none	0	1	0	0	0	0	0	0	0	0	0	0
7	72000094	492876	9.0	1.01445393973e-06	8.11563151787e-06	5.57949666853e-06	6.0	2.0	8.0	0.5	0	1.0	6.0	2.0	8.0	0.5	0	1.0	0.0	1.0	1.0	-1.0	0	1.0	0.0	1.0	1.0	-1.0	0	1.0	na	1	0	0	0	0	0	0	0	0	0	0	0
7	72500039	492738	26.0	3.04421416656e-06	2.33389752769e-05	1.31915947217e-05	18.0	5.0	23.0	0.565217391304	7.34782608696	0.00671438978555	18.0	5.0	23.0	0.565217391304	7.34782608696	0.00671438978555	1.0	2.0	3.0	-0.333333333333	0	1.0	1.0	2.0	3.0	-0.333333333333	0	1.0	na	1	0	0	0	0	0	0	0	0	0	0	0
7	73000082	492807	209.0	8.92844460407e-05	0.000105517981685	0.000102474193751	61.0	58.0	119.0	0.0252100840336	0.0756302521008	0.783308901949	64.0	55.0	119.0	0.0756302521008	0.680672268908	0.409355326852	49.0	48.0	97.0	0.0103092783505	0.0103092783505	0.919126079535	52.0	45.0	97.0	0.0721649484536	0.505154639175	0.477243932338	none	0	1	0	0	0	0	0	0	0	0	0	0
7	73500027	492479	92.0	4.06108686868e-05	4.56872272726e-05	4.41643196969e-05	20.0	30.0	50.0	-0.2	2.0	0.15729920705	20.0	30.0	50.0	-0.2	2.0	0.15729920705	31.0	15.0	46.0	0.347826086957	5.5652173913	0.0183207354219	31.0	15.0	46.0	0.347826086957	5.5652173913	0.0183207354219	none	0	1	0	0	0	0	0	0	0	0	0	0
7	74000111	492705	72.0	2.13109264164e-05	4.66810769121e-05	3.60256137039e-05	28.0	22.0	50.0	0.12	0.72	0.396143909152	25.0	25.0	50.0	0.0	0	1	19.0	6.0	25.0	0.52	6.76	0.00932237604744	16.0	9.0	25.0	0.28	1.96	0.161513318468	na	1	0	0	0	0	0	0	0	0	0	0	0
7	74500043	492447	84.0	2.94447930437e-05	5.27975599405e-05	4.21365141833e-05	48.0	7.0	55.0	0.745454545455	30.5636363636	3.23092963495e-08	46.0	9.0	55.0	0.672727272727	24.8909090909	6.06678406956e-07	22.0	9.0	31.0	0.41935483871	5.45161290323	0.0195502690929	20.0	11.0	31.0	0.290322580645	2.61290322581	0.105997548425	123	0	0	0	0	0	0	0	0	0	0	1	0
7	75000075	492109	39.0	1.72725961118e-05	2.0320701308e-05	1.87966487099e-05	15.0	6.0	21.0	0.428571428571	3.85714285714	0.0495346134356	14.0	7.0	21.0	0.333333333333	2.33333333333	0.126630457948	12.0	7.0	19.0	0.263157894737	1.31578947368	0.25134910881	11.0	8.0	19.0	0.157894736842	0.473684210526	0.491297124216	none	0	1	0	0	0	0	0	0	0	0	0	0
7	75500096	493006	30.0	6.08511863953e-06	1.92695423585e-05	1.2677330499e-05	13.0	8.0	21.0	0.238095238095	1.19047619048	0.275233524075	14.0	7.0	21.0	0.333333333333	2.33333333333	0.126630457948	3.0	7.0	10.0	-0.4	1.6	0.205903210732	4.0	6.0	10.0	-0.2	0.4	0.527089256866	none	0	1	0	0	0	0	0	0	0	0	0	0
7	76000065	492674	42.0	1.01486987338e-05	3.04460962015e-05	2.13122673411e-05	19.0	12.0	31.0	0.225806451613	1.58064516129	0.208667787698	19.0	12.0	31.0	0.225806451613	1.58064516129	0.208667787698	6.0	5.0	11.0	0.0909090909091	0.0909090909091	0.763024600553	6.0	5.0	11.0	0.0909090909091	0.0909090909091	0.763024600553	none	0	1	0	0	0	0	0	0	0	0	0	0
7	76500025	492458	36.0	9.13783510472e-06	2.03063002327e-05	1.47220676687e-05	19.0	7.0	26.0	0.461538461538	5.53846153846	0.0186029299011	19.0	7.0	26.0	0.461538461538	5.53846153846	0.0186029299011	9.0	5.0	14.0	0.285714285714	1.14285714286	0.285049407403	9.0	5.0	14.0	0.285714285714	1.14285714286	0.285049407403	none	0	1	0	0	0	0	0	0	0	0	0	0
7	77000057	492541	98.0	4.56814762629e-05	4.3651188429e-05	4.77117640968e-05	28.0	23.0	51.0	0.0980392156863	0.490196078431	0.483839851394	28.0	23.0	51.0	0.0980392156863	0.490196078431	0.483839851394	31.0	22.0	53.0	0.169811320755	1.52830188679	0.216367480258	31.0	22.0	53.0	0.169811320755	1.52830188679	0.216367480258	none	0	1	0	0	0	0	0	0	0	0	0	0
7	77500060	492311	91.0	2.43748362316e-05	5.89058542263e-05	4.36715815816e-05	37.0	28.0	65.0	0.138461538462	1.24615384615	0.264288345226	35.0	30.0	65.0	0.0769230769231	0.384615384615	0.535143452398	18.0	12.0	30.0	0.2	1.2	0.273321678292	16.0	14.0	30.0	0.0666666666667	0.133333333333	0.715000654688	none	0	1	0	0	0	0	0	0	0	0	0	0
7	78000048	492296	58.0	2.1328631555e-05	3.55477192583e-05	2.94538245283e-05	27.0	9.0	36.0	0.5	9.0	0.00269979606326	28.0	8.0	36.0	0.555555555556	11.1111111111	0.000858120666394	12.0	11.0	23.0	0.0434782608696	0.0434782608696	0.834827329185	13.0	10.0	23.0	0.130434782609	0.391304347826	0.531614576882	123	0	0	0	0	0	0	0	0	0	0	1	0
7	78500139	492806	68.0	2.73941469868e-05	3.65255293158e-05	3.19598381513e-05	24.0	17.0	41.0	0.170731707317	1.19512195122	0.274298827396	23.0	18.0	41.0	0.121951219512	0.609756097561	0.434879658496	19.0	9.0	28.0	0.357142857143	3.57142857143	0.0587817213554	18.0	10.0	28.0	0.285714285714	2.28571428571	0.130570018116	none	0	1	0	0	0	0	0	0	0	0	0	0
7	79000164	491925	40.0	1.21969812471e-05	2.54103775982e-05	2.18529247345e-05	14.0	13.0	27.0	0.037037037037	0.037037037037	0.847389659687	16.0	11.0	27.0	0.185185185185	0.925925925926	0.335923813152	7.0	8.0	15.0	-0.0666666666667	0.0666666666667	0.796253414738	9.0	6.0	15.0	0.2	0.6	0.438578026081	none	0	1	0	0	0	0	0	0	0	0	0	0
7	79500004	491757	120.0	4.37207807921e-05	6.91398393922e-05	5.84638347802e-05	54.0	21.0	75.0	0.44	14.52	0.000138679405429	49.0	26.0	75.0	0.306666666667	7.05333333333	0.00791178868071	29.0	21.0	50.0	0.16	1.28	0.257899035292	24.0	26.0	50.0	-0.04	0.08	0.77729741079	123	0	0	0	0	0	0	0	0	0	0	1	0
7	80000193	492376	12.0	2.03096820316e-06	1.01548410158e-05	6.09290460949e-06	8.0	2.0	10.0	0.6	3.6	0.0577795711236	8.0	2.0	10.0	0.6	3.6	0.0577795711236	1.0	1.0	2.0	0.0	0	1.0	1.0	1.0	2.0	0.0	0	1.0	na	1	0	0	0	0	0	0	0	0	0	0	0
7	80500035	491687	19.0	2.0338141948e-06	1.5253606461e-05	8.64371032791e-06	15.0	2.0	17.0	0.764705882353	9.94117647059	0.00161622221506	15.0	2.0	17.0	0.764705882353	9.94117647059	0.00161622221506	2.0	0.0	2.0	1.0	0	1.0	2.0	0.0	2.0	1.0	0	1.0	na	1	0	0	0	0	0	0	0	0	0	0	0
7	80974406	465227	202.0	6.23351611149e-05	0.000130044043016	0.000104787555322	98.0	44.0	142.0	0.380281690141	20.5352112676	5.85443425172e-06	92.0	50.0	142.0	0.295774647887	12.4225352113	0.000424184007846	42.0	30.0	72.0	0.166666666667	2.0	0.15729920705	36.0	36.0	72.0	0.0	0	1	na	1	0	0	0	0	0	0	0	0	0	0	0
