#chrom	coord	total	dtotal	T12	T34	T1234	DFO_left	DFO_right	DFO_total	DFO_stat	DFO_chisq	DFO_Pvalue	DIL_left	DIL_right	DIL_total	DIL_stat	DIL_chisq	DIL_Pvalue	DFI_left	DFI_right	DFI_total	DFI_stat	DFI_chisq	DFI_Pvalue	DOL_left	DOL_right	DOL_total	DOL_stat	DOL_chisq	DOL_Pvalue	introgression	introgna	intrognone	introg13	introg14	introg23	introg24	introg31	introg41	introg32	introg42	introg123	introg124
X	500007	491061	18.0	8.14562752896e-06	8.14562752896e-06	8.14562752896e-06	5.0	3.0	8.0	0.25	0	1.0	5.0	3.0	8.0	0.25	0	1.0	5.0	5.0	10.0	0.0	0	1	5.0	5.0	10.0	0.0	0	1	na	1	0	0	0	0	0	0	0	0	0	0	0
X	1000102	489434	17.0	5.10794100941e-06	1.12374702207e-05	1.02158820188e-05	9.0	2.0	11.0	0.636363636364	4.45454545455	0.0348084788119	9.0	2.0	11.0	0.636363636364	4.45454545455	0.0348084788119	1.0	5.0	6.0	-0.666666666667	0	1.0	1.0	5.0	6.0	-0.666666666667	0	1.0	na	1	0	0	0	0	0	0	0	0	0	0	0
X	1500061	489296	17.0	3.06562898532e-06	1.22625159413e-05	8.68594879173e-06	10.0	4.0	14.0	0.428571428571	2.57142857143	0.108809430041	11.0	3.0	14.0	0.571428571429	4.57142857143	0.0325094446457	3.0	1.0	4.0	0.5	0	1.0	4.0	0.0	4.0	1.0	0	1.0	na	1	0	0	0	0	0	0	0	0	0	0	0
X	2000026	489976	37.0	1.12250395938e-05	1.93887047529e-05	1.63273303182e-05	13.0	11.0	24.0	0.0833333333333	0.166666666667	0.68309139831	12.0	12.0	24.0	0.0	0	1	6.0	8.0	14.0	-0.142857142857	0.285714285714	0.592980098017	5.0	9.0	14.0	-0.285714285714	1.14285714286	0.285049407403	na	1	0	0	0	0	0	0	0	0	0	0	0
X	2500007	490069	54.0	2.24458188541e-05	2.85674058143e-05	2.65268768275e-05	28.0	4.0	32.0	0.75	18.0	2.20904969986e-05	25.0	7.0	32.0	0.5625	10.125	0.00146271658668	17.0	8.0	25.0	0.36	3.24	0.0718606382259	14.0	11.0	25.0	0.12	0.36	0.5485062355	123	0	0	0	0	0	0	0	0	0	0	1	0
X	3000012	490313	39.0	1.22370812114e-05	2.34544056552e-05	1.78457434333e-05	13.0	11.0	24.0	0.0833333333333	0.166666666667	0.68309139831	12.0	12.0	24.0	0.0	0	1	9.0	7.0	16.0	0.125	0.25	0.617075077452	8.0	8.0	16.0	0.0	0	1	na	1	0	0	0	0	0	0	0	0	0	0	0
X	3500008	491116	6.0	1.01808941268e-06	4.07235765074e-06	2.54522353171e-06	2.0	3.0	5.0	-0.2	0	1.0	2.0	3.0	5.0	-0.2	0	1.0	0.0	1.0	1.0	-1.0	0	1.0	0.0	1.0	1.0	-1.0	0	1.0	na	1	0	0	0	0	0	0	0	0	0	0	0
X	4000169	491144	38.0	6.10818822993e-06	2.6468815663e-05	1.62885019465e-05	24.0	5.0	29.0	0.655172413793	12.4482758621	0.000418377845865	22.0	7.0	29.0	0.51724137931	7.75862068966	0.00534567687265	5.0	6.0	11.0	-0.0909090909091	0.0909090909091	0.763024600553	3.0	8.0	11.0	-0.454545454545	2.27272727273	0.131668016023	123	0	0	0	0	0	0	0	0	0	0	1	0
X	4500000	490124	6.0	3.06045000857e-06	3.06045000857e-06	3.06045000857e-06	3.0	0.0	3.0	1.0	0	1.0	3.0	0.0	3.0	1.0	0	1.0	2.0	1.0	3.0	0.333333333333	0	1.0	2.0	1.0	3.0	0.333333333333	0	1.0	na	1	0	0	0	0	0	0	0	0	0	0	0
X	5000005	491634	31.0	5.08508361912e-06	2.23743679241e-05	1.47467424954e-05	18.0	4.0	22.0	0.636363636364	8.90909090909	0.00283754488879	18.0	4.0	22.0	0.636363636364	8.90909090909	0.00283754488879	5.0	4.0	9.0	0.111111111111	0	1.0	5.0	4.0	9.0	0.111111111111	0	1.0	na	1	0	0	0	0	0	0	0	0	0	0	0
X	5500000	492182	24.0	5.07942183989e-06	1.93018029916e-05	1.32064967837e-05	17.0	2.0	19.0	0.789473684211	11.8421052632	0.000579063217219	17.0	2.0	19.0	0.789473684211	11.8421052632	0.000579063217219	5.0	0.0	5.0	1.0	0	1.0	5.0	0.0	5.0	1.0	0	1.0	na	1	0	0	0	0	0	0	0	0	0	0	0
X	6000014	493951	31.0	4.04898461588e-06	2.12571692334e-05	1.26530769246e-05	23.0	3.0	26.0	0.769230769231	15.3846153846	8.76994237559e-05	22.0	4.0	26.0	0.692307692308	12.4615384615	0.000415417648382	6.0	2.0	8.0	0.5	0	1.0	5.0	3.0	8.0	0.25	0	1.0	na	1	0	0	0	0	0	0	0	0	0	0	0
X	6500143	492588	27.0	4.06018823033e-06	2.33460823244e-05	1.37031352774e-05	21.0	2.0	23.0	0.826086956522	15.6956521739	7.43949840484e-05	21.0	2.0	23.0	0.826086956522	15.6956521739	7.43949840484e-05	4.0	0.0	4.0	1.0	0	1.0	4.0	0.0	4.0	1.0	0	1.0	na	1	0	0	0	0	0	0	0	0	0	0	0
X	7000014	493471	21.0	8.10584613888e-06	1.21587692083e-05	1.01323076736e-05	7.0	6.0	13.0	0.0769230769231	0.0769230769231	0.781511294999	6.0	7.0	13.0	-0.0769230769231	0.0769230769231	0.781511294999	7.0	2.0	9.0	0.555555555556	0	1.0	6.0	3.0	9.0	0.333333333333	0	1.0	na	1	0	0	0	0	0	0	0	0	0	0	0
X	7500092	494472	19.0	4.0447184067e-06	1.31453348218e-05	8.59502661425e-06	13.0	2.0	15.0	0.733333333333	8.06666666667	0.0045086983649	12.0	3.0	15.0	0.6	5.4	0.0201367515503	2.0	3.0	5.0	-0.2	0	1.0	1.0	4.0	5.0	-0.6	0	1.0	na	1	0	0	0	0	0	0	0	0	0	0	0
X	8000009	494497	66.0	2.93227259215e-05	3.43783683217e-05	3.18505471216e-05	26.0	11.0	37.0	0.405405405405	6.08108108108	0.0136637128682	25.0	12.0	37.0	0.351351351351	4.56756756757	0.0325827983856	21.0	9.0	30.0	0.4	4.8	0.0284597369163	20.0	10.0	30.0	0.333333333333	3.33333333333	0.0678891548618	none	0	1	0	0	0	0	0	0	0	0	0	0
X	8500220	495163	21.0	1.00976850047e-06	2.01953700095e-05	1.0602569255e-05	19.0	1.0	20.0	0.9	16.2	5.69941162333e-05	19.0	1.0	20.0	0.9	16.2	5.69941162333e-05	1.0	0.0	1.0	1.0	0	1.0	1.0	0.0	1.0	1.0	0	1.0	na	1	0	0	0	0	0	0	0	0	0	0	0
X	9000007	494469	21.0	7.07830015633e-06	1.3145414576e-05	1.01118573662e-05	7.0	6.0	13.0	0.0769230769231	0.0769230769231	0.781511294999	7.0	6.0	13.0	0.0769230769231	0.0769230769231	0.781511294999	3.0	5.0	8.0	-0.25	0	1.0	3.0	5.0	8.0	-0.25	0	1.0	na	1	0	0	0	0	0	0	0	0	0	0	0
X	9500267	493879	60.0	2.12602682033e-05	3.44213866149e-05	3.1890402305e-05	26.0	11.0	37.0	0.405405405405	6.08108108108	0.0136637128682	25.0	12.0	37.0	0.351351351351	4.56756756757	0.0325827983856	7.0	19.0	26.0	-0.461538461538	5.53846153846	0.0186029299011	6.0	20.0	26.0	-0.538461538462	7.53846153846	0.00603955904866	none	0	1	0	0	0	0	0	0	0	0	0	0
X	10000011	493668	25.0	4.05130573584e-06	1.62052229434e-05	1.21539172075e-05	15.0	5.0	20.0	0.5	5.0	0.0253473186775	12.0	8.0	20.0	0.2	0.8	0.371093369523	7.0	1.0	8.0	0.75	0	1.0	4.0	4.0	8.0	0.0	0	1.0	na	1	0	0	0	0	0	0	0	0	0	0	0
X	10500176	494282	6.0	1.01156829502e-06	5.05784147511e-06	3.03470488507e-06	5.0	0.0	5.0	1.0	0	1.0	5.0	0.0	5.0	1.0	0	1.0	1.0	0.0	1.0	1.0	0	1.0	1.0	0.0	1.0	1.0	0	1.0	na	1	0	0	0	0	0	0	0	0	0	0	0
X	11000215	495079	43.0	1.91888567279e-05	1.81789169001e-05	1.96938266418e-05	10.0	13.0	23.0	-0.130434782609	0.391304347826	0.531614576882	13.0	10.0	23.0	0.130434782609	0.391304347826	0.531614576882	10.0	13.0	23.0	-0.130434782609	0.391304347826	0.531614576882	13.0	10.0	23.0	0.130434782609	0.391304347826	0.531614576882	none	0	1	0	0	0	0	0	0	0	0	0	0
X	11500054	494649	30.0	1.01081777179e-05	1.92055376641e-05	1.56676754628e-05	11.0	8.0	19.0	0.157894736842	0.473684210526	0.491297124216	11.0	8.0	19.0	0.157894736842	0.473684210526	0.491297124216	5.0	6.0	11.0	-0.0909090909091	0.0909090909091	0.763024600553	5.0	6.0	11.0	-0.0909090909091	0.0909090909091	0.763024600553	none	0	1	0	0	0	0	0	0	0	0	0	0
X	12000018	494068	22.0	0.0	2.12521353336e-05	1.06260676668e-05	22.0	0.0	22.0	1.0	22.0	2.72650465616e-06	22.0	0.0	22.0	1.0	22.0	2.72650465616e-06	0.0	0.0	0.0	0	0	1.0	0.0	0.0	0.0	0	0	1.0	na	1	0	0	0	0	0	0	0	0	0	0	0
X	12500038	494537	15.0	3.03314008861e-06	1.11215136582e-05	7.07732687342e-06	9.0	3.0	12.0	0.5	3.0	0.0832645166636	8.0	4.0	12.0	0.333333333333	1.33333333333	0.24821307899	2.0	2.0	4.0	0.0	0	1.0	1.0	3.0	4.0	-0.5	0	1.0	na	1	0	0	0	0	0	0	0	0	0	0	0
X	13000003	494299	26.0	8.09226804019e-06	1.71960695854e-05	1.26441688128e-05	9.0	8.0	17.0	0.0588235294118	0.0588235294118	0.808365155915	9.0	8.0	17.0	0.0588235294118	0.0588235294118	0.808365155915	5.0	4.0	9.0	0.111111111111	0	1.0	5.0	4.0	9.0	0.111111111111	0	1.0	na	1	0	0	0	0	0	0	0	0	0	0	0
X	13500173	494779	25.0	7.07386530148e-06	1.81899393467e-05	1.26319023241e-05	12.0	6.0	18.0	0.333333333333	2.0	0.15729920705	12.0	6.0	18.0	0.333333333333	2.0	0.15729920705	5.0	2.0	7.0	0.428571428571	0	1.0	5.0	2.0	7.0	0.428571428571	0	1.0	na	1	0	0	0	0	0	0	0	0	0	0	0
X	14000054	494751	11.0	7.0742656407e-06	4.04243750897e-06	5.55835157483e-06	2.0	2.0	4.0	0.0	0	1.0	2.0	2.0	4.0	0.0	0	1.0	5.0	2.0	7.0	0.428571428571	0	1.0	5.0	2.0	7.0	0.428571428571	0	1.0	na	1	0	0	0	0	0	0	0	0	0	0	0
X	14500170	494468	17.0	8.08950225293e-06	9.10069003454e-06	8.59509614373e-06	5.0	4.0	9.0	0.111111111111	0	1.0	5.0	4.0	9.0	0.111111111111	0	1.0	4.0	4.0	8.0	0.0	0	1.0	4.0	4.0	8.0	0.0	0	1.0	na	1	0	0	0	0	0	0	0	0	0	0	0
X	15000160	495050	42.0	1.514998485e-05	2.221997778e-05	1.8684981315e-05	17.0	7.0	24.0	0.416666666667	4.16666666667	0.0412268333372	17.0	7.0	24.0	0.416666666667	4.16666666667	0.0412268333372	11.0	9.0	20.0	0.1	0.2	0.654720846019	11.0	9.0	20.0	0.1	0.2	0.654720846019	none	0	1	0	0	0	0	0	0	0	0	0	0
X	15500033	494254	36.0	1.01162560141e-05	2.12441376296e-05	1.77034480247e-05	9.0	16.0	25.0	-0.28	1.96	0.161513318468	12.0	13.0	25.0	-0.04	0.04	0.841480581122	9.0	5.0	14.0	0.285714285714	1.14285714286	0.285049407403	12.0	2.0	14.0	0.714285714286	7.14285714286	0.00752631516646	none	0	1	0	0	0	0	0	0	0	0	0	0
X	16000415	494970	26.0	1.11117845526e-05	1.41422712488e-05	1.26270279007e-05	9.0	6.0	15.0	0.2	0.6	0.438578026081	8.0	7.0	15.0	0.0666666666667	0.0666666666667	0.796253414738	7.0	5.0	12.0	0.166666666667	0.333333333333	0.563702861651	6.0	6.0	12.0	0.0	0	1	na	1	0	0	0	0	0	0	0	0	0	0	0
X	16500022	494781	30.0	1.81898658194e-05	1.21265772129e-05	1.51582215162e-05	6.0	6.0	12.0	0.0	0	1	6.0	6.0	12.0	0.0	0	1	15.0	3.0	18.0	0.666666666667	8.0	0.00467773498105	15.0	3.0	18.0	0.666666666667	8.0	0.00467773498105	na	1	0	0	0	0	0	0	0	0	0	0	0
X	17000114	494399	128.0	3.64078406307e-05	8.19176414192e-05	6.11853988378e-05	52.0	40.0	92.0	0.130434782609	1.5652173913	0.210902926057	55.0	37.0	92.0	0.195652173913	3.52173913043	0.0605688602027	24.0	19.0	43.0	0.116279069767	0.581395348837	0.445765907915	27.0	16.0	43.0	0.255813953488	2.81395348837	0.0934478221586	none	0	1	0	0	0	0	0	0	0	0	0	0
X	17500089	494829	71.0	3.43553025389e-05	3.33448524642e-05	3.38500775015e-05	17.0	20.0	37.0	-0.0810810810811	0.243243243243	0.621873424331	16.0	21.0	37.0	-0.135135135135	0.675675675676	0.411079778723	25.0	12.0	37.0	0.351351351351	4.56756756757	0.0325827983856	24.0	13.0	37.0	0.297297297297	3.27027027027	0.0705460004569	none	0	1	0	0	0	0	0	0	0	0	0	0
X	18000085	494362	53.0	2.12394965632e-05	2.73079241527e-05	2.62965195545e-05	21.0	11.0	32.0	0.3125	3.125	0.0770998717435	21.0	11.0	32.0	0.3125	3.125	0.0770998717435	13.0	10.0	23.0	0.130434782609	0.391304347826	0.531614576882	13.0	10.0	23.0	0.130434782609	0.391304347826	0.531614576882	none	0	1	0	0	0	0	0	0	0	0	0	0
X	18500354	495155	90.0	3.02935444457e-05	5.35185951874e-05	4.29158546314e-05	43.0	15.0	58.0	0.48275862069	13.5172413793	0.000236381636519	40.0	18.0	58.0	0.379310344828	8.34482758621	0.00386786866666	25.0	12.0	37.0	0.351351351351	4.56756756757	0.0325827983856	22.0	15.0	37.0	0.189189189189	1.32432432432	0.249817441836	123	0	0	0	0	0	0	0	0	0	0	1	0
X	19000011	494217	52.0	1.82106240781e-05	2.83276374548e-05	2.42808321041e-05	16.0	18.0	34.0	-0.0588235294118	0.117647058824	0.73160058896	17.0	17.0	34.0	0.0	0	1	10.0	9.0	19.0	0.0526315789474	0.0526315789474	0.818545808382	11.0	8.0	19.0	0.157894736842	0.473684210526	0.491297124216	na	1	0	0	0	0	0	0	0	0	0	0	0
X	19500001	494956	66.0	2.62649609258e-05	2.5254770121e-05	2.67700563282e-05	20.0	14.0	34.0	0.176470588235	1.05882352941	0.303483664025	20.0	14.0	34.0	0.176470588235	1.05882352941	0.303483664025	29.0	11.0	40.0	0.45	8.1	0.00442652585792	29.0	11.0	40.0	0.45	8.1	0.00442652585792	none	0	1	0	0	0	0	0	0	0	0	0	0
X	20000170	494863	13.0	1.01038065081e-06	1.11141871589e-05	7.07266455564e-06	8.0	4.0	12.0	0.333333333333	1.33333333333	0.24821307899	8.0	4.0	12.0	0.333333333333	1.33333333333	0.24821307899	1.0	0.0	1.0	1.0	0	1.0	1.0	0.0	1.0	1.0	0	1.0	na	1	0	0	0	0	0	0	0	0	0	0	0
X	20500055	495020	42.0	1.51509029938e-05	2.52515049897e-05	2.02012039918e-05	15.0	10.0	25.0	0.2	1.0	0.317310507863	15.0	10.0	25.0	0.2	1.0	0.317310507863	5.0	12.0	17.0	-0.411764705882	2.88235294118	0.0895550744136	5.0	12.0	17.0	-0.411764705882	2.88235294118	0.0895550744136	none	0	1	0	0	0	0	0	0	0	0	0	0
X	21000050	494633	108.0	4.75099720399e-05	4.95316729777e-05	5.45859253224e-05	22.0	36.0	58.0	-0.241379310345	3.37931034483	0.0660196750213	27.0	31.0	58.0	-0.0689655172414	0.275862068966	0.599426279296	25.0	30.0	55.0	-0.0909090909091	0.454545454545	0.500184257071	30.0	25.0	55.0	0.0909090909091	0.454545454545	0.500184257071	none	0	1	0	0	0	0	0	0	0	0	0	0
X	21500011	494749	35.0	6.0636807755e-06	2.72865634898e-05	1.66751221326e-05	18.0	10.0	28.0	0.285714285714	2.28571428571	0.130570018116	18.0	10.0	28.0	0.285714285714	2.28571428571	0.130570018116	3.0	4.0	7.0	-0.142857142857	0	1.0	3.0	4.0	7.0	-0.142857142857	0	1.0	na	1	0	0	0	0	0	0	0	0	0	0	0
X	22000033	494387	165.0	7.68628624944e-05	7.58515090405e-05	8.04025995829e-05	33.0	53.0	86.0	-0.232558139535	4.6511627907	0.0310325195001	30.0	56.0	86.0	-0.302325581395	7.86046511628	0.0050527393003	49.0	37.0	86.0	0.139534883721	1.67441860465	0.195667742544	46.0	40.0	86.0	0.0697674418605	0.418604651163	0.517634118583	none	0	1	0	0	0	0	0	0	0	0	0	0
X	22500135	494633	18.0	1.01085046893e-06	1.61736075029e-05	8.59222898594e-06	15.0	2.0	17.0	0.764705882353	9.94117647059	0.00161622221506	14.0	3.0	17.0	0.647058823529	7.11764705882	0.00763288178779	2.0	0.0	2.0	1.0	0	1.0	1.0	1.0	2.0	0.0	0	1.0	na	1	0	0	0	0	0	0	0	0	0	0	0
X	23000219	494980	89.0	3.83853893087e-05	4.34360984282e-05	4.39411693402e-05	13.0	38.0	51.0	-0.490196078431	12.2549019608	0.000464037532075	13.0	38.0	51.0	-0.490196078431	12.2549019608	0.000464037532075	19.0	25.0	44.0	-0.136363636364	0.818181818182	0.365712296282	19.0	25.0	44.0	-0.136363636364	0.818181818182	0.365712296282	124	0	0	0	0	0	0	0	0	0	0	0	1
X	23500202	494657	52.0	1.61728227843e-05	3.33564469926e-05	2.47646348884e-05	21.0	14.0	35.0	0.2	1.4	0.236723570638	21.0	14.0	35.0	0.2	1.4	0.236723570638	9.0	10.0	19.0	-0.0526315789474	0.0526315789474	0.818545808382	9.0	10.0	19.0	-0.0526315789474	0.0526315789474	0.818545808382	none	0	1	0	0	0	0	0	0	0	0	0	0
X	24000102	494849	31.0	1.71769570111e-05	1.31353200673e-05	1.51561385392e-05	6.0	7.0	13.0	-0.0769230769231	0.0769230769231	0.781511294999	6.0	7.0	13.0	-0.0769230769231	0.0769230769231	0.781511294999	16.0	2.0	18.0	0.777777777778	10.8888888889	0.000967428450248	16.0	2.0	18.0	0.777777777778	10.8888888889	0.000967428450248	none	0	1	0	0	0	0	0	0	0	0	0	0
X	24500115	494658	50.0	2.83023826563e-05	1.71835894699e-05	2.47645848243e-05	6.0	15.0	21.0	-0.428571428571	3.85714285714	0.0495346134356	10.0	11.0	21.0	-0.047619047619	0.047619047619	0.827259346563	26.0	7.0	33.0	0.575757575758	10.9393939394	0.000941409585934	30.0	3.0	33.0	0.818181818182	22.0909090909	2.60038312594e-06	none	0	1	0	0	0	0	0	0	0	0	0	0
X	25000010	494471	16.0	6.06708987989e-06	9.10063481984e-06	7.58386234986e-06	8.0	2.0	10.0	0.6	3.6	0.0577795711236	7.0	3.0	10.0	0.4	1.6	0.205903210732	5.0	2.0	7.0	0.428571428571	0	1.0	4.0	3.0	7.0	0.142857142857	0	1.0	na	1	0	0	0	0	0	0	0	0	0	0	0
X	25500089	494445	105.0	4.24718623912e-05	5.66291498549e-05	5.25842105795e-05	30.0	32.0	62.0	-0.0322580645161	0.0645161290323	0.79949536187	29.0	33.0	62.0	-0.0645161290323	0.258064516129	0.611452986954	28.0	20.0	48.0	0.166666666667	1.33333333333	0.24821307899	27.0	21.0	48.0	0.125	0.75	0.386476230771	none	0	1	0	0	0	0	0	0	0	0	0	0
X	26000197	494281	89.0	3.33818212717e-05	4.95669467368e-05	4.55206653705e-05	23.0	33.0	56.0	-0.178571428571	1.78571428571	0.181449207721	18.0	38.0	56.0	-0.357142857143	7.14285714286	0.00752631516646	26.0	12.0	38.0	0.368421052632	5.15789473684	0.0231409313087	21.0	17.0	38.0	0.105263157895	0.421052631579	0.516412268396	none	0	1	0	0	0	0	0	0	0	0	0	0
X	26500058	494526	9.0	0.0	9.09962266898e-06	4.54981133449e-06	9.0	0.0	9.0	1.0	0	1.0	9.0	0.0	9.0	1.0	0	1.0	0.0	0.0	0.0	0	0	1.0	0.0	0.0	0.0	0	0	1.0	na	1	0	0	0	0	0	0	0	0	0	0	0
X	27000068	494988	32.0	1.71721334659e-05	1.41417569719e-05	1.66670707169e-05	9.0	6.0	15.0	0.2	0.6	0.438578026081	8.0	7.0	15.0	0.0666666666667	0.0666666666667	0.796253414738	11.0	7.0	18.0	0.222222222222	0.888888888889	0.345778586151	10.0	8.0	18.0	0.111111111111	0.222222222222	0.637351888234	none	0	1	0	0	0	0	0	0	0	0	0	0
X	27500090	494900	41.0	1.81854920186e-05	2.02061022429e-05	2.1216407355e-05	9.0	12.0	21.0	-0.142857142857	0.428571428571	0.512690760262	8.0	13.0	21.0	-0.238095238095	1.19047619048	0.275233524075	10.0	11.0	21.0	-0.047619047619	0.047619047619	0.827259346563	9.0	12.0	21.0	-0.142857142857	0.428571428571	0.512690760262	none	0	1	0	0	0	0	0	0	0	0	0	0
X	28000108	494316	71.0	2.73104653703e-05	3.64139538271e-05	3.38852070336e-05	21.0	22.0	43.0	-0.0232558139535	0.0232558139535	0.878793717959	20.0	23.0	43.0	-0.0697674418605	0.209302325581	0.647314784389	21.0	12.0	33.0	0.272727272727	2.45454545455	0.117185087198	20.0	13.0	33.0	0.212121212121	1.48484848485	0.223017469947	none	0	1	0	0	0	0	0	0	0	0	0	0
X	28500092	494901	5.0	5.05151535358e-06	0.0	2.52575767679e-06	0.0	0.0	0.0	0	0	1.0	0.0	0.0	0.0	0	0	1.0	1.0	4.0	5.0	-0.6	0	1.0	1.0	4.0	5.0	-0.6	0	1.0	na	1	0	0	0	0	0	0	0	0	0	0	0
X	29000039	493875	188.0	7.99797519615e-05	9.31409769679e-05	8.95975702354e-05	44.0	60.0	104.0	-0.153846153846	2.46153846154	0.116664464781	48.0	56.0	104.0	-0.0769230769231	0.615384615385	0.432767580668	61.0	33.0	94.0	0.297872340426	8.34042553191	0.00387725153952	65.0	29.0	94.0	0.382978723404	13.7872340426	0.000204722600537	none	0	1	0	0	0	0	0	0	0	0	0	0
X	29500004	494172	131.0	4.65424993727e-05	6.9813749059e-05	6.52606784682e-05	51.0	32.0	83.0	0.228915662651	4.34939759036	0.0370220394324	44.0	39.0	83.0	0.0602409638554	0.301204819277	0.58312809138	28.0	27.0	55.0	0.0181818181818	0.0181818181818	0.892738400944	21.0	34.0	55.0	-0.236363636364	3.07272727273	0.0796158014601	none	0	1	0	0	0	0	0	0	0	0	0	0
X	30000004	494746	61.0	2.72867289478e-05	2.93079681291e-05	2.82973485384e-05	21.0	12.0	33.0	0.272727272727	2.45454545455	0.117185087198	22.0	11.0	33.0	0.333333333333	3.66666666667	0.0555110980979	16.0	15.0	31.0	0.0322580645161	0.0322580645161	0.857462441959	17.0	14.0	31.0	0.0967741935484	0.290322580645	0.590013887163	none	0	1	0	0	0	0	0	0	0	0	0	0
X	30500048	494371	35.0	1.41594065995e-05	1.92163375279e-05	1.8710644435e-05	9.0	12.0	21.0	-0.142857142857	0.428571428571	0.512690760262	10.0	11.0	21.0	-0.047619047619	0.047619047619	0.827259346563	13.0	2.0	15.0	0.733333333333	8.06666666667	0.0045086983649	14.0	1.0	15.0	0.866666666667	11.2666666667	0.000789112989016	none	0	1	0	0	0	0	0	0	0	0	0	0
X	31000321	494854	53.0	1.11143892946e-05	3.83951630178e-05	2.87963722633e-05	23.0	19.0	42.0	0.0952380952381	0.380952380952	0.537093978443	24.0	18.0	42.0	0.142857142857	0.857142857143	0.354539479774	8.0	6.0	14.0	0.142857142857	0.285714285714	0.592980098017	9.0	5.0	14.0	0.285714285714	1.14285714286	0.285049407403	none	0	1	0	0	0	0	0	0	0	0	0	0
X	31500039	494637	72.0	2.62818996557e-05	4.14445340725e-05	3.48740591585e-05	20.0	24.0	44.0	-0.0909090909091	0.363636363636	0.546493595407	22.0	22.0	44.0	0.0	0	1	17.0	13.0	30.0	0.133333333333	0.533333333333	0.465208818452	19.0	11.0	30.0	0.266666666667	2.13333333333	0.144127034816	na	1	0	0	0	0	0	0	0	0	0	0	0
X	32000213	493773	79.0	4.15170533828e-05	3.13909428017e-05	3.64539980922e-05	18.0	18.0	36.0	0.0	0	1	18.0	18.0	36.0	0.0	0	1	35.0	12.0	47.0	0.489361702128	11.2553191489	0.000793951700783	35.0	12.0	47.0	0.489361702128	11.2553191489	0.000793951700783	na	1	0	0	0	0	0	0	0	0	0	0	0
X	32500011	493986	126.0	4.75721984024e-05	6.98400359524e-05	6.27548149138e-05	37.0	37.0	74.0	0.0	0	1	38.0	36.0	74.0	0.027027027027	0.0540540540541	0.816153354758	28.0	27.0	55.0	0.0181818181818	0.0181818181818	0.892738400944	29.0	26.0	55.0	0.0545454545455	0.163636363636	0.685830434452	na	1	0	0	0	0	0	0	0	0	0	0	0
X	33000028	494150	11.0	1.01183851057e-06	6.07103106344e-06	3.54143478701e-06	6.0	1.0	7.0	0.714285714286	0	1.0	5.0	2.0	7.0	0.428571428571	0	1.0	5.0	0.0	5.0	1.0	0	1.0	4.0	1.0	5.0	0.6	0	1.0	na	1	0	0	0	0	0	0	0	0	0	0	0
X	33500029	494946	63.0	3.03063364488e-05	3.13165476638e-05	3.48522869161e-05	13.0	20.0	33.0	-0.212121212121	1.48484848485	0.223017469947	12.0	21.0	33.0	-0.272727272727	2.45454545455	0.117185087198	16.0	15.0	31.0	0.0322580645161	0.0322580645161	0.857462441959	15.0	16.0	31.0	-0.0322580645161	0.0322580645161	0.857462441959	none	0	1	0	0	0	0	0	0	0	0	0	0
X	34000035	494396	19.0	5.05667521582e-06	1.2136020518e-05	8.59634786689e-06	4.0	10.0	14.0	-0.428571428571	2.57142857143	0.108809430041	5.0	9.0	14.0	-0.285714285714	1.14285714286	0.285049407403	2.0	4.0	6.0	-0.333333333333	0	1.0	3.0	3.0	6.0	0.0	0	1.0	na	1	0	0	0	0	0	0	0	0	0	0	0
X	34500004	494175	16.0	9.10608590074e-06	5.05893661152e-06	1.11296605454e-05	5.0	2.0	7.0	0.428571428571	0	1.0	3.0	4.0	7.0	-0.142857142857	0	1.0	10.0	1.0	11.0	0.818181818182	7.36363636364	0.00665560548295	8.0	3.0	11.0	0.454545454545	2.27272727273	0.131668016023	na	1	0	0	0	0	0	0	0	0	0	0	0
X	35000088	494372	68.0	3.3375676616e-05	3.23642924761e-05	3.69155211056e-05	16.0	18.0	34.0	-0.0588235294118	0.117647058824	0.73160058896	15.0	19.0	34.0	-0.117647058824	0.470588235294	0.492716677227	26.0	9.0	35.0	0.485714285714	8.25714285714	0.00405919636556	25.0	10.0	35.0	0.428571428571	6.42857142857	0.0112298866529	none	0	1	0	0	0	0	0	0	0	0	0	0
X	35500009	494563	19.0	1.0109935438e-06	1.71868902445e-05	9.09894189416e-06	17.0	1.0	18.0	0.888888888889	14.2222222222	0.000162440845187	17.0	1.0	18.0	0.888888888889	14.2222222222	0.000162440845187	1.0	0.0	1.0	1.0	0	1.0	1.0	0.0	1.0	1.0	0	1.0	na	1	0	0	0	0	0	0	0	0	0	0	0
X	36000248	494413	77.0	2.62938069994e-05	4.44972118452e-05	3.84294102299e-05	25.0	26.0	51.0	-0.0196078431373	0.0196078431373	0.888637860895	27.0	24.0	51.0	0.0588235294118	0.176470588235	0.674424072235	19.0	13.0	32.0	0.1875	1.125	0.288844366346	21.0	11.0	32.0	0.3125	3.125	0.0770998717435	none	0	1	0	0	0	0	0	0	0	0	0	0
X	36500122	494527	83.0	4.24648199188e-05	3.74094842142e-05	4.09482192074e-05	28.0	13.0	41.0	0.365853658537	5.48780487805	0.0191495715008	30.0	11.0	41.0	0.463414634146	8.80487804878	0.0030042622394	25.0	21.0	46.0	0.0869565217391	0.347826086957	0.555346316671	27.0	19.0	46.0	0.173913043478	1.39130434783	0.238184949992	none	0	1	0	0	0	0	0	0	0	0	0	0
X	37000005	494313	33.0	1.21380582748e-05	1.92185922685e-05	1.77013349841e-05	10.0	11.0	21.0	-0.047619047619	0.047619047619	0.827259346563	8.0	13.0	21.0	-0.238095238095	1.19047619048	0.275233524075	8.0	6.0	14.0	0.142857142857	0.285714285714	0.592980098017	6.0	8.0	14.0	-0.142857142857	0.285714285714	0.592980098017	none	0	1	0	0	0	0	0	0	0	0	0	0
X	37500011	494551	46.0	9.09916267483e-06	3.23525783994e-05	2.27479066871e-05	23.0	14.0	37.0	0.243243243243	2.18918918919	0.138982460293	22.0	15.0	37.0	0.189189189189	1.32432432432	0.249817441836	7.0	3.0	10.0	0.4	1.6	0.205903210732	6.0	4.0	10.0	0.2	0.4	0.527089256866	none	0	1	0	0	0	0	0	0	0	0	0	0
X	38000051	493980	57.0	1.31584274667e-05	3.94752824001e-05	2.73290416616e-05	30.0	14.0	44.0	0.363636363636	5.81818181818	0.0158613327398	28.0	16.0	44.0	0.272727272727	3.27272727273	0.0704404292721	10.0	7.0	17.0	0.176470588235	0.529411764706	0.466854270823	8.0	9.0	17.0	-0.0588235294118	0.0588235294118	0.808365155915	none	0	1	0	0	0	0	0	0	0	0	0	0
X	38500098	494544	22.0	1.01103238539e-05	1.01103238539e-05	1.11213562393e-05	9.0	2.0	11.0	0.636363636364	4.45454545455	0.0348084788119	10.0	1.0	11.0	0.818181818182	7.36363636364	0.00665560548295	8.0	4.0	12.0	0.333333333333	1.33333333333	0.24821307899	9.0	3.0	12.0	0.5	3.0	0.0832645166636	none	0	1	0	0	0	0	0	0	0	0	0	0
X	39000086	494702	82.0	3.33534127616e-05	3.33534127616e-05	3.33534127616e-05	31.0	18.0	49.0	0.265306122449	3.44897959184	0.0632908322333	40.0	9.0	49.0	0.632653061224	19.612244898	9.48593039229e-06	18.0	24.0	42.0	-0.142857142857	0.857142857143	0.354539479774	27.0	15.0	42.0	0.285714285714	3.42857142857	0.0640775064511	none	0	1	0	0	0	0	0	0	0	0	0	0
X	39500012	493909	109.0	4.65672826371e-05	5.36536082558e-05	5.31474421402e-05	22.0	40.0	62.0	-0.290322580645	5.22580645161	0.0222541248231	25.0	37.0	62.0	-0.193548387097	2.32258064516	0.127508330491	32.0	22.0	54.0	0.185185185185	1.85185185185	0.173568166556	35.0	19.0	54.0	0.296296296296	4.74074074074	0.0294563856326	none	0	1	0	0	0	0	0	0	0	0	0	0
X	40000229	494339	103.0	3.33779046363e-05	6.16985509944e-05	5.05725827823e-05	38.0	31.0	69.0	0.101449275362	0.710144927536	0.399395703667	38.0	31.0	69.0	0.101449275362	0.710144927536	0.399395703667	18.0	20.0	38.0	-0.0526315789474	0.105263157895	0.745602788927	18.0	20.0	38.0	-0.0526315789474	0.105263157895	0.745602788927	none	0	1	0	0	0	0	0	0	0	0	0	0
X	40500005	494233	84.0	3.54084004913e-05	4.14784120041e-05	3.94550748331e-05	24.0	21.0	45.0	0.0666666666667	0.2	0.654720846019	22.0	23.0	45.0	-0.0222222222222	0.0222222222222	0.881497452191	30.0	13.0	43.0	0.395348837209	6.72093023256	0.00952879138632	28.0	15.0	43.0	0.302325581395	3.93023255814	0.0474253855087	none	0	1	0	0	0	0	0	0	0	0	0	0
X	41000021	494347	48.0	1.61829645977e-05	3.03430586208e-05	2.42744468966e-05	20.0	12.0	32.0	0.25	2.0	0.15729920705	20.0	12.0	32.0	0.25	2.0	0.15729920705	12.0	6.0	18.0	0.333333333333	2.0	0.15729920705	12.0	6.0	18.0	0.333333333333	2.0	0.15729920705	none	0	1	0	0	0	0	0	0	0	0	0	0
X	41500081	494463	101.0	3.13471382085e-05	6.06718804036e-05	4.80319053195e-05	54.0	15.0	69.0	0.565217391304	22.0434782609	2.66543775096e-06	49.0	20.0	69.0	0.420289855072	12.1884057971	0.000480874617879	28.0	11.0	39.0	0.435897435897	7.41025641026	0.00648530797067	23.0	16.0	39.0	0.179487179487	1.25641025641	0.262331675408	13	0	0	1	0	0	0	0	0	0	0	0	0
X	42000085	494340	47.0	1.61831937533e-05	2.62976898491e-05	2.32633410204e-05	25.0	5.0	30.0	0.666666666667	13.3333333333	0.000260729632855	23.0	7.0	30.0	0.533333333333	8.53333333333	0.00348700489214	17.0	2.0	19.0	0.789473684211	11.8421052632	0.000579063217219	15.0	4.0	19.0	0.578947368421	6.36842105263	0.0116168914342	13	0	0	1	0	0	0	0	0	0	0	0	0
X	42500212	494467	37.0	1.51678473993e-05	1.82014168792e-05	1.66846321393e-05	16.0	6.0	22.0	0.454545454545	4.54545454545	0.0330062576612	15.0	7.0	22.0	0.363636363636	2.90909090909	0.0880815116622	8.0	10.0	18.0	-0.111111111111	0.222222222222	0.637351888234	7.0	11.0	18.0	-0.222222222222	0.888888888889	0.345778586151	none	0	1	0	0	0	0	0	0	0	0	0	0
X	43000040	494278	163.0	6.47408948001e-05	8.39608479439e-05	7.63740243345e-05	50.0	47.0	97.0	0.0309278350515	0.0927835051546	0.760667887765	54.0	43.0	97.0	0.113402061856	1.24742268041	0.264045302845	41.0	37.0	78.0	0.0512820512821	0.205128205128	0.650612963933	45.0	33.0	78.0	0.153846153846	1.84615384615	0.174231388248	none	0	1	0	0	0	0	0	0	0	0	0	0
X	43500921	494544	227.0	9.40260118412e-05	0.000114246659549	0.000109191497622	61.0	70.0	131.0	-0.0687022900763	0.618320610687	0.431672042916	65.0	66.0	131.0	-0.00763358778626	0.00763358778626	0.930377092258	71.0	35.0	106.0	0.339622641509	12.2264150943	0.000471176434922	75.0	31.0	106.0	0.415094339623	18.2641509434	1.92292087399e-05	none	0	1	0	0	0	0	0	0	0	0	0	0
X	44000010	492486	233.0	8.73121266391e-05	0.000122846131667	0.000108124901012	86.0	58.0	144.0	0.194444444444	5.44444444444	0.0196306572573	84.0	60.0	144.0	0.166666666667	4.0	0.0455002638964	62.0	39.0	101.0	0.227722772277	5.23762376238	0.0221034449934	60.0	41.0	101.0	0.188118811881	3.57425742574	0.0586816797282	none	0	1	0	0	0	0	0	0	0	0	0	0
X	44500176	494093	246.0	0.00010018356868	0.000110303121072	0.000112327031551	70.0	74.0	144.0	-0.0277777777778	0.111111111111	0.738882680364	82.0	62.0	144.0	0.138888888889	2.77777777778	0.0955807045456	57.0	67.0	124.0	-0.0806451612903	0.806451612903	0.369171416333	69.0	55.0	124.0	0.112903225806	1.58064516129	0.208667787698	none	0	1	0	0	0	0	0	0	0	0	0	0
X	45000017	494165	142.0	4.75549664586e-05	8.90390861352e-05	7.03206418909e-05	49.0	46.0	95.0	0.0315789473684	0.0947368421053	0.758239463615	45.0	50.0	95.0	-0.0526315789474	0.263157894737	0.607958892175	32.0	19.0	51.0	0.254901960784	3.3137254902	0.0687035743229	28.0	23.0	51.0	0.0980392156863	0.490196078431	0.483839851394	none	0	1	0	0	0	0	0	0	0	0	0	0
X	45500087	494227	112.0	5.1595724232e-05	5.36190859666e-05	5.46307668339e-05	27.0	33.0	60.0	-0.1	0.6	0.438578026081	27.0	33.0	60.0	-0.1	0.6	0.438578026081	29.0	29.0	58.0	0.0	0	1	29.0	29.0	58.0	0.0	0	1	na	1	0	0	0	0	0	0	0	0	0	0	0
X	46000321	494550	196.0	8.69477302598e-05	9.60469113335e-05	9.55414012739e-05	62.0	46.0	108.0	0.148148148148	2.37037037037	0.123657710403	60.0	48.0	108.0	0.111111111111	1.33333333333	0.24821307899	53.0	43.0	96.0	0.104166666667	1.04166666667	0.307434165927	51.0	45.0	96.0	0.0625	0.375	0.540291374607	none	0	1	0	0	0	0	0	0	0	0	0	0
X	46500064	494000	96.0	3.74493927126e-05	5.26315789474e-05	4.70647773279e-05	33.0	23.0	56.0	0.178571428571	1.78571428571	0.181449207721	32.0	24.0	56.0	0.142857142857	1.14285714286	0.285049407403	33.0	10.0	43.0	0.53488372093	12.3023255814	0.000452394260298	32.0	11.0	43.0	0.488372093023	10.2558139535	0.00136254502278	none	0	1	0	0	0	0	0	0	0	0	0	0
X	47000036	494838	140.0	5.45633116293e-05	7.4771945566e-05	6.66884919913e-05	39.0	44.0	83.0	-0.0602409638554	0.301204819277	0.58312809138	37.0	46.0	83.0	-0.10843373494	0.975903614458	0.323212234622	39.0	22.0	61.0	0.27868852459	4.73770491803	0.0295084120367	37.0	24.0	61.0	0.213114754098	2.77049180328	0.0960166565958	none	0	1	0	0	0	0	0	0	0	0	0	0
X	47500070	494034	204.0	7.89419351705e-05	0.00011031629402	0.000101713647239	61.0	64.0	125.0	-0.024	0.072	0.788446734264	62.0	63.0	125.0	-0.008	0.008	0.928730074565	50.0	38.0	88.0	0.136363636364	1.63636363636	0.200825122695	51.0	37.0	88.0	0.159090909091	2.22727272727	0.135593001266	none	0	1	0	0	0	0	0	0	0	0	0	0
X	48000008	493580	175.0	7.80015397707e-05	8.61055958507e-05	9.11706309008e-05	56.0	40.0	96.0	0.166666666667	2.66666666667	0.10247043486	54.0	42.0	96.0	0.125	1.5	0.22067136192	48.0	37.0	85.0	0.129411764706	1.42352941176	0.232823351692	46.0	39.0	85.0	0.0823529411765	0.576470588235	0.447699072465	none	0	1	0	0	0	0	0	0	0	0	0	0
X	48500130	493967	212.0	8.90747762502e-05	0.000104257976747	9.97030165983e-05	58.0	63.0	121.0	-0.0413223140496	0.206611570248	0.649436283727	57.0	64.0	121.0	-0.0578512396694	0.404958677686	0.524539436435	62.0	36.0	98.0	0.265306122449	6.89795918367	0.00862942022078	61.0	37.0	98.0	0.244897959184	5.87755102041	0.015335137038	none	0	1	0	0	0	0	0	0	0	0	0	0
X	49000053	493641	85.0	3.24122185961e-05	4.35539187385e-05	4.10217141607e-05	35.0	17.0	52.0	0.346153846154	6.23076923077	0.012554918597	35.0	17.0	52.0	0.346153846154	6.23076923077	0.012554918597	22.0	17.0	39.0	0.128205128205	0.641025641026	0.423339641582	22.0	17.0	39.0	0.128205128205	0.641025641026	0.423339641582	none	0	1	0	0	0	0	0	0	0	0	0	0
X	49500191	493791	210.0	5.77167263073e-05	0.000137710083821	0.000106826572376	87.0	63.0	150.0	0.16	3.84	0.0500435212487	86.0	64.0	150.0	0.146666666667	3.22666666667	0.0724480135298	50.0	15.0	65.0	0.538461538462	18.8461538462	1.41696528069e-05	49.0	16.0	65.0	0.507692307692	16.7538461538	4.25559131076e-05	none	0	1	0	0	0	0	0	0	0	0	0	0
X	50000043	493420	204.0	8.41068460946e-05	9.01868590653e-05	9.72802075311e-05	54.0	61.0	115.0	-0.0608695652174	0.426086956522	0.513915292328	56.0	59.0	115.0	-0.0260869565217	0.0782608695652	0.779668207986	60.0	43.0	103.0	0.165048543689	2.80582524272	0.0939225046117	62.0	41.0	103.0	0.203883495146	4.28155339806	0.0385281215264	none	0	1	0	0	0	0	0	0	0	0	0	0
X	50500007	493565	158.0	6.07822677864e-05	8.20560615117e-05	7.34452402419e-05	61.0	36.0	97.0	0.257731958763	6.44329896907	0.0111371630612	62.0	35.0	97.0	0.278350515464	7.51546391753	0.00611715285567	36.0	32.0	68.0	0.0588235294118	0.235294117647	0.627625805028	37.0	31.0	68.0	0.0882352941176	0.529411764706	0.466854270823	none	0	1	0	0	0	0	0	0	0	0	0	0
X	51000023	492998	210.0	7.70794202005e-05	0.000110548115814	9.8884782494e-05	58.0	72.0	130.0	-0.107692307692	1.50769230769	0.219491557702	62.0	68.0	130.0	-0.0461538461538	0.276923076923	0.598725069653	55.0	37.0	92.0	0.195652173913	3.52173913043	0.0605688602027	59.0	33.0	92.0	0.282608695652	7.34782608696	0.00671438978555	none	0	1	0	0	0	0	0	0	0	0	0	0
X	51500111	493546	153.0	4.96407629684e-05	9.01638347793e-05	7.19284524644e-05	52.0	50.0	102.0	0.0196078431373	0.0392156862745	0.84302197637	54.0	48.0	102.0	0.0588235294118	0.352941176471	0.552452904882	35.0	20.0	55.0	0.272727272727	4.09090909091	0.0431144467831	37.0	18.0	55.0	0.345454545455	6.56363636364	0.0104083461878	none	0	1	0	0	0	0	0	0	0	0	0	0
X	52000013	493785	159.0	4.96167360288e-05	8.9107607562e-05	7.0374758245e-05	58.0	49.0	107.0	0.0841121495327	0.757009345794	0.384266063709	57.0	50.0	107.0	0.0654205607477	0.457943925234	0.498586453301	42.0	21.0	63.0	0.333333333333	7.0	0.0081509715935	41.0	22.0	63.0	0.301587301587	5.73015873016	0.0166759752605	none	0	1	0	0	0	0	0	0	0	0	0	0
X	52500095	494138	127.0	4.95812910563e-05	6.47592372981e-05	6.02058534256e-05	46.0	29.0	75.0	0.226666666667	3.85333333333	0.0496472296575	46.0	29.0	75.0	0.226666666667	3.85333333333	0.0496472296575	26.0	30.0	56.0	-0.0714285714286	0.285714285714	0.592980098017	26.0	30.0	56.0	-0.0714285714286	0.285714285714	0.592980098017	none	0	1	0	0	0	0	0	0	0	0	0	0
X	53000005	493947	178.0	4.96004632076e-05	0.00010324994382	8.04742209184e-05	75.0	51.0	126.0	0.190476190476	4.57142857143	0.0325094446457	82.0	44.0	126.0	0.301587301587	11.4603174603	0.000710981531953	40.0	27.0	67.0	0.194029850746	2.5223880597	0.112240493457	47.0	20.0	67.0	0.402985074627	10.8805970149	0.000971769173971	none	0	1	0	0	0	0	0	0	0	0	0	0
X	53500027	494308	52.0	1.51727263164e-05	2.9333937545e-05	2.22533319307e-05	20.0	16.0	36.0	0.111111111111	0.444444444444	0.504985075094	20.0	16.0	36.0	0.111111111111	0.444444444444	0.504985075094	11.0	9.0	20.0	0.1	0.2	0.654720846019	11.0	9.0	20.0	0.1	0.2	0.654720846019	none	0	1	0	0	0	0	0	0	0	0	0	0
X	54000217	494126	109.0	5.97013717149e-05	4.45230568721e-05	5.71716525744e-05	27.0	20.0	47.0	0.148936170213	1.04255319149	0.307228409731	27.0	20.0	47.0	0.148936170213	1.04255319149	0.307228409731	34.0	30.0	64.0	0.0625	0.25	0.617075077452	34.0	30.0	64.0	0.0625	0.25	0.617075077452	none	0	1	0	0	0	0	0	0	0	0	0	0
X	54500113	494203	91.0	4.04691999037e-05	4.45161198941e-05	4.35043898965e-05	27.0	23.0	50.0	0.08	0.32	0.571607644953	28.0	22.0	50.0	0.12	0.72	0.396143909152	26.0	18.0	44.0	0.181818181818	1.45454545455	0.227799993988	27.0	17.0	44.0	0.227272727273	2.27272727273	0.131668016023	none	0	1	0	0	0	0	0	0	0	0	0	0
X	55000107	494673	44.0	9.09691857045e-06	3.03230619015e-05	1.9709990236e-05	14.0	20.0	34.0	-0.176470588235	1.05882352941	0.303483664025	15.0	19.0	34.0	-0.117647058824	0.470588235294	0.492716677227	4.0	9.0	13.0	-0.384615384615	1.92307692308	0.165517858697	5.0	8.0	13.0	-0.230769230769	0.692307692308	0.405380556459	none	0	1	0	0	0	0	0	0	0	0	0	0
X	55500026	494291	118.0	3.74273454301e-05	6.47391920953e-05	5.41179183922e-05	41.0	33.0	74.0	0.108108108108	0.864864864865	0.352380865109	42.0	32.0	74.0	0.135135135135	1.35135135135	0.245042010632	40.0	13.0	53.0	0.509433962264	13.7547169811	0.00020829709987	41.0	12.0	53.0	0.547169811321	15.8679245283	6.79201501687e-05	none	0	1	0	0	0	0	0	0	0	0	0	0
X	56000003	494228	44.0	1.41635034842e-05	2.83270069684e-05	2.12452552263e-05	11.0	19.0	30.0	-0.266666666667	2.13333333333	0.144127034816	9.0	21.0	30.0	-0.4	4.8	0.0284597369163	12.0	4.0	16.0	0.5	4.0	0.0455002638964	10.0	6.0	16.0	0.25	1.0	0.317310507863	none	0	1	0	0	0	0	0	0	0	0	0	0
X	56500253	494787	63.0	2.62739320152e-05	3.13266112489e-05	3.08213433255e-05	21.0	15.0	36.0	0.166666666667	1.0	0.317310507863	20.0	16.0	36.0	0.111111111111	0.444444444444	0.504985075094	18.0	12.0	30.0	0.2	1.2	0.273321678292	17.0	13.0	30.0	0.133333333333	0.533333333333	0.465208818452	none	0	1	0	0	0	0	0	0	0	0	0	0
X	57000032	494474	160.0	5.86481796818e-05	8.39275674757e-05	7.53325756258e-05	43.0	55.0	98.0	-0.122448979592	1.4693877551	0.225442316995	45.0	53.0	98.0	-0.0816326530612	0.65306122449	0.419020333534	34.0	36.0	70.0	-0.0285714285714	0.0571428571429	0.811070129334	36.0	34.0	70.0	0.0285714285714	0.0571428571429	0.811070129334	none	0	1	0	0	0	0	0	0	0	0	0	0
X	57500235	493933	182.0	6.17492655887e-05	0.000107302002498	8.85747662132e-05	73.0	44.0	117.0	0.247863247863	7.18803418803	0.00733913411704	70.0	47.0	117.0	0.196581196581	4.52136752137	0.0334740651091	45.0	27.0	72.0	0.25	4.5	0.0338948535247	42.0	30.0	72.0	0.166666666667	2.0	0.15729920705	none	0	1	0	0	0	0	0	0	0	0	0	0
X	58000020	494252	134.0	6.27210410884e-05	6.47443004783e-05	6.47443004783e-05	36.0	34.0	70.0	0.0285714285714	0.0571428571429	0.811070129334	38.0	32.0	70.0	0.0857142857143	0.514285714286	0.47328946538	40.0	28.0	68.0	0.176470588235	2.11764705882	0.145610095397	42.0	26.0	68.0	0.235294117647	3.76470588235	0.0523450632732	none	0	1	0	0	0	0	0	0	0	0	0	0
X	58500000	494146	138.0	4.85686416565e-05	8.39832761977e-05	6.72878056283e-05	51.0	38.0	89.0	0.14606741573	1.89887640449	0.168204139048	52.0	37.0	89.0	0.168539325843	2.52808988764	0.111835521837	32.0	22.0	54.0	0.185185185185	1.85185185185	0.173568166556	33.0	21.0	54.0	0.222222222222	2.66666666667	0.10247043486	none	0	1	0	0	0	0	0	0	0	0	0	0
X	59000044	494145	152.0	5.26161349401e-05	8.60071436522e-05	7.23471855427e-05	51.0	44.0	95.0	0.0736842105263	0.515789473684	0.472643320171	50.0	45.0	95.0	0.0526315789474	0.263157894737	0.607958892175	31.0	31.0	62.0	0.0	0	1	30.0	32.0	62.0	-0.0322580645161	0.0645161290323	0.79949536187	na	1	0	0	0	0	0	0	0	0	0	0	0
X	59500081	493468	168.0	5.26883202153e-05	9.52442711584e-05	8.00457172502e-05	56.0	59.0	115.0	-0.0260869565217	0.0782608695652	0.779668207986	54.0	61.0	115.0	-0.0608695652174	0.426086956522	0.513915292328	35.0	30.0	65.0	0.0769230769231	0.384615384615	0.535143452398	33.0	32.0	65.0	0.0153846153846	0.0153846153846	0.90128777318	none	0	1	0	0	0	0	0	0	0	0	0	0
X	60000138	494046	173.0	7.99520692405e-05	7.99520692405e-05	8.09641207499e-05	42.0	49.0	91.0	-0.0769230769231	0.538461538462	0.463071015015	44.0	47.0	91.0	-0.032967032967	0.0989010989011	0.753152364766	54.0	36.0	90.0	0.2	3.6	0.0577795711236	56.0	34.0	90.0	0.244444444444	5.37777777778	0.0203948401834	none	0	1	0	0	0	0	0	0	0	0	0	0
X	60500160	494125	114.0	4.24993675689e-05	6.17252719454e-05	5.61598785732e-05	41.0	29.0	70.0	0.171428571429	2.05714285714	0.151493992404	41.0	29.0	70.0	0.171428571429	2.05714285714	0.151493992404	26.0	22.0	48.0	0.0833333333333	0.333333333333	0.563702861651	26.0	22.0	48.0	0.0833333333333	0.333333333333	0.563702861651	none	0	1	0	0	0	0	0	0	0	0	0	0
X	61000033	492631	235.0	9.54060950285e-05	0.000125854848761	0.000114690305726	91.0	50.0	141.0	0.290780141844	11.9219858156	0.000554753133645	89.0	52.0	141.0	0.262411347518	9.70921985816	0.00183345830118	54.0	50.0	104.0	0.0384615384615	0.153846153846	0.694886602372	52.0	52.0	104.0	0.0	0	1	na	1	0	0	0	0	0	0	0	0	0	0	0
X	61500035	492663	247.0	8.01765101093e-05	0.000143099847157	0.000119757318898	92.0	70.0	162.0	0.135802469136	2.98765432099	0.0839016227559	93.0	69.0	162.0	0.148148148148	3.55555555556	0.0593464387919	41.0	57.0	98.0	-0.163265306122	2.61224489796	0.1060415537	42.0	56.0	98.0	-0.142857142857	2.0	0.15729920705	none	0	1	0	0	0	0	0	0	0	0	0	0
X	62000105	493520	132.0	4.15383368455e-05	7.80110228562e-05	6.28140703518e-05	37.0	49.0	86.0	-0.139534883721	1.67441860465	0.195667742544	38.0	48.0	86.0	-0.116279069767	1.16279069767	0.28088752532	33.0	18.0	51.0	0.294117647059	4.41176470588	0.0356919001168	34.0	17.0	51.0	0.333333333333	5.66666666667	0.0172902805929	none	0	1	0	0	0	0	0	0	0	0	0	0
X	62500105	494051	182.0	7.38790124906e-05	9.41198378305e-05	8.80475902285e-05	61.0	44.0	105.0	0.161904761905	2.75238095238	0.097109722259	58.0	47.0	105.0	0.104761904762	1.15238095238	0.283051287052	48.0	34.0	82.0	0.170731707317	2.39024390244	0.122094578117	45.0	37.0	82.0	0.0975609756098	0.780487804878	0.376991993237	none	0	1	0	0	0	0	0	0	0	0	0	0
X	63000238	494059	176.0	4.95892191014e-05	0.000111322736758	8.14680028094e-05	88.0	35.0	123.0	0.430894308943	22.837398374	1.76301475874e-06	91.0	32.0	123.0	0.479674796748	28.3008130081	1.03852358713e-07	32.0	28.0	60.0	0.0666666666667	0.266666666667	0.605576616335	35.0	25.0	60.0	0.166666666667	1.66666666667	0.196705602459	123	0	0	0	0	0	0	0	0	0	0	1	0
X	63500048	493911	180.0	8.60478912193e-05	8.19985786913e-05	8.70602193513e-05	44.0	49.0	93.0	-0.0537634408602	0.268817204301	0.604126307329	46.0	47.0	93.0	-0.010752688172	0.010752688172	0.917411260192	63.0	32.0	95.0	0.326315789474	10.1157894737	0.00147004450237	65.0	30.0	95.0	0.368421052632	12.8947368421	0.000329507423511	none	0	1	0	0	0	0	0	0	0	0	0	0
X	64000016	493645	116.0	4.45664394454e-05	6.38110382968e-05	5.72273597423e-05	40.0	30.0	70.0	0.142857142857	1.42857142857	0.231997723629	42.0	28.0	70.0	0.2	2.8	0.0942643068412	20.0	28.0	48.0	-0.166666666667	1.33333333333	0.24821307899	22.0	26.0	48.0	-0.0833333333333	0.333333333333	0.563702861651	none	0	1	0	0	0	0	0	0	0	0	0	0
X	64500083	493633	151.0	6.38125895149e-05	7.79931649626e-05	7.39415719776e-05	50.0	37.0	87.0	0.149425287356	1.94252873563	0.163394230803	50.0	37.0	87.0	0.149425287356	1.94252873563	0.163394230803	47.0	25.0	72.0	0.305555555556	6.72222222222	0.0095218911841	47.0	25.0	72.0	0.305555555556	6.72222222222	0.0095218911841	none	0	1	0	0	0	0	0	0	0	0	0	0
X	65000233	493232	181.0	6.18370259837e-05	8.92075128945e-05	8.16045998638e-05	69.0	44.0	113.0	0.221238938053	5.53097345133	0.0186827082351	58.0	55.0	113.0	0.0265486725664	0.0796460176991	0.77777769079	59.0	28.0	87.0	0.35632183908	11.0459770115	0.000888798520988	48.0	39.0	87.0	0.103448275862	0.931034482759	0.334594259585	none	0	1	0	0	0	0	0	0	0	0	0	0
X	65500083	493388	179.0	7.09380852392e-05	0.000100326720553	8.96860077667e-05	50.0	59.0	109.0	-0.0825688073394	0.743119266055	0.388663494523	55.0	54.0	109.0	0.00917431192661	0.00917431192661	0.923693214349	42.0	33.0	75.0	0.12	1.08	0.298697555995	47.0	28.0	75.0	0.253333333333	4.81333333333	0.0282403687333	none	0	1	0	0	0	0	0	0	0	0	0	0
X	66000040	493968	148.0	6.17448903573e-05	8.40135393386e-05	7.49036374826e-05	50.0	36.0	86.0	0.162790697674	2.27906976744	0.13113050287	51.0	35.0	86.0	0.186046511628	2.97674418605	0.0844690322533	44.0	21.0	65.0	0.353846153846	8.13846153846	0.00433360368431	45.0	20.0	65.0	0.384615384615	9.61538461538	0.00192954047585	none	0	1	0	0	0	0	0	0	0	0	0	0
X	66500003	493463	172.0	7.19405507606e-05	8.00465283111e-05	7.80200339235e-05	49.0	47.0	96.0	0.0208333333333	0.0416666666667	0.838256486386	49.0	47.0	96.0	0.0208333333333	0.0416666666667	0.838256486386	59.0	31.0	90.0	0.311111111111	8.71111111111	0.00316276379037	59.0	31.0	90.0	0.311111111111	8.71111111111	0.00316276379037	none	0	1	0	0	0	0	0	0	0	0	0	0
X	67000011	493321	155.0	5.16904814512e-05	9.12184966786e-05	7.55086444729e-05	58.0	44.0	102.0	0.137254901961	1.92156862745	0.165683838913	57.0	45.0	102.0	0.117647058824	1.41176470588	0.234763662828	40.0	20.0	60.0	0.333333333333	6.66666666667	0.00982327450752	39.0	21.0	60.0	0.3	5.4	0.0201367515503	none	0	1	0	0	0	0	0	0	0	0	0	0
X	67500049	493721	216.0	7.89919813012e-05	0.000118487971952	9.97526943355e-05	75.0	59.0	134.0	0.119402985075	1.91044776119	0.166913529108	73.0	61.0	134.0	0.089552238806	1.07462686567	0.299902680167	52.0	40.0	92.0	0.130434782609	1.5652173913	0.210902926057	50.0	42.0	92.0	0.0869565217391	0.695652173913	0.404248494739	none	0	1	0	0	0	0	0	0	0	0	0	0
X	68000140	493587	254.0	0.000101299264365	0.000118520139307	0.000119026635629	55.0	92.0	147.0	-0.251700680272	9.31292517007	0.0022754290721	64.0	83.0	147.0	-0.12925170068	2.45578231293	0.117092817787	76.0	50.0	126.0	0.206349206349	5.36507936508	0.0205438533979	85.0	41.0	126.0	0.349206349206	15.3650793651	8.86108825209e-05	none	0	1	0	0	0	0	0	0	0	0	0	0
X	68500107	493412	184.0	5.97877635728e-05	0.000105388600196	8.36015338095e-05	75.0	45.0	120.0	0.25	7.5	0.00616989932054	74.0	46.0	120.0	0.233333333333	6.53333333333	0.0105871373341	48.0	29.0	77.0	0.246753246753	4.68831168831	0.0303684722343	47.0	30.0	77.0	0.220779220779	3.75324675325	0.0527050417902	none	0	1	0	0	0	0	0	0	0	0	0	0
X	69000056	492672	276.0	0.00010960639127	0.000147156729021	0.000133455930112	89.0	70.0	159.0	0.119496855346	2.27044025157	0.131862439086	89.0	70.0	159.0	0.119496855346	2.27044025157	0.131862439086	66.0	57.0	123.0	0.0731707317073	0.658536585366	0.417077059521	66.0	57.0	123.0	0.0731707317073	0.658536585366	0.417077059521	none	0	1	0	0	0	0	0	0	0	0	0	0
X	69500005	493331	272.0	0.000115541087019	0.000131757379934	0.000128716825012	95.0	59.0	154.0	0.233766233766	8.41558441558	0.00372018193065	95.0	59.0	154.0	0.233766233766	8.41558441558	0.00372018193065	79.0	55.0	134.0	0.179104477612	4.29850746269	0.0381458362596	79.0	55.0	134.0	0.179104477612	4.29850746269	0.0381458362596	123	0	0	0	0	0	0	0	0	0	0	1	0
X	70000041	494539	171.0	5.86404712267e-05	9.80711329137e-05	8.3411015107e-05	60.0	48.0	108.0	0.111111111111	1.33333333333	0.24821307899	65.0	43.0	108.0	0.203703703704	4.48148148148	0.0342640077349	27.0	45.0	72.0	-0.25	4.5	0.0338948535247	32.0	40.0	72.0	-0.111111111111	0.888888888889	0.345778586151	none	0	1	0	0	0	0	0	0	0	0	0	0
X	70500253	494066	60.0	2.42882529864e-05	3.13723267742e-05	2.98543109625e-05	25.0	8.0	33.0	0.515151515152	8.75757575758	0.00308318609091	24.0	9.0	33.0	0.454545454545	6.81818181818	0.00902343881808	13.0	15.0	28.0	-0.0714285714286	0.142857142857	0.705456986111	12.0	16.0	28.0	-0.142857142857	0.571428571429	0.449691797969	123	0	0	0	0	0	0	0	0	0	0	1	0
X	71000031	494205	118.0	4.1480762032e-05	6.98090873221e-05	5.96918282899e-05	52.0	25.0	77.0	0.350649350649	9.46753246753	0.0020914050462	47.0	30.0	77.0	0.220779220779	3.75324675325	0.0527050417902	36.0	10.0	46.0	0.565217391304	14.6956521739	0.000126337497299	31.0	15.0	46.0	0.347826086957	5.5652173913	0.0183207354219	none	0	1	0	0	0	0	0	0	0	0	0	0
X	71500209	493509	182.0	6.88943869311e-05	0.00010030212215	8.76377127874e-05	71.0	39.0	110.0	0.290909090909	9.30909090909	0.00228019594707	76.0	34.0	110.0	0.381818181818	16.0363636364	6.21375210464e-05	50.0	31.0	81.0	0.234567901235	4.45679012346	0.0347627626222	55.0	26.0	81.0	0.358024691358	10.3827160494	0.00127200437924	none	0	1	0	0	0	0	0	0	0	0	0	0
X	72000001	493429	143.0	5.77590696939e-05	7.09321908522e-05	7.04255323461e-05	59.0	21.0	80.0	0.475	18.05	2.15178643781e-05	57.0	23.0	80.0	0.425	14.45	0.000143929856497	42.0	31.0	73.0	0.150684931507	1.65753424658	0.197936574035	40.0	33.0	73.0	0.0958904109589	0.671232876712	0.412622100098	123	0	0	0	0	0	0	0	0	0	0	1	0
X	72500097	492955	198.0	7.91147264963e-05	9.33148056111e-05	8.82433487844e-05	72.0	44.0	116.0	0.241379310345	6.75862068966	0.00932958471977	70.0	46.0	116.0	0.206896551724	4.96551724138	0.0258575804634	55.0	35.0	90.0	0.222222222222	4.44444444444	0.0350149810197	53.0	37.0	90.0	0.177777777778	2.84444444444	0.0916902815494	none	0	1	0	0	0	0	0	0	0	0	0	0
X	73000162	493597	186.0	6.48302157428e-05	0.00011345287755	9.21804630093e-05	75.0	46.0	121.0	0.239669421488	6.95041322314	0.00837998744101	73.0	48.0	121.0	0.206611570248	5.1652892562	0.0230426200878	45.0	26.0	71.0	0.267605633803	5.08450704225	0.0241405386284	43.0	28.0	71.0	0.211267605634	3.16901408451	0.0750477365274	none	0	1	0	0	0	0	0	0	0	0	0	0
X	73500411	493465	147.0	6.28210714032e-05	7.29535022747e-05	7.19402591876e-05	43.0	39.0	82.0	0.0487804878049	0.19512195122	0.658687417408	46.0	36.0	82.0	0.121951219512	1.21951219512	0.26945640516	38.0	32.0	70.0	0.0857142857143	0.514285714286	0.47328946538	41.0	29.0	70.0	0.171428571429	2.05714285714	0.151493992404	none	0	1	0	0	0	0	0	0	0	0	0	0
X	74000201	492778	227.0	8.42164219994e-05	0.000117700059662	0.000110090142011	77.0	64.0	141.0	0.0921985815603	1.19858156028	0.273605363088	75.0	66.0	141.0	0.063829787234	0.574468085106	0.448488861032	65.0	37.0	102.0	0.274509803922	7.6862745098	0.00556423703056	63.0	39.0	102.0	0.235294117647	5.64705882353	0.0174846744105	none	0	1	0	0	0	0	0	0	0	0	0	0
X	74500000	493643	121.0	5.77340304633e-05	5.77340304633e-05	6.07726636456e-05	33.0	26.0	59.0	0.118644067797	0.830508474576	0.362125539492	33.0	26.0	59.0	0.118644067797	0.830508474576	0.362125539492	29.0	35.0	64.0	-0.09375	0.5625	0.453254704754	29.0	35.0	64.0	-0.09375	0.5625	0.453254704754	none	0	1	0	0	0	0	0	0	0	0	0	0
X	75000252	493900	190.0	7.39015995141e-05	0.000102247418506	9.31362624013e-05	53.0	61.0	114.0	-0.0701754385965	0.561403508772	0.453695299704	54.0	60.0	114.0	-0.0526315789474	0.315789473684	0.574149072797	42.0	39.0	81.0	0.037037037037	0.111111111111	0.738882680364	43.0	38.0	81.0	0.0617283950617	0.308641975309	0.578514721508	none	0	1	0	0	0	0	0	0	0	0	0	0
X	75500122	493891	130.0	5.66926710549e-05	5.66926710549e-05	5.87174093069e-05	23.0	50.0	73.0	-0.369863013699	9.98630136986	0.00157709057368	32.0	41.0	73.0	-0.123287671233	1.1095890411	0.292171299317	34.0	38.0	72.0	-0.0555555555556	0.222222222222	0.637351888234	43.0	29.0	72.0	0.194444444444	2.72222222222	0.0989601540194	none	0	1	0	0	0	0	0	0	0	0	0	0
X	76000138	493908	170.0	6.88387310997e-05	9.21224195599e-05	8.65545810151e-05	53.0	46.0	99.0	0.0707070707071	0.494949494949	0.481727716317	52.0	47.0	99.0	0.0505050505051	0.252525252525	0.615302555691	39.0	37.0	76.0	0.0263157894737	0.0526315789474	0.818545808382	38.0	38.0	76.0	0.0	0	1	na	1	0	0	0	0	0	0	0	0	0	0	0
X	76500054	494337	130.0	5.057278739e-05	6.67560793548e-05	6.5744623607e-05	32.0	44.0	76.0	-0.157894736842	1.89473684211	0.168668618888	32.0	44.0	76.0	-0.157894736842	1.89473684211	0.168668618888	31.0	31.0	62.0	0.0	0	1	31.0	31.0	62.0	0.0	0	1	na	1	0	0	0	0	0	0	0	0	0	0	0
X	77000028	493147	311.0	0.000140931608628	0.000153098366207	0.000157153952067	99.0	67.0	166.0	0.192771084337	6.1686746988	0.0130031984584	97.0	69.0	166.0	0.168674698795	4.72289156627	0.0297636524701	84.0	73.0	157.0	0.0700636942675	0.770700636943	0.380000391926	82.0	75.0	157.0	0.0445859872611	0.312101910828	0.576393224019	none	0	1	0	0	0	0	0	0	0	0	0	0
X	77500067	494137	115.0	3.74390098293e-05	6.98186940059e-05	5.66644473091e-05	36.0	39.0	75.0	-0.04	0.12	0.729034489539	39.0	36.0	75.0	0.04	0.12	0.729034489539	25.0	20.0	45.0	0.111111111111	0.555555555556	0.45605654025	28.0	17.0	45.0	0.244444444444	2.68888888889	0.101050255925	none	0	1	0	0	0	0	0	0	0	0	0	0
X	78000092	493730	250.0	0.000105320721852	0.000128612804569	0.000121017560205	65.0	75.0	140.0	-0.0714285714286	0.714285714286	0.398024719507	64.0	76.0	140.0	-0.0857142857143	1.02857142857	0.310494434317	69.0	46.0	115.0	0.2	4.6	0.0319719561776	68.0	47.0	115.0	0.182608695652	3.8347826087	0.0501995004566	none	0	1	0	0	0	0	0	0	0	0	0	0
X	78500204	493688	216.0	8.81123300546e-05	0.000117483106739	0.000108874430815	61.0	62.0	123.0	-0.00813008130081	0.00813008130081	0.928154536695	62.0	61.0	123.0	0.00813008130081	0.00813008130081	0.928154536695	50.0	48.0	98.0	0.0204081632653	0.0408163265306	0.839892873271	51.0	47.0	98.0	0.0408163265306	0.163265306122	0.686167849855	none	0	1	0	0	0	0	0	0	0	0	0	0
X	79000026	493086	188.0	4.96870728433e-05	0.000124724693056	9.22759924232e-05	82.0	54.0	136.0	0.205882352941	5.76470588235	0.0163512215758	80.0	56.0	136.0	0.176470588235	4.23529411765	0.0395917632367	42.0	16.0	58.0	0.448275862069	11.6551724138	0.000640242702777	40.0	18.0	58.0	0.379310344828	8.34482758621	0.00386786866666	none	0	1	0	0	0	0	0	0	0	0	0	0
X	79500025	493918	145.0	5.26403168137e-05	7.59235338659e-05	6.52942391247e-05	37.0	51.0	88.0	-0.159090909091	2.22727272727	0.135593001266	41.0	47.0	88.0	-0.0681818181818	0.409090909091	0.522431284962	41.0	26.0	67.0	0.223880597015	3.35820895522	0.0668707601225	45.0	22.0	67.0	0.34328358209	7.89552238806	0.00495573231728	none	0	1	0	0	0	0	0	0	0	0	0	0
X	80000311	493663	135.0	5.26675079963e-05	6.3808711611e-05	6.22894565726e-05	42.0	37.0	79.0	0.0632911392405	0.316455696203	0.573745467796	43.0	36.0	79.0	0.0886075949367	0.620253164557	0.430953224001	36.0	29.0	65.0	0.107692307692	0.753846153846	0.38526124109	37.0	28.0	65.0	0.138461538462	1.24615384615	0.264288345226	none	0	1	0	0	0	0	0	0	0	0	0	0
X	80500098	493593	197.0	8.20514067258e-05	0.000102311013325	9.52201510151e-05	64.0	45.0	109.0	0.174311926606	3.3119266055	0.068778813332	64.0	45.0	109.0	0.174311926606	3.3119266055	0.068778813332	49.0	41.0	90.0	0.0888888888889	0.711111111111	0.399075196548	49.0	41.0	90.0	0.0888888888889	0.711111111111	0.399075196548	none	0	1	0	0	0	0	0	0	0	0	0	0
X	81000006	494443	145.0	6.47192901912e-05	7.07867236466e-05	7.07867236466e-05	48.0	32.0	80.0	0.2	3.2	0.0736382701203	49.0	31.0	80.0	0.225	4.05	0.0441713449084	43.0	31.0	74.0	0.162162162162	1.94594594595	0.163024384307	44.0	30.0	74.0	0.189189189189	2.64864864865	0.103637964014	none	0	1	0	0	0	0	0	0	0	0	0	0
X	81500106	494067	120.0	4.85764076532e-05	6.17325180593e-05	6.12265138129e-05	35.0	35.0	70.0	0.0	0	1	31.0	39.0	70.0	-0.114285714286	0.914285714286	0.338979843979	32.0	24.0	56.0	0.142857142857	1.14285714286	0.285049407403	28.0	28.0	56.0	0.0	0	1	na	1	0	0	0	0	0	0	0	0	0	0	0
X	82000115	494261	78.0	3.23715607746e-05	4.04644509682e-05	3.74296171456e-05	32.0	13.0	45.0	0.422222222222	8.02222222222	0.00462068396336	31.0	14.0	45.0	0.377777777778	6.42222222222	0.0112701048493	21.0	13.0	34.0	0.235294117647	1.88235294118	0.170066961454	20.0	14.0	34.0	0.176470588235	1.05882352941	0.303483664025	none	0	1	0	0	0	0	0	0	0	0	0	0
X	82500001	494115	122.0	5.05955091426e-05	6.37503415197e-05	5.8184835514e-05	38.0	32.0	70.0	0.0857142857143	0.514285714286	0.47328946538	40.0	30.0	70.0	0.142857142857	1.42857142857	0.231997723629	34.0	20.0	54.0	0.259259259259	3.62962962963	0.056759446386	36.0	18.0	54.0	0.333333333333	6.0	0.0143058784354	none	0	1	0	0	0	0	0	0	0	0	0	0
X	83000151	493849	159.0	8.09964179334e-05	6.37846791226e-05	7.64403694247e-05	39.0	38.0	77.0	0.012987012987	0.012987012987	0.909269045214	33.0	44.0	77.0	-0.142857142857	1.57142857143	0.209999671756	41.0	49.0	90.0	-0.0888888888889	0.711111111111	0.399075196548	35.0	55.0	90.0	-0.222222222222	4.44444444444	0.0350149810197	none	0	1	0	0	0	0	0	0	0	0	0	0
X	83500002	493829	182.0	6.88497435347e-05	8.90996681037e-05	8.60621794184e-05	56.0	52.0	108.0	0.037037037037	0.148148148148	0.700311372937	55.0	53.0	108.0	0.0185185185185	0.037037037037	0.847389659687	44.0	41.0	85.0	0.0352941176471	0.105882352941	0.744881619546	43.0	42.0	85.0	0.0117647058824	0.0117647058824	0.913626661063	none	0	1	0	0	0	0	0	0	0	0	0	0
X	84000031	494172	147.0	4.65424993727e-05	8.90378248869e-05	7.08255425237e-05	57.0	43.0	100.0	0.14	1.96	0.161513318468	58.0	42.0	100.0	0.16	2.56	0.109598583399	26.0	26.0	52.0	0.0	0	1	27.0	25.0	52.0	0.0384615384615	0.0769230769231	0.781511294999	na	1	0	0	0	0	0	0	0	0	0	0	0
X	84500113	494552	45.0	2.22423526747e-05	2.12313366441e-05	2.27478606901e-05	11.0	12.0	23.0	-0.0434782608696	0.0434782608696	0.834827329185	13.0	10.0	23.0	0.130434782609	0.391304347826	0.531614576882	18.0	6.0	24.0	0.5	6.0	0.0143058784354	20.0	4.0	24.0	0.666666666667	10.6666666667	0.00109083517613	none	0	1	0	0	0	0	0	0	0	0	0	0
X	85000210	494090	89.0	3.64306098079e-05	4.55382622599e-05	4.09844360339e-05	20.0	29.0	49.0	-0.183673469388	1.65306122449	0.198542793687	21.0	28.0	49.0	-0.142857142857	1.0	0.317310507863	23.0	18.0	41.0	0.121951219512	0.609756097561	0.434879658496	24.0	17.0	41.0	0.170731707317	1.19512195122	0.274298827396	none	0	1	0	0	0	0	0	0	0	0	0	0
X	85500067	494082	156.0	7.48863548966e-05	6.27426216701e-05	6.98264660522e-05	35.0	41.0	76.0	-0.0789473684211	0.473684210526	0.491297124216	36.0	40.0	76.0	-0.0526315789474	0.210526315789	0.646355195539	55.0	32.0	87.0	0.264367816092	6.08045977011	0.0136685192389	56.0	31.0	87.0	0.287356321839	7.18390804598	0.00735603065815	none	0	1	0	0	0	0	0	0	0	0	0	0
X	86000424	494482	156.0	7.4825777278e-05	7.17922998208e-05	7.83648343115e-05	44.0	35.0	79.0	0.113924050633	1.0253164557	0.311261241734	41.0	38.0	79.0	0.0379746835443	0.113924050633	0.735720136627	44.0	38.0	82.0	0.0731707317073	0.439024390244	0.507593716865	41.0	41.0	82.0	0.0	0	1	na	1	0	0	0	0	0	0	0	0	0	0	0
X	86500020	493114	175.0	7.5033359426e-05	8.61869669083e-05	8.16241274837e-05	42.0	54.0	96.0	-0.125	1.5	0.22067136192	51.0	45.0	96.0	0.0625	0.375	0.540291374607	53.0	35.0	88.0	0.204545454545	3.68181818182	0.0550088336293	62.0	26.0	88.0	0.409090909091	14.7272727273	0.000124236123431	none	0	1	0	0	0	0	0	0	0	0	0	0
X	87000042	493511	131.0	5.26837294407e-05	6.68678104439e-05	6.68678104439e-05	34.0	41.0	75.0	-0.0933333333333	0.653333333333	0.418923440946	35.0	40.0	75.0	-0.0666666666667	0.333333333333	0.563702861651	28.0	35.0	63.0	-0.111111111111	0.777777777778	0.3778216371	29.0	34.0	63.0	-0.0793650793651	0.396825396825	0.528733325121	none	0	1	0	0	0	0	0	0	0	0	0	0
X	87500084	494449	99.0	4.14602921636e-05	5.35950118212e-05	4.85388786306e-05	29.0	26.0	55.0	0.0545454545455	0.163636363636	0.685830434452	28.0	27.0	55.0	0.0181818181818	0.0181818181818	0.892738400944	24.0	21.0	45.0	0.0666666666667	0.2	0.654720846019	23.0	22.0	45.0	0.0222222222222	0.0222222222222	0.881497452191	none	0	1	0	0	0	0	0	0	0	0	0	0
X	88000100	494689	162.0	5.86226902155e-05	8.38910911704e-05	7.22676267311e-05	36.0	64.0	100.0	-0.28	7.84	0.00511026066086	42.0	58.0	100.0	-0.16	2.56	0.109598583399	37.0	39.0	76.0	-0.0263157894737	0.0526315789474	0.818545808382	43.0	33.0	76.0	0.131578947368	1.31578947368	0.25134910881	none	0	1	0	0	0	0	0	0	0	0	0	0
X	88500094	493970	46.0	1.72075227241e-05	2.53051804765e-05	2.12563516003e-05	15.0	13.0	28.0	0.0714285714286	0.142857142857	0.705456986111	15.0	13.0	28.0	0.0714285714286	0.142857142857	0.705456986111	8.0	10.0	18.0	-0.111111111111	0.222222222222	0.637351888234	8.0	10.0	18.0	-0.111111111111	0.222222222222	0.637351888234	none	0	1	0	0	0	0	0	0	0	0	0	0
X	89000338	493698	224.0	0.000103302018643	0.000107353078198	0.000114442432418	59.0	60.0	119.0	-0.00840336134454	0.00840336134454	0.926960352951	56.0	63.0	119.0	-0.0588235294118	0.411764705882	0.521075166667	66.0	46.0	112.0	0.178571428571	3.57142857143	0.0587817213554	63.0	49.0	112.0	0.125	1.75	0.185876732366	none	0	1	0	0	0	0	0	0	0	0	0	0
X	89500021	493840	81.0	3.8473999676e-05	3.64490523246e-05	4.04989470274e-05	19.0	22.0	41.0	-0.0731707317073	0.219512195122	0.639411852803	19.0	22.0	41.0	-0.0731707317073	0.219512195122	0.639411852803	27.0	15.0	42.0	0.285714285714	3.42857142857	0.0640775064511	27.0	15.0	42.0	0.285714285714	3.42857142857	0.0640775064511	none	0	1	0	0	0	0	0	0	0	0	0	0
X	90000001	493941	87.0	4.55519991254e-05	3.74538659476e-05	4.35274658309e-05	23.0	16.0	39.0	0.179487179487	1.25641025641	0.262331675408	25.0	14.0	39.0	0.282051282051	3.10256410256	0.0781690858243	31.0	19.0	50.0	0.24	2.88	0.0896860217704	33.0	17.0	50.0	0.32	5.12	0.0236516166554	none	0	1	0	0	0	0	0	0	0	0	0	0
X	90500042	494152	148.0	5.76745616733e-05	7.48757467338e-05	7.13343262802e-05	34.0	54.0	88.0	-0.227272727273	4.54545454545	0.0330062576612	38.0	50.0	88.0	-0.136363636364	1.63636363636	0.200825122695	38.0	28.0	66.0	0.151515151515	1.51515151515	0.218354690566	42.0	24.0	66.0	0.272727272727	4.90909090909	0.0267156984472	none	0	1	0	0	0	0	0	0	0	0	0	0
X	91000151	494734	22.0	1.21277292444e-05	7.0745087259e-06	1.16224071926e-05	6.0	3.0	9.0	0.333333333333	0	1.0	6.0	3.0	9.0	0.333333333333	0	1.0	9.0	4.0	13.0	0.384615384615	1.92307692308	0.165517858697	9.0	4.0	13.0	0.384615384615	1.92307692308	0.165517858697	na	1	0	0	0	0	0	0	0	0	0	0	0
X	91500000	493816	9.0	2.02504576603e-06	6.0751372981e-06	5.06261441509e-06	7.0	0.0	7.0	1.0	0	1.0	6.0	1.0	7.0	0.714285714286	0	1.0	2.0	1.0	3.0	0.333333333333	0	1.0	1.0	2.0	3.0	-0.333333333333	0	1.0	na	1	0	0	0	0	0	0	0	0	0	0	0
X	92000345	494401	69.0	2.32604707515e-05	3.9441667796e-05	3.33737189043e-05	24.0	20.0	44.0	0.0909090909091	0.363636363636	0.546493595407	26.0	18.0	44.0	0.181818181818	1.45454545455	0.227799993988	17.0	12.0	29.0	0.172413793103	0.862068965517	0.353160353316	19.0	10.0	29.0	0.310344827586	2.79310344828	0.0946707198455	none	0	1	0	0	0	0	0	0	0	0	0	0
X	92500054	493626	70.0	1.72195143692e-05	4.1529417008e-05	3.64648539583e-05	29.0	22.0	51.0	0.137254901961	0.960784313725	0.326989349598	32.0	19.0	51.0	0.254901960784	3.3137254902	0.0687035743229	14.0	12.0	26.0	0.0769230769231	0.153846153846	0.694886602372	17.0	9.0	26.0	0.307692307692	2.46153846154	0.116664464781	none	0	1	0	0	0	0	0	0	0	0	0	0
X	93000202	494521	84.0	2.93213028365e-05	4.95428909996e-05	4.14542557343e-05	24.0	30.0	54.0	-0.111111111111	0.666666666667	0.414216178243	28.0	26.0	54.0	0.037037037037	0.0740740740741	0.785494747118	17.0	17.0	34.0	0.0	0	1	21.0	13.0	34.0	0.235294117647	1.88235294118	0.170066961454	na	1	0	0	0	0	0	0	0	0	0	0	0
X	93500083	494220	59.0	3.33859414835e-05	2.22572943224e-05	3.08567034924e-05	8.0	15.0	23.0	-0.304347826087	2.13043478261	0.144399792213	7.0	16.0	23.0	-0.391304347826	3.52173913043	0.0605688602027	19.0	18.0	37.0	0.027027027027	0.027027027027	0.869417060741	18.0	19.0	37.0	-0.027027027027	0.027027027027	0.869417060741	none	0	1	0	0	0	0	0	0	0	0	0	0
X	94000127	493605	285.0	0.000139787887076	0.000119528773007	0.000133710152855	56.0	83.0	139.0	-0.194244604317	5.24460431655	0.0220149344437	58.0	81.0	139.0	-0.165467625899	3.80575539568	0.0510767318205	83.0	75.0	158.0	0.0506329113924	0.405063291139	0.524485879319	85.0	73.0	158.0	0.0759493670886	0.911392405063	0.339745242438	none	0	1	0	0	0	0	0	0	0	0	0	0
X	94500137	493626	297.0	0.000122562425804	0.000160040192372	0.000147378784748	74.0	97.0	171.0	-0.134502923977	3.09356725146	0.0786023168906	69.0	102.0	171.0	-0.19298245614	6.36842105263	0.0116168914342	82.0	53.0	135.0	0.214814814815	6.22962962963	0.0125630010159	77.0	58.0	135.0	0.140740740741	2.67407407407	0.101994631475	none	0	1	0	0	0	0	0	0	0	0	0	0
X	95000017	494865	38.0	1.21245188082e-05	2.12179079143e-05	1.66712133612e-05	9.0	15.0	24.0	-0.25	1.5	0.22067136192	8.0	16.0	24.0	-0.333333333333	2.66666666667	0.10247043486	10.0	5.0	15.0	0.333333333333	1.66666666667	0.196705602459	9.0	6.0	15.0	0.2	0.6	0.438578026081	none	0	1	0	0	0	0	0	0	0	0	0	0
X	95500160	494709	29.0	1.51604276453e-05	1.31390372926e-05	1.71818179981e-05	10.0	4.0	14.0	0.428571428571	2.57142857143	0.108809430041	9.0	5.0	14.0	0.285714285714	1.14285714286	0.285049407403	11.0	5.0	16.0	0.375	2.25	0.133614402538	10.0	6.0	16.0	0.25	1.0	0.317310507863	none	0	1	0	0	0	0	0	0	0	0	0	0
X	96000069	494639	37.0	1.21300584871e-05	2.32492787669e-05	1.7689668627e-05	18.0	6.0	24.0	0.5	6.0	0.0143058784354	19.0	5.0	24.0	0.583333333333	8.16666666667	0.00426672482218	9.0	5.0	14.0	0.285714285714	1.14285714286	0.285049407403	10.0	4.0	14.0	0.428571428571	2.57142857143	0.108809430041	none	0	1	0	0	0	0	0	0	0	0	0	0
X	96500009	494793	22.0	7.07366514886e-06	1.41473302977e-05	1.1621021316e-05	7.0	8.0	15.0	-0.0666666666667	0.0666666666667	0.796253414738	8.0	7.0	15.0	0.0666666666667	0.0666666666667	0.796253414738	6.0	2.0	8.0	0.5	0	1.0	7.0	1.0	8.0	0.75	0	1.0	na	1	0	0	0	0	0	0	0	0	0	0	0
X	97000324	494187	162.0	7.18351555181e-05	7.79057320407e-05	7.79057320407e-05	27.0	56.0	83.0	-0.349397590361	10.1325301205	0.00145675309429	28.0	55.0	83.0	-0.325301204819	8.78313253012	0.00304028651018	42.0	38.0	80.0	0.05	0.2	0.654720846019	43.0	37.0	80.0	0.075	0.45	0.502334954361	124	0	0	0	0	0	0	0	0	0	0	0	1
X	97500010	493857	94.0	2.93607258781e-05	5.46716964627e-05	4.30286499938e-05	36.0	25.0	61.0	0.180327868852	1.98360655738	0.159010978501	34.0	27.0	61.0	0.114754098361	0.803278688525	0.370114899917	26.0	13.0	39.0	0.333333333333	4.33333333333	0.0373729883407	24.0	15.0	39.0	0.230769230769	2.07692307692	0.149541354585	none	0	1	0	0	0	0	0	0	0	0	0	0
X	98000595	493707	221.0	9.51981640933e-05	0.000104312881932	0.000102793762292	62.0	60.0	122.0	0.016393442623	0.0327868852459	0.856311460719	64.0	58.0	122.0	0.0491803278689	0.295081967213	0.586982140571	62.0	49.0	111.0	0.117117117117	1.52252252252	0.217238159155	64.0	47.0	111.0	0.153153153153	2.6036036036	0.106621033857	none	0	1	0	0	0	0	0	0	0	0	0	0
X	98500049	492633	134.0	5.78523972206e-05	6.49570775811e-05	6.54645547497e-05	35.0	37.0	72.0	-0.0277777777778	0.0555555555556	0.813663715767	32.0	40.0	72.0	-0.111111111111	0.888888888889	0.345778586151	43.0	22.0	65.0	0.323076923077	6.78461538462	0.00919468391176	40.0	25.0	65.0	0.230769230769	3.46153846154	0.0628118475161	none	0	1	0	0	0	0	0	0	0	0	0	0
X	99000065	493535	170.0	8.20610493683e-05	8.30741487433e-05	8.56068971805e-05	46.0	41.0	87.0	0.0574712643678	0.287356321839	0.591919663401	49.0	38.0	87.0	0.126436781609	1.3908045977	0.238269269346	50.0	36.0	86.0	0.162790697674	2.27906976744	0.13113050287	53.0	33.0	86.0	0.232558139535	4.6511627907	0.0310325195001	none	0	1	0	0	0	0	0	0	0	0	0	0
X	99500070	493776	180.0	9.51848611516e-05	7.39201581284e-05	8.75903243576e-05	40.0	41.0	81.0	-0.0123456790123	0.0123456790123	0.911528237909	37.0	44.0	81.0	-0.0864197530864	0.604938271605	0.436700030723	62.0	44.0	106.0	0.169811320755	3.05660377358	0.0804095747477	59.0	47.0	106.0	0.11320754717	1.35849056604	0.24379925103	none	0	1	0	0	0	0	0	0	0	0	0	0
X	100000087	493742	157.0	5.97478035087e-05	8.70900186737e-05	7.54442603627e-05	48.0	50.0	98.0	-0.0204081632653	0.0408163265306	0.839892873271	44.0	54.0	98.0	-0.102040816327	1.02040816327	0.312422211243	50.0	17.0	67.0	0.492537313433	16.2537313433	5.54003810775e-05	46.0	21.0	67.0	0.373134328358	9.32835820896	0.00225634424064	none	0	1	0	0	0	0	0	0	0	0	0	0
X	100500110	493381	283.0	0.000131744027435	0.000133770858626	0.000143905014583	70.0	79.0	149.0	-0.0604026845638	0.543624161074	0.46093462542	68.0	81.0	149.0	-0.0872483221477	1.13422818792	0.286875252466	77.0	69.0	146.0	0.0547945205479	0.438356164384	0.507916933719	75.0	71.0	146.0	0.027397260274	0.109589041096	0.740612492523	none	0	1	0	0	0	0	0	0	0	0	0	0
X	101000083	494590	30.0	7.07656847085e-06	1.92078287066e-05	1.41531369417e-05	17.0	4.0	21.0	0.619047619048	8.04761904762	0.00455634980319	17.0	4.0	21.0	0.619047619048	8.04761904762	0.00455634980319	2.0	7.0	9.0	-0.555555555556	0	1.0	2.0	7.0	9.0	-0.555555555556	0	1.0	na	1	0	0	0	0	0	0	0	0	0	0	0
X	101500015	494258	84.0	3.94530791611e-05	3.03485224316e-05	4.29937401114e-05	19.0	24.0	43.0	-0.116279069767	0.581395348837	0.445765907915	21.0	22.0	43.0	-0.0232558139535	0.0232558139535	0.878793717959	23.0	26.0	49.0	-0.0612244897959	0.183673469388	0.668235141795	25.0	24.0	49.0	0.0204081632653	0.0204081632653	0.886403006367	none	0	1	0	0	0	0	0	0	0	0	0	0
X	102000036	494480	189.0	7.48260799223e-05	0.000101116324219	9.20158550396e-05	58.0	56.0	114.0	0.0175438596491	0.0350877192982	0.85141196756	55.0	59.0	114.0	-0.0350877192982	0.140350877193	0.707932441792	55.0	29.0	84.0	0.309523809524	8.04761904762	0.00455634980319	52.0	32.0	84.0	0.238095238095	4.7619047619	0.0290963317413	none	0	1	0	0	0	0	0	0	0	0	0	0
X	102500051	493935	167.0	6.57981313331e-05	9.11051049227e-05	8.14884549586e-05	53.0	45.0	98.0	0.0816326530612	0.65306122449	0.419020333534	49.0	49.0	98.0	0.0	0	1	36.0	37.0	73.0	-0.013698630137	0.013698630137	0.90682744679	32.0	41.0	73.0	-0.123287671233	1.1095890411	0.292171299317	na	1	0	0	0	0	0	0	0	0	0	0	0
X	103000209	493732	151.0	5.26601476104e-05	9.11425631719e-05	7.59521359766e-05	64.0	35.0	99.0	0.292929292929	8.49494949495	0.00356133661991	61.0	38.0	99.0	0.232323232323	5.34343434343	0.0208004550921	33.0	22.0	55.0	0.2	2.2	0.138010737569	30.0	25.0	55.0	0.0909090909091	0.454545454545	0.500184257071	none	0	1	0	0	0	0	0	0	0	0	0	0
X	103500314	494184	135.0	5.86825959562e-05	6.37414404351e-05	6.32355559872e-05	42.0	30.0	72.0	0.166666666667	2.0	0.15729920705	45.0	27.0	72.0	0.25	4.5	0.0338948535247	37.0	29.0	66.0	0.121212121212	0.969696969697	0.324755765403	40.0	26.0	66.0	0.212121212121	2.9696969697	0.0848377447966	none	0	1	0	0	0	0	0	0	0	0	0	0
X	104000082	494582	6.0	3.03286411556e-06	3.03286411556e-06	3.03286411556e-06	1.0	2.0	3.0	-0.333333333333	0	1.0	1.0	2.0	3.0	-0.333333333333	0	1.0	3.0	0.0	3.0	1.0	0	1.0	3.0	0.0	3.0	1.0	0	1.0	na	1	0	0	0	0	0	0	0	0	0	0	0
X	104500097	494358	60.0	1.61826045093e-05	3.94450984914e-05	2.88252642822e-05	22.0	20.0	42.0	0.047619047619	0.0952380952381	0.757620723683	25.0	17.0	42.0	0.190476190476	1.52380952381	0.217043907757	14.0	7.0	21.0	0.333333333333	2.33333333333	0.126630457948	17.0	4.0	21.0	0.619047619048	8.04761904762	0.00455634980319	none	0	1	0	0	0	0	0	0	0	0	0	0
X	105000204	494532	46.0	2.12321952877e-05	2.32543091246e-05	2.32543091246e-05	9.0	15.0	24.0	-0.25	1.5	0.22067136192	10.0	14.0	24.0	-0.166666666667	0.666666666667	0.414216178243	12.0	11.0	23.0	0.0434782608696	0.0434782608696	0.834827329185	13.0	10.0	23.0	0.130434782609	0.391304347826	0.531614576882	none	0	1	0	0	0	0	0	0	0	0	0	0
X	105500076	494666	40.0	1.41509624676e-05	2.22372267348e-05	1.92048776346e-05	21.0	5.0	26.0	0.615384615385	9.84615384615	0.00170187209267	19.0	7.0	26.0	0.461538461538	5.53846153846	0.0186029299011	12.0	6.0	18.0	0.333333333333	2.0	0.15729920705	10.0	8.0	18.0	0.111111111111	0.222222222222	0.637351888234	none	0	1	0	0	0	0	0	0	0	0	0	0
X	106000188	493322	120.0	5.47309870632e-05	5.77715974556e-05	5.82783658544e-05	30.0	33.0	63.0	-0.047619047619	0.142857142857	0.705456986111	33.0	30.0	63.0	0.047619047619	0.142857142857	0.705456986111	31.0	29.0	60.0	0.0333333333333	0.0666666666667	0.796253414738	34.0	26.0	60.0	0.133333333333	1.06666666667	0.301699582478	none	0	1	0	0	0	0	0	0	0	0	0	0
X	106500157	494071	177.0	6.37560188718e-05	0.000101200029955	8.3490024713e-05	71.0	40.0	111.0	0.279279279279	8.65765765766	0.00325689694739	71.0	40.0	111.0	0.279279279279	8.65765765766	0.00325689694739	52.0	20.0	72.0	0.444444444444	14.2222222222	0.000162440845187	52.0	20.0	72.0	0.444444444444	14.2222222222	0.000162440845187	none	0	1	0	0	0	0	0	0	0	0	0	0
X	107000261	494661	13.0	6.06475950196e-06	6.06475950196e-06	6.06475950196e-06	0.0	6.0	6.0	-1.0	0	1.0	0.0	6.0	6.0	-1.0	0	1.0	5.0	2.0	7.0	0.428571428571	0	1.0	5.0	2.0	7.0	0.428571428571	0	1.0	na	1	0	0	0	0	0	0	0	0	0	0	0
X	107500110	494369	54.0	2.12391958234e-05	3.03417083191e-05	2.78132326258e-05	15.0	18.0	33.0	-0.0909090909091	0.272727272727	0.601508134441	18.0	15.0	33.0	0.0909090909091	0.272727272727	0.601508134441	16.0	8.0	24.0	0.333333333333	2.66666666667	0.10247043486	19.0	5.0	24.0	0.583333333333	8.16666666667	0.00426672482218	none	0	1	0	0	0	0	0	0	0	0	0	0
X	108000007	494025	52.0	2.73265523e-05	2.22660796518e-05	2.47963159759e-05	11.0	12.0	23.0	-0.0434782608696	0.0434782608696	0.834827329185	12.0	11.0	23.0	0.0434782608696	0.0434782608696	0.834827329185	23.0	7.0	30.0	0.533333333333	8.53333333333	0.00348700489214	24.0	6.0	30.0	0.6	10.8	0.00101500094711	none	0	1	0	0	0	0	0	0	0	0	0	0
X	108500353	494549	199.0	0.000101102216363	8.59368839084e-05	9.75636387901e-05	39.0	59.0	98.0	-0.204081632653	4.08163265306	0.0433517512609	37.0	61.0	98.0	-0.244897959184	5.87755102041	0.015335137038	59.0	52.0	111.0	0.0630630630631	0.441441441441	0.506427552269	57.0	54.0	111.0	0.027027027027	0.0810810810811	0.775837674218	none	0	1	0	0	0	0	0	0	0	0	0	0
X	109000075	494719	47.0	1.61707959468e-05	2.93095676536e-05	2.27401818002e-05	15.0	16.0	31.0	-0.0322580645161	0.0322580645161	0.857462441959	15.0	16.0	31.0	-0.0322580645161	0.0322580645161	0.857462441959	10.0	8.0	18.0	0.111111111111	0.222222222222	0.637351888234	10.0	8.0	18.0	0.111111111111	0.222222222222	0.637351888234	none	0	1	0	0	0	0	0	0	0	0	0	0
X	109500070	494083	189.0	8.29820090956e-05	9.41137420231e-05	9.76556570455e-05	43.0	56.0	99.0	-0.131313131313	1.70707070707	0.191365872786	44.0	55.0	99.0	-0.111111111111	1.22222222222	0.268924980512	48.0	45.0	93.0	0.0322580645161	0.0967741935484	0.755735617574	49.0	44.0	93.0	0.0537634408602	0.268817204301	0.604126307329	none	0	1	0	0	0	0	0	0	0	0	0	0
X	110000029	494300	118.0	5.96803560591e-05	5.158810439e-05	5.56342302246e-05	35.0	22.0	57.0	0.228070175439	2.9649122807	0.0850890728162	34.0	23.0	57.0	0.19298245614	2.12280701754	0.145120357207	40.0	24.0	64.0	0.25	4.0	0.0455002638964	39.0	25.0	64.0	0.21875	3.0625	0.0801183137276	none	0	1	0	0	0	0	0	0	0	0	0	0
X	110500014	494008	56.0	2.42911045975e-05	2.83396220304e-05	2.73274926722e-05	13.0	17.0	30.0	-0.133333333333	0.533333333333	0.465208818452	11.0	19.0	30.0	-0.266666666667	2.13333333333	0.144127034816	12.0	16.0	28.0	-0.142857142857	0.571428571429	0.449691797969	10.0	18.0	28.0	-0.285714285714	2.28571428571	0.130570018116	none	0	1	0	0	0	0	0	0	0	0	0	0
X	111000007	494138	69.0	3.44033448146e-05	3.13677555663e-05	3.28855501904e-05	15.0	19.0	34.0	-0.117647058824	0.470588235294	0.492716677227	16.0	18.0	34.0	-0.0588235294118	0.117647058824	0.73160058896	23.0	13.0	36.0	0.277777777778	2.77777777778	0.0955807045456	24.0	12.0	36.0	0.333333333333	4.0	0.0455002638964	none	0	1	0	0	0	0	0	0	0	0	0	0
X	111500039	494242	39.0	8.09320130624e-06	2.73145544086e-05	2.07388283472e-05	22.0	9.0	31.0	0.41935483871	5.45161290323	0.0195502690929	21.0	10.0	31.0	0.354838709677	3.90322580645	0.0481934882932	8.0	3.0	11.0	0.454545454545	2.27272727273	0.131668016023	7.0	4.0	11.0	0.272727272727	0.818181818182	0.365712296282	none	0	1	0	0	0	0	0	0	0	0	0	0
X	112000115	493689	19.0	6.07670010877e-06	8.1022668117e-06	7.08948346024e-06	0.0	11.0	11.0	-1.0	11.0	0.000911118877154	1.0	10.0	11.0	-0.818181818182	7.36363636364	0.00665560548295	5.0	4.0	9.0	0.111111111111	0	1.0	6.0	3.0	9.0	0.333333333333	0	1.0	na	1	0	0	0	0	0	0	0	0	0	0	0
X	112500109	493705	44.0	1.41785074083e-05	2.22805116416e-05	1.82295095249e-05	23.0	4.0	27.0	0.703703703704	13.3703703704	0.000255630867837	21.0	6.0	27.0	0.555555555556	8.33333333333	0.00389241712278	13.0	8.0	21.0	0.238095238095	1.19047619048	0.275233524075	11.0	10.0	21.0	0.047619047619	0.047619047619	0.827259346563	123	0	0	0	0	0	0	0	0	0	0	1	0
X	113000086	494576	40.0	1.51645045453e-05	2.32522403028e-05	2.22412733331e-05	8.0	15.0	23.0	-0.304347826087	2.13043478261	0.144399792213	8.0	15.0	23.0	-0.304347826087	2.13043478261	0.144399792213	10.0	7.0	17.0	0.176470588235	0.529411764706	0.466854270823	10.0	7.0	17.0	0.176470588235	0.529411764706	0.466854270823	none	0	1	0	0	0	0	0	0	0	0	0	0
X	113500146	493913	39.0	1.51848604916e-05	1.92341566227e-05	1.822183259e-05	19.0	5.0	24.0	0.583333333333	8.16666666667	0.00426672482218	18.0	6.0	24.0	0.5	6.0	0.0143058784354	7.0	11.0	18.0	-0.222222222222	0.888888888889	0.345778586151	6.0	12.0	18.0	-0.333333333333	2.0	0.15729920705	none	0	1	0	0	0	0	0	0	0	0	0	0
X	114000155	494150	71.0	3.13669938278e-05	3.74380248912e-05	3.44025093595e-05	28.0	12.0	40.0	0.4	6.4	0.011412036386	28.0	12.0	40.0	0.4	6.4	0.011412036386	26.0	7.0	33.0	0.575757575758	10.9393939394	0.000941409585934	26.0	7.0	33.0	0.575757575758	10.9393939394	0.000941409585934	none	0	1	0	0	0	0	0	0	0	0	0	0
X	114500082	494117	17.0	5.0595304351e-06	1.11309669572e-05	1.01190608702e-05	6.0	5.0	11.0	0.0909090909091	0.0909090909091	0.763024600553	6.0	5.0	11.0	0.0909090909091	0.0909090909091	0.763024600553	2.0	4.0	6.0	-0.333333333333	0	1.0	2.0	4.0	6.0	-0.333333333333	0	1.0	na	1	0	0	0	0	0	0	0	0	0	0	0
X	115000309	494481	56.0	2.32567075378e-05	2.32567075378e-05	2.52790299324e-05	19.0	14.0	33.0	0.151515151515	0.757575757576	0.384088249474	20.0	13.0	33.0	0.212121212121	1.48484848485	0.223017469947	9.0	19.0	28.0	-0.357142857143	3.57142857143	0.0587817213554	10.0	18.0	28.0	-0.285714285714	2.28571428571	0.130570018116	none	0	1	0	0	0	0	0	0	0	0	0	0
X	115500147	494405	61.0	2.22489659287e-05	3.64073987925e-05	3.13508156269e-05	19.0	19.0	38.0	0.0	0	1	19.0	19.0	38.0	0.0	0	1	13.0	12.0	25.0	0.04	0.04	0.841480581122	13.0	12.0	25.0	0.04	0.04	0.841480581122	na	1	0	0	0	0	0	0	0	0	0	0	0
X	116000022	494255	53.0	1.82092239836e-05	2.93370830846e-05	2.47847770887e-05	23.0	11.0	34.0	0.352941176471	4.23529411765	0.0395917632367	20.0	14.0	34.0	0.176470588235	1.05882352941	0.303483664025	16.0	6.0	22.0	0.454545454545	4.54545454545	0.0330062576612	13.0	9.0	22.0	0.181818181818	0.727272727273	0.393768634643	none	0	1	0	0	0	0	0	0	0	0	0	0
X	116500049	495073	16.0	7.06966447372e-06	9.08956860907e-06	9.08956860907e-06	6.0	3.0	9.0	0.333333333333	0	1.0	6.0	3.0	9.0	0.333333333333	0	1.0	7.0	0.0	7.0	1.0	0	1.0	7.0	0.0	7.0	1.0	0	1.0	na	1	0	0	0	0	0	0	0	0	0	0	0
X	117000444	495017	44.0	1.31308621724e-05	2.42415917029e-05	2.07063595796e-05	19.0	11.0	30.0	0.266666666667	2.13333333333	0.144127034816	18.0	12.0	30.0	0.2	1.2	0.273321678292	9.0	8.0	17.0	0.0588235294118	0.0588235294118	0.808365155915	8.0	9.0	17.0	-0.0588235294118	0.0588235294118	0.808365155915	none	0	1	0	0	0	0	0	0	0	0	0	0
X	117500239	494376	69.0	3.33754065731e-05	3.43867825299e-05	3.48924705083e-05	16.0	19.0	35.0	-0.0857142857143	0.257142857143	0.612089880089	17.0	18.0	35.0	-0.0285714285714	0.0285714285714	0.865772374993	20.0	15.0	35.0	0.142857142857	0.714285714286	0.398024719507	21.0	14.0	35.0	0.2	1.4	0.236723570638	none	0	1	0	0	0	0	0	0	0	0	0	0
X	118000168	492484	62.0	2.13204895997e-05	3.14731036947e-05	2.74120580567e-05	19.0	19.0	38.0	0.0	0	1	24.0	14.0	38.0	0.263157894737	2.63157894737	0.10475748985	14.0	15.0	29.0	-0.0344827586207	0.0344827586207	0.852683684335	19.0	10.0	29.0	0.310344827586	2.79310344828	0.0946707198455	na	1	0	0	0	0	0	0	0	0	0	0	0
X	118500020	493260	99.0	4.9669545473e-05	4.3587560313e-05	4.76422170863e-05	32.0	16.0	48.0	0.333333333333	5.33333333333	0.0209213353378	31.0	17.0	48.0	0.291666666667	4.08333333333	0.0433081428108	31.0	21.0	52.0	0.192307692308	1.92307692308	0.165517858697	30.0	22.0	52.0	0.153846153846	1.23076923077	0.267257493154	none	0	1	0	0	0	0	0	0	0	0	0	0
X	119000779	494984	8.0	6.06080196532e-06	2.02026732177e-06	4.04053464354e-06	1.0	1.0	2.0	0.0	0	1.0	1.0	1.0	2.0	0.0	0	1.0	4.0	2.0	6.0	0.333333333333	0	1.0	4.0	2.0	6.0	0.333333333333	0	1.0	na	1	0	0	0	0	0	0	0	0	0	0	0
X	119500256	493667	15.0	8.10262788479e-06	6.07697091359e-06	7.08979939919e-06	4.0	3.0	7.0	0.142857142857	0	1.0	4.0	3.0	7.0	0.142857142857	0	1.0	6.0	2.0	8.0	0.5	0	1.0	6.0	2.0	8.0	0.5	0	1.0	na	1	0	0	0	0	0	0	0	0	0	0	0
X	120000354	494470	73.0	1.51677553744e-05	5.4603919348e-05	3.58970210528e-05	35.0	22.0	57.0	0.228070175439	2.9649122807	0.0850890728162	36.0	21.0	57.0	0.263157894737	3.94736842105	0.0469447269785	11.0	8.0	19.0	0.157894736842	0.473684210526	0.491297124216	12.0	7.0	19.0	0.263157894737	1.31578947368	0.25134910881	none	0	1	0	0	0	0	0	0	0	0	0	0
X	120500052	494188	187.0	7.99290958097e-05	9.61172671129e-05	8.90349421678e-05	54.0	52.0	106.0	0.0188679245283	0.0377358490566	0.845974518219	55.0	51.0	106.0	0.0377358490566	0.150943396226	0.697635440453	63.0	27.0	90.0	0.4	14.4	0.000147802310334	64.0	26.0	90.0	0.422222222222	16.0444444444	6.18728977586e-05	none	0	1	0	0	0	0	0	0	0	0	0	0
X	121000166	494017	135.0	6.07266551556e-05	6.07266551556e-05	6.17387660749e-05	37.0	34.0	71.0	0.0422535211268	0.12676056338	0.72181473044	38.0	33.0	71.0	0.0704225352113	0.352112676056	0.552919624971	42.0	29.0	71.0	0.183098591549	2.38028169014	0.122875388479	43.0	28.0	71.0	0.211267605634	3.16901408451	0.0750477365274	none	0	1	0	0	0	0	0	0	0	0	0	0
X	121504178	497506	8.0	2.01002600974e-06	6.03007802921e-06	4.02005201947e-06	2.0	4.0	6.0	-0.333333333333	0	1.0	2.0	4.0	6.0	-0.333333333333	0	1.0	2.0	0.0	2.0	1.0	0	1.0	2.0	0.0	2.0	1.0	0	1.0	na	1	0	0	0	0	0	0	0	0	0	0	0
X	122000069	490253	45.0	1.93777498557e-05	2.24373945697e-05	2.09075722127e-05	14.0	12.0	26.0	0.0769230769231	0.153846153846	0.694886602372	15.0	11.0	26.0	0.153846153846	0.615384615385	0.432767580668	13.0	7.0	20.0	0.3	1.8	0.179712494879	14.0	6.0	20.0	0.4	3.2	0.0736382701203	none	0	1	0	0	0	0	0	0	0	0	0	0
X	122500039	492898	102.0	4.56483897277e-05	4.56483897277e-05	4.97060243702e-05	24.0	31.0	55.0	-0.127272727273	0.890909090909	0.345231071772	24.0	31.0	55.0	-0.127272727273	0.890909090909	0.345231071772	28.0	25.0	53.0	0.0566037735849	0.169811320755	0.680279547334	28.0	25.0	53.0	0.0566037735849	0.169811320755	0.680279547334	none	0	1	0	0	0	0	0	0	0	0	0	0
X	123000039	494154	84.0	3.33904005634e-05	4.75560250448e-05	4.04732128041e-05	30.0	20.0	50.0	0.2	2.0	0.15729920705	30.0	20.0	50.0	0.2	2.0	0.15729920705	20.0	14.0	34.0	0.176470588235	1.05882352941	0.303483664025	20.0	14.0	34.0	0.176470588235	1.05882352941	0.303483664025	none	0	1	0	0	0	0	0	0	0	0	0	0
X	123500008	494348	101.0	3.84344631717e-05	5.46173950335e-05	5.0571662068e-05	39.0	21.0	60.0	0.3	5.4	0.0201367515503	36.0	24.0	60.0	0.2	2.4	0.121335250358	31.0	15.0	46.0	0.347826086957	5.5652173913	0.0183207354219	28.0	18.0	46.0	0.217391304348	2.17391304348	0.140368660772	none	0	1	0	0	0	0	0	0	0	0	0	0
X	123500008	495791	95.0	2.9246194465e-05	4.94159837512e-05	4.03395785724e-05	42.0	23.0	65.0	0.292307692308	5.55384615385	0.0184401239377	46.0	19.0	65.0	0.415384615385	11.2153846154	0.000811219951697	18.0	16.0	34.0	0.0588235294118	0.117647058824	0.73160058896	22.0	12.0	34.0	0.294117647059	2.94117647059	0.0863478209837	none	0	1	0	0	0	0	0	0	0	0	0	0
