#chrom	coord	total	dtotal	T12	T34	T1234	DFO_left	DFO_right	DFO_total	DFO_stat	DFO_chisq	DFO_Pvalue	DIL_left	DIL_right	DIL_total	DIL_stat	DIL_chisq	DIL_Pvalue	DFI_left	DFI_right	DFI_total	DFI_stat	DFI_chisq	DFI_Pvalue	DOL_left	DOL_right	DOL_total	DOL_stat	DOL_chisq	DOL_Pvalue	introgression	introgna	intrognone	introg13	introg14	introg23	introg24	introg31	introg41	introg32	introg42	introg123	introg124
4	500035	493271	274.0	0.000106432366792	0.000147991671921	0.00013126658571	101.0	66.0	167.0	0.209580838323	7.33532934132	0.00676122903089	98.0	69.0	167.0	0.173652694611	5.03592814371	0.0248267801482	72.0	52.0	124.0	0.161290322581	3.22580645161	0.0724860850868	69.0	55.0	124.0	0.112903225806	1.58064516129	0.208667787698	none	0	1	0	0	0	0	0	0	0	0	0	0
4	1000071	493996	34.0	1.21458473348e-05	1.92309249468e-05	1.67005400853e-05	16.0	6.0	22.0	0.454545454545	4.54545454545	0.0330062576612	15.0	7.0	22.0	0.363636363636	2.90909090909	0.0880815116622	9.0	4.0	13.0	0.384615384615	1.92307692308	0.165517858697	8.0	5.0	13.0	0.230769230769	0.692307692308	0.405380556459	none	0	1	0	0	0	0	0	0	0	0	0	0
4	1500053	493670	134.0	3.64616039054e-05	8.81155427715e-05	6.63398626613e-05	63.0	33.0	96.0	0.3125	9.375	0.00219964706111	64.0	32.0	96.0	0.333333333333	10.6666666667	0.00109083517613	25.0	18.0	43.0	0.162790697674	1.13953488372	0.285750630373	26.0	17.0	43.0	0.209302325581	1.88372093023	0.169911841731	123	0	0	0	0	0	0	0	0	0	0	1	0
4	2000068	493583	207.0	6.78710571474e-05	0.000117508098942	9.97805840153e-05	91.0	40.0	131.0	0.389312977099	19.8549618321	8.35455961701e-06	89.0	42.0	131.0	0.358778625954	16.8625954198	4.01857556804e-05	43.0	41.0	84.0	0.0238095238095	0.047619047619	0.827259346563	41.0	43.0	84.0	-0.0238095238095	0.047619047619	0.827259346563	123	0	0	0	0	0	0	0	0	0	0	1	0
4	2500339	494234	47.0	1.51749980778e-05	2.63033300016e-05	2.07391640397e-05	22.0	8.0	30.0	0.466666666667	6.53333333333	0.0105871373341	21.0	9.0	30.0	0.4	4.8	0.0284597369163	9.0	11.0	20.0	-0.1	0.2	0.654720846019	8.0	12.0	20.0	-0.2	0.8	0.371093369523	none	0	1	0	0	0	0	0	0	0	0	0	0
4	3000105	493497	101.0	2.8368966782e-05	6.38301752594e-05	4.91391031759e-05	37.0	33.0	70.0	0.0571428571429	0.228571428571	0.632585121696	40.0	30.0	70.0	0.142857142857	1.42857142857	0.231997723629	20.0	16.0	36.0	0.111111111111	0.444444444444	0.504985075094	23.0	13.0	36.0	0.277777777778	2.77777777778	0.0955807045456	none	0	1	0	0	0	0	0	0	0	0	0	0
4	3500038	493403	184.0	6.58690765966e-05	0.000106403892964	9.12033368261e-05	56.0	60.0	116.0	-0.0344827586207	0.137931034483	0.710346568996	61.0	55.0	116.0	0.051724137931	0.310344827586	0.577468662427	46.0	27.0	73.0	0.260273972603	4.94520547945	0.0261631287121	51.0	22.0	73.0	0.397260273973	11.5205479452	0.000688310978872	none	0	1	0	0	0	0	0	0	0	0	0	0
4	4000016	493532	78.0	3.24193770617e-05	3.4445588128e-05	3.54586936612e-05	31.0	15.0	46.0	0.347826086957	5.5652173913	0.0183207354219	31.0	15.0	46.0	0.347826086957	5.5652173913	0.0183207354219	21.0	17.0	38.0	0.105263157895	0.421052631579	0.516412268396	21.0	17.0	38.0	0.105263157895	0.421052631579	0.516412268396	none	0	1	0	0	0	0	0	0	0	0	0	0
4	4500141	493947	80.0	3.23921392376e-05	4.35269371005e-05	3.99840468714e-05	26.0	22.0	48.0	0.0833333333333	0.333333333333	0.563702861651	29.0	19.0	48.0	0.208333333333	2.08333333333	0.148914673179	22.0	13.0	35.0	0.257142857143	2.31428571429	0.128190174345	25.0	10.0	35.0	0.428571428571	6.42857142857	0.0112298866529	none	0	1	0	0	0	0	0	0	0	0	0	0
4	5000093	493728	40.0	8.10162680666e-06	2.73429904725e-05	1.77223086396e-05	28.0	4.0	32.0	0.75	18.0	2.20904969986e-05	24.0	8.0	32.0	0.5	8.0	0.00467773498105	8.0	4.0	12.0	0.333333333333	1.33333333333	0.24821307899	4.0	8.0	12.0	-0.333333333333	1.33333333333	0.24821307899	123	0	0	0	0	0	0	0	0	0	0	1	0
4	5500049	493727	31.0	9.11434861776e-06	2.12668134414e-05	1.51905810296e-05	19.0	3.0	22.0	0.727272727273	11.6363636364	0.000646749122576	19.0	3.0	22.0	0.727272727273	11.6363636364	0.000646749122576	4.0	5.0	9.0	-0.111111111111	0	1.0	4.0	5.0	9.0	-0.111111111111	0	1.0	na	1	0	0	0	0	0	0	0	0	0	0	0
4	6000046	493221	45.0	1.82473982251e-05	1.82473982251e-05	2.02748869168e-05	21.0	6.0	27.0	0.555555555556	8.33333333333	0.00389241712278	15.0	12.0	27.0	0.111111111111	0.333333333333	0.563702861651	13.0	11.0	24.0	0.0833333333333	0.166666666667	0.68309139831	7.0	17.0	24.0	-0.416666666667	4.16666666667	0.0412268333372	none	0	1	0	0	0	0	0	0	0	0	0	0
4	6500002	492812	105.0	3.24667418813e-05	6.2904312395e-05	4.97146985057e-05	48.0	23.0	71.0	0.352112676056	8.80281690141	0.00300765811436	48.0	23.0	71.0	0.352112676056	8.80281690141	0.00300765811436	23.0	15.0	38.0	0.210526315789	1.68421052632	0.194365910803	23.0	15.0	38.0	0.210526315789	1.68421052632	0.194365910803	123	0	0	0	0	0	0	0	0	0	0	1	0
4	7000129	493290	40.0	1.41904356464e-05	2.12856534696e-05	1.87516471041e-05	11.0	14.0	25.0	-0.12	0.36	0.5485062355	11.0	14.0	25.0	-0.12	0.36	0.5485062355	14.0	5.0	19.0	0.473684210526	4.26315789474	0.038947455742	14.0	5.0	19.0	0.473684210526	4.26315789474	0.038947455742	none	0	1	0	0	0	0	0	0	0	0	0	0
4	7500060	493409	21.0	7.09350660405e-06	9.12022277664e-06	9.12022277664e-06	8.0	5.0	13.0	0.230769230769	0.692307692308	0.405380556459	8.0	5.0	13.0	0.230769230769	0.692307692308	0.405380556459	7.0	1.0	8.0	0.75	0	1.0	7.0	1.0	8.0	0.75	0	1.0	na	1	0	0	0	0	0	0	0	0	0	0	0
4	8000016	493140	98.0	2.53477714239e-05	6.89459382731e-05	4.81607657055e-05	58.0	14.0	72.0	0.611111111111	26.8888888889	2.15494211475e-07	57.0	15.0	72.0	0.583333333333	24.5	7.43098372391e-07	15.0	14.0	29.0	0.0344827586207	0.0344827586207	0.852683684335	14.0	15.0	29.0	-0.0344827586207	0.0344827586207	0.852683684335	123	0	0	0	0	0	0	0	0	0	0	1	0
4	8500081	493656	11.0	5.06425527088e-06	3.03855316253e-06	4.0514042167e-06	3.0	3.0	6.0	0.0	0	1.0	4.0	2.0	6.0	0.333333333333	0	1.0	4.0	2.0	6.0	0.333333333333	0	1.0	5.0	1.0	6.0	0.666666666667	0	1.0	na	1	0	0	0	0	0	0	0	0	0	0	0
4	9000101	492917	61.0	2.02873911835e-05	3.24598258936e-05	2.84023476569e-05	28.0	13.0	41.0	0.365853658537	5.48780487805	0.0191495715008	25.0	16.0	41.0	0.219512195122	1.9756097561	0.159853674838	11.0	16.0	27.0	-0.185185185185	0.925925925926	0.335923813152	8.0	19.0	27.0	-0.407407407407	4.48148148148	0.0342640077349	none	0	1	0	0	0	0	0	0	0	0	0	0
4	9500030	493176	17.0	2.02767369053e-06	1.41937158337e-05	8.11069476211e-06	7.0	8.0	15.0	-0.0666666666667	0.0666666666667	0.796253414738	8.0	7.0	15.0	0.0666666666667	0.0666666666667	0.796253414738	1.0	2.0	3.0	-0.333333333333	0	1.0	2.0	1.0	3.0	0.333333333333	0	1.0	na	1	0	0	0	0	0	0	0	0	0	0	0
4	10000017	493644	35.0	1.01287567559e-05	2.22832648629e-05	1.62060108094e-05	17.0	8.0	25.0	0.36	3.24	0.0718606382259	18.0	7.0	25.0	0.44	4.84	0.027806895027	7.0	4.0	11.0	0.272727272727	0.818181818182	0.365712296282	8.0	3.0	11.0	0.454545454545	2.27272727273	0.131668016023	none	0	1	0	0	0	0	0	0	0	0	0	0
4	10500026	493467	100.0	3.44501253377e-05	6.07943388312e-05	4.96487100455e-05	50.0	16.0	66.0	0.515151515152	17.5151515152	2.85027171524e-05	48.0	18.0	66.0	0.454545454545	13.6363636364	0.000221846680663	26.0	14.0	40.0	0.3	3.6	0.0577795711236	24.0	16.0	40.0	0.2	1.6	0.205903210732	123	0	0	0	0	0	0	0	0	0	0	1	0
4	11000022	494352	101.0	3.94455772405e-05	5.56283781597e-05	4.85484027575e-05	24.0	38.0	62.0	-0.225806451613	3.16129032258	0.0754035628713	20.0	42.0	62.0	-0.354838709677	7.8064516129	0.00520600288718	32.0	11.0	43.0	0.488372093023	10.2558139535	0.00136254502278	28.0	15.0	43.0	0.302325581395	3.93023255814	0.0474253855087	none	0	1	0	0	0	0	0	0	0	0	0	0
4	11500143	494210	53.0	1.4164019344e-05	3.64217640274e-05	2.52928916857e-05	25.0	14.0	39.0	0.282051282051	3.10256410256	0.0781690858243	24.0	15.0	39.0	0.230769230769	2.07692307692	0.149541354585	12.0	3.0	15.0	0.6	5.4	0.0201367515503	11.0	4.0	15.0	0.466666666667	3.26666666667	0.070701144866	none	0	1	0	0	0	0	0	0	0	0	0	0
4	12000004	493432	36.0	1.11464193648e-05	2.12795278782e-05	1.62129736215e-05	15.0	10.0	25.0	0.2	1.0	0.317310507863	14.0	11.0	25.0	0.12	0.36	0.5485062355	7.0	7.0	14.0	0.0	0	1	6.0	8.0	14.0	-0.142857142857	0.285714285714	0.592980098017	na	1	0	0	0	0	0	0	0	0	0	0	0
4	12500021	493068	32.0	1.01405891277e-06	2.73795906447e-05	1.62249426043e-05	29.0	1.0	30.0	0.933333333333	26.1333333333	3.18635546281e-07	27.0	3.0	30.0	0.8	19.2	1.17713390976e-05	3.0	1.0	4.0	0.5	0	1.0	1.0	3.0	4.0	-0.5	0	1.0	na	1	0	0	0	0	0	0	0	0	0	0	0
4	13000160	493112	48.0	1.3181589578e-05	3.14330213014e-05	2.43352422979e-05	20.0	13.0	33.0	0.212121212121	1.48484848485	0.223017469947	19.0	14.0	33.0	0.151515151515	0.757575757576	0.384088249474	8.0	8.0	16.0	0.0	0	1	7.0	9.0	16.0	-0.125	0.25	0.617075077452	na	1	0	0	0	0	0	0	0	0	0	0	0
4	13500010	493382	6.0	0.0	4.05365416655e-06	2.02682708327e-06	5.0	1.0	6.0	0.666666666667	0	1.0	3.0	3.0	6.0	0.0	0	1.0	2.0	0.0	2.0	1.0	0	1.0	0.0	2.0	2.0	-1.0	0	1.0	na	1	0	0	0	0	0	0	0	0	0	0	0
4	14000010	493815	12.0	8.10019946741e-06	3.03757480028e-06	7.5939370007e-06	3.0	1.0	4.0	0.5	0	1.0	3.0	1.0	4.0	0.5	0	1.0	0.0	8.0	8.0	-1.0	0	1.0	0.0	8.0	8.0	-1.0	0	1.0	na	1	0	0	0	0	0	0	0	0	0	0	0
4	14500002	493463	3.0	0.0	2.02649438762e-06	1.01324719381e-06	3.0	0.0	3.0	1.0	0	1.0	2.0	1.0	3.0	0.333333333333	0	1.0	1.0	0.0	1.0	1.0	0	1.0	0.0	1.0	1.0	-1.0	0	1.0	na	1	0	0	0	0	0	0	0	0	0	0	0
4	15000011	493176	22.0	7.09685791685e-06	1.41937158337e-05	1.06452868753e-05	7.0	7.0	14.0	0.0	0	1	7.0	7.0	14.0	0.0	0	1	3.0	5.0	8.0	-0.25	0	1.0	3.0	5.0	8.0	-0.25	0	1.0	na	1	0	0	0	0	0	0	0	0	0	0	0
4	15500050	493509	39.0	9.11837474089e-06	2.53288187247e-05	1.72235967328e-05	18.0	11.0	29.0	0.241379310345	1.68965517241	0.193646431269	15.0	14.0	29.0	0.0344827586207	0.0344827586207	0.852683684335	9.0	4.0	13.0	0.384615384615	1.92307692308	0.165517858697	6.0	7.0	13.0	-0.0769230769231	0.0769230769231	0.781511294999	none	0	1	0	0	0	0	0	0	0	0	0	0
4	16000010	492549	55.0	2.94386954394e-05	2.63933131526e-05	2.8931131725e-05	17.0	9.0	26.0	0.307692307692	2.46153846154	0.116664464781	17.0	9.0	26.0	0.307692307692	2.46153846154	0.116664464781	20.0	9.0	29.0	0.379310344828	4.1724137931	0.0410872245278	20.0	9.0	29.0	0.379310344828	4.1724137931	0.0410872245278	none	0	1	0	0	0	0	0	0	0	0	0	0
4	16500254	493176	96.0	2.73735948221e-05	6.08302107158e-05	4.71434133048e-05	40.0	27.0	67.0	0.194029850746	2.5223880597	0.112240493457	40.0	27.0	67.0	0.194029850746	2.5223880597	0.112240493457	13.0	20.0	33.0	-0.212121212121	1.48484848485	0.223017469947	13.0	20.0	33.0	-0.212121212121	1.48484848485	0.223017469947	none	0	1	0	0	0	0	0	0	0	0	0	0
4	17000397	492608	52.0	1.62400935429e-05	3.0450175393e-05	2.3345134468e-05	23.0	13.0	36.0	0.277777777778	2.77777777778	0.0955807045456	23.0	13.0	36.0	0.277777777778	2.77777777778	0.0955807045456	12.0	8.0	20.0	0.2	0.8	0.371093369523	12.0	8.0	20.0	0.2	0.8	0.371093369523	none	0	1	0	0	0	0	0	0	0	0	0	0
4	17500054	492864	119.0	5.47818465134e-05	5.37673678743e-05	5.5289085833e-05	39.0	26.0	65.0	0.2	2.6	0.106863714993	41.0	24.0	65.0	0.261538461538	4.44615384615	0.0349799446354	33.0	29.0	62.0	0.0645161290323	0.258064516129	0.611452986954	35.0	27.0	62.0	0.129032258065	1.03225806452	0.309628902731	none	0	1	0	0	0	0	0	0	0	0	0	0
4	18000284	493188	105.0	3.95386749069e-05	5.88011062718e-05	5.22113271207e-05	35.0	29.0	64.0	0.09375	0.5625	0.453254704754	33.0	31.0	64.0	0.03125	0.0625	0.802587348634	30.0	15.0	45.0	0.333333333333	5.0	0.0253473186775	28.0	17.0	45.0	0.244444444444	2.68888888889	0.101050255925	none	0	1	0	0	0	0	0	0	0	0	0	0
4	18500076	493754	80.0	2.83542006748e-05	4.65819011086e-05	4.0506000964e-05	23.0	26.0	49.0	-0.0612244897959	0.183673469388	0.668235141795	25.0	24.0	49.0	0.0204081632653	0.0204081632653	0.886403006367	24.0	9.0	33.0	0.454545454545	6.81818181818	0.00902343881808	26.0	7.0	33.0	0.575757575758	10.9393939394	0.000941409585934	none	0	1	0	0	0	0	0	0	0	0	0	0
4	19000022	493861	82.0	2.53107655798e-05	5.2646392406e-05	4.40407321088e-05	31.0	25.0	56.0	0.107142857143	0.642857142857	0.422678074171	32.0	24.0	56.0	0.142857142857	1.14285714286	0.285049407403	14.0	15.0	29.0	-0.0344827586207	0.0344827586207	0.852683684335	15.0	14.0	29.0	0.0344827586207	0.0344827586207	0.852683684335	none	0	1	0	0	0	0	0	0	0	0	0	0
4	19500034	493192	48.0	1.01380395465e-05	2.94003146847e-05	1.97691771156e-05	24.0	12.0	36.0	0.333333333333	4.0	0.0455002638964	22.0	14.0	36.0	0.222222222222	1.77777777778	0.182422439452	8.0	8.0	16.0	0.0	0	1	6.0	10.0	16.0	-0.25	1.0	0.317310507863	na	1	0	0	0	0	0	0	0	0	0	0	0
4	20000002	492548	63.0	1.62420718387e-05	4.16203090866e-05	2.89311904627e-05	37.0	9.0	46.0	0.608695652174	17.0434782609	3.65336316503e-05	37.0	9.0	46.0	0.608695652174	17.0434782609	3.65336316503e-05	12.0	5.0	17.0	0.411764705882	2.88235294118	0.0895550744136	12.0	5.0	17.0	0.411764705882	2.88235294118	0.0895550744136	123	0	0	0	0	0	0	0	0	0	0	1	0
4	20500203	493144	64.0	1.82502473922e-05	4.35978132148e-05	3.29518355693e-05	35.0	10.0	45.0	0.555555555556	13.8888888889	0.000193941629104	35.0	10.0	45.0	0.555555555556	13.8888888889	0.000193941629104	13.0	6.0	19.0	0.368421052632	2.57894736842	0.108293655899	13.0	6.0	19.0	0.368421052632	2.57894736842	0.108293655899	123	0	0	0	0	0	0	0	0	0	0	1	0
4	21000204	491820	4.0	2.03326420235e-06	1.01663210118e-06	1.52494815176e-06	0.0	1.0	1.0	-1.0	0	1.0	0.0	1.0	1.0	-1.0	0	1.0	2.0	1.0	3.0	0.333333333333	0	1.0	2.0	1.0	3.0	0.333333333333	0	1.0	na	1	0	0	0	0	0	0	0	0	0	0	0
4	21500012	492247	28.0	4.06300089183e-06	2.23465049051e-05	1.32047528984e-05	14.0	10.0	24.0	0.166666666667	0.666666666667	0.414216178243	14.0	10.0	24.0	0.166666666667	0.666666666667	0.414216178243	4.0	0.0	4.0	1.0	0	1.0	4.0	0.0	4.0	1.0	0	1.0	na	1	0	0	0	0	0	0	0	0	0	0	0
4	22000134	491867	8.0	1.01653495762e-06	5.0826747881e-06	3.04960487286e-06	6.0	1.0	7.0	0.714285714286	0	1.0	6.0	1.0	7.0	0.714285714286	0	1.0	2.0	1.0	3.0	0.333333333333	0	1.0	2.0	1.0	3.0	0.333333333333	0	1.0	na	1	0	0	0	0	0	0	0	0	0	0	0
4	22500150	492005	29.0	2.03249966972e-06	2.33737462018e-05	1.27031229357e-05	23.0	4.0	27.0	0.703703703704	13.3703703704	0.000255630867837	23.0	4.0	27.0	0.703703703704	13.3703703704	0.000255630867837	2.0	0.0	2.0	1.0	0	1.0	2.0	0.0	2.0	1.0	0	1.0	na	1	0	0	0	0	0	0	0	0	0	0	0
4	23000061	492778	10.0	0.0	1.01465568674e-05	5.0732784337e-06	7.0	3.0	10.0	0.4	1.6	0.205903210732	7.0	3.0	10.0	0.4	1.6	0.205903210732	0.0	0.0	0.0	0	0	1.0	0.0	0.0	0.0	0	0	1.0	na	1	0	0	0	0	0	0	0	0	0	0	0
4	23500003	494334	52.0	1.41604664053e-05	3.84355516715e-05	2.62980090384e-05	29.0	9.0	38.0	0.526315789474	10.5263157895	0.00117686591062	29.0	9.0	38.0	0.526315789474	10.5263157895	0.00117686591062	4.0	10.0	14.0	-0.428571428571	2.57142857143	0.108809430041	4.0	10.0	14.0	-0.428571428571	2.57142857143	0.108809430041	123	0	0	0	0	0	0	0	0	0	0	1	0
4	24000009	493786	33.0	7.08809079237e-06	2.43020255738e-05	1.6707642582e-05	24.0	2.0	26.0	0.846153846154	18.6153846154	1.59924735933e-05	24.0	2.0	26.0	0.846153846154	18.6153846154	1.59924735933e-05	7.0	2.0	9.0	0.555555555556	0	1.0	7.0	2.0	9.0	0.555555555556	0	1.0	na	1	0	0	0	0	0	0	0	0	0	0	0
4	24500147	493985	88.0	2.73287650435e-05	5.46575300869e-05	4.20053240483e-05	33.0	26.0	59.0	0.118644067797	0.830508474576	0.362125539492	34.0	25.0	59.0	0.152542372881	1.37288135593	0.241317443184	15.0	15.0	30.0	0.0	0	1	16.0	14.0	30.0	0.0666666666667	0.133333333333	0.715000654688	na	1	0	0	0	0	0	0	0	0	0	0	0
4	25000099	493891	42.0	1.31607986378e-05	2.93587046535e-05	2.32844898976e-05	21.0	8.0	29.0	0.448275862069	5.8275862069	0.0157767563889	21.0	8.0	29.0	0.448275862069	5.8275862069	0.0157767563889	9.0	4.0	13.0	0.384615384615	1.92307692308	0.165517858697	9.0	4.0	13.0	0.384615384615	1.92307692308	0.165517858697	none	0	1	0	0	0	0	0	0	0	0	0	0
4	25500155	493500	34.0	5.06585612969e-06	2.93819655522e-05	1.82370820669e-05	27.0	2.0	29.0	0.862068965517	21.5517241379	3.44412915665e-06	27.0	2.0	29.0	0.862068965517	21.5517241379	3.44412915665e-06	2.0	3.0	5.0	-0.2	0	1.0	2.0	3.0	5.0	-0.2	0	1.0	na	1	0	0	0	0	0	0	0	0	0	0	0
4	26000215	493420	32.0	6.08001297069e-06	2.33067163877e-05	1.67200356694e-05	21.0	5.0	26.0	0.615384615385	9.84615384615	0.00170187209267	21.0	5.0	26.0	0.615384615385	9.84615384615	0.00170187209267	5.0	3.0	8.0	0.25	0	1.0	5.0	3.0	8.0	0.25	0	1.0	na	1	0	0	0	0	0	0	0	0	0	0	0
4	26500085	493311	23.0	4.05423759049e-06	1.82440691572e-05	1.11491533738e-05	17.0	2.0	19.0	0.789473684211	11.8421052632	0.000579063217219	18.0	1.0	19.0	0.894736842105	15.2105263158	9.61658826888e-05	2.0	3.0	5.0	-0.2	0	1.0	3.0	2.0	5.0	0.2	0	1.0	na	1	0	0	0	0	0	0	0	0	0	0	0
4	27000027	493606	31.0	1.21554438155e-05	1.7220212072e-05	1.46878279437e-05	11.0	8.0	19.0	0.157894736842	0.473684210526	0.491297124216	11.0	8.0	19.0	0.157894736842	0.473684210526	0.491297124216	11.0	3.0	14.0	0.571428571429	4.57142857143	0.0325094446457	11.0	3.0	14.0	0.571428571429	4.57142857143	0.0325094446457	none	0	1	0	0	0	0	0	0	0	0	0	0
4	27500107	493227	12.0	6.08239208316e-06	5.0686600693e-06	5.57552607623e-06	3.0	2.0	5.0	0.2	0	1.0	3.0	2.0	5.0	0.2	0	1.0	3.0	4.0	7.0	-0.142857142857	0	1.0	3.0	4.0	7.0	-0.142857142857	0	1.0	na	1	0	0	0	0	0	0	0	0	0	0	0
4	28000019	493045	35.0	7.0987435224e-06	2.63667616546e-05	1.67327525885e-05	18.0	9.0	27.0	0.333333333333	3.0	0.0832645166636	19.0	8.0	27.0	0.407407407407	4.48148148148	0.0342640077349	7.0	2.0	9.0	0.555555555556	0	1.0	8.0	1.0	9.0	0.777777777778	0	1.0	na	1	0	0	0	0	0	0	0	0	0	0	0
4	28500042	492442	7.0	2.03069600075e-06	3.04604400112e-06	3.55371800131e-06	1.0	4.0	5.0	-0.6	0	1.0	3.0	2.0	5.0	0.2	0	1.0	1.0	3.0	4.0	-0.5	0	1.0	3.0	1.0	4.0	0.5	0	1.0	na	1	0	0	0	0	0	0	0	0	0	0	0
4	29000055	492115	7.0	2.03204535525e-06	5.08011338813e-06	3.55607937169e-06	4.0	1.0	5.0	0.6	0	1.0	4.0	1.0	5.0	0.6	0	1.0	2.0	0.0	2.0	1.0	0	1.0	2.0	0.0	2.0	1.0	0	1.0	na	1	0	0	0	0	0	0	0	0	0	0	0
4	29500143	492260	28.0	1.42201275749e-05	1.21886807785e-05	1.42201275749e-05	11.0	3.0	14.0	0.571428571429	4.57142857143	0.0325094446457	10.0	4.0	14.0	0.428571428571	2.57142857143	0.108809430041	7.0	8.0	15.0	-0.0666666666667	0.0666666666667	0.796253414738	6.0	9.0	15.0	-0.2	0.6	0.438578026081	none	0	1	0	0	0	0	0	0	0	0	0	0
4	30000065	491816	71.0	2.23660881305e-05	3.25324918262e-05	3.15158514566e-05	28.0	16.0	44.0	0.272727272727	3.27272727273	0.0704404292721	27.0	17.0	44.0	0.227272727273	2.27272727273	0.131668016023	29.0	9.0	38.0	0.526315789474	10.5263157895	0.00117686591062	28.0	10.0	38.0	0.473684210526	8.52631578947	0.00350047582176	none	0	1	0	0	0	0	0	0	0	0	0	0
4	30500024	493546	57.0	2.12746127007e-05	3.24184574487e-05	2.98857654606e-05	23.0	11.0	34.0	0.352941176471	4.23529411765	0.0395917632367	22.0	12.0	34.0	0.294117647059	2.94117647059	0.0863478209837	16.0	8.0	24.0	0.333333333333	2.66666666667	0.10247043486	15.0	9.0	24.0	0.25	1.5	0.22067136192	none	0	1	0	0	0	0	0	0	0	0	0	0
4	31000001	492900	99.0	3.75329681477e-05	5.57922499493e-05	4.97058226821e-05	36.0	22.0	58.0	0.241379310345	3.37931034483	0.0660196750213	36.0	22.0	58.0	0.241379310345	3.37931034483	0.0660196750213	25.0	18.0	43.0	0.162790697674	1.13953488372	0.285750630373	25.0	18.0	43.0	0.162790697674	1.13953488372	0.285750630373	none	0	1	0	0	0	0	0	0	0	0	0	0
4	31500053	493042	62.0	1.31834610439e-05	4.76632822356e-05	3.04233716397e-05	33.0	16.0	49.0	0.34693877551	5.89795918367	0.0151584388774	34.0	15.0	49.0	0.387755102041	7.36734693878	0.00664188547643	8.0	6.0	14.0	0.142857142857	0.285714285714	0.592980098017	9.0	5.0	14.0	0.285714285714	1.14285714286	0.285049407403	none	0	1	0	0	0	0	0	0	0	0	0	0
4	32000054	493147	17.0	0.0	1.62223434392e-05	8.11117171959e-06	14.0	3.0	17.0	0.647058823529	7.11764705882	0.00763288178779	14.0	3.0	17.0	0.647058823529	7.11764705882	0.00763288178779	0.0	0.0	0.0	0	0	1.0	0.0	0.0	0.0	0	0	1.0	na	1	0	0	0	0	0	0	0	0	0	0	0
4	32500165	492088	31.0	1.1176862675e-05	1.62572548e-05	1.47331371625e-05	10.0	9.0	19.0	0.0526315789474	0.0526315789474	0.818545808382	11.0	8.0	19.0	0.157894736842	0.473684210526	0.491297124216	5.0	8.0	13.0	-0.230769230769	0.692307692308	0.405380556459	6.0	7.0	13.0	-0.0769230769231	0.0769230769231	0.781511294999	none	0	1	0	0	0	0	0	0	0	0	0	0
4	33000000	492839	116.0	4.05812040037e-05	6.4929926406e-05	5.68136856052e-05	49.0	25.0	74.0	0.324324324324	7.78378378378	0.00527172679714	47.0	27.0	74.0	0.27027027027	5.40540540541	0.020074485544	30.0	18.0	48.0	0.25	3.0	0.0832645166636	28.0	20.0	48.0	0.166666666667	1.33333333333	0.24821307899	none	0	1	0	0	0	0	0	0	0	0	0	0
4	33500057	492116	25.0	7.11214429118e-06	1.72723504214e-05	1.42242885824e-05	15.0	3.0	18.0	0.666666666667	8.0	0.00467773498105	16.0	2.0	18.0	0.777777777778	10.8888888889	0.000967428450248	2.0	6.0	8.0	-0.5	0	1.0	3.0	5.0	8.0	-0.25	0	1.0	na	1	0	0	0	0	0	0	0	0	0	0	0
4	34000135	491339	19.0	8.14101872638e-06	1.0176273408e-05	1.0176273408e-05	7.0	4.0	11.0	0.272727272727	0.818181818182	0.365712296282	6.0	5.0	11.0	0.0909090909091	0.0909090909091	0.763024600553	5.0	4.0	9.0	0.111111111111	0	1.0	4.0	5.0	9.0	-0.111111111111	0	1.0	na	1	0	0	0	0	0	0	0	0	0	0	0
4	34500059	492068	20.0	2.03223944658e-06	1.72740352959e-05	9.65313737126e-06	16.0	2.0	18.0	0.777777777778	10.8888888889	0.000967428450248	16.0	2.0	18.0	0.777777777778	10.8888888889	0.000967428450248	0.0	2.0	2.0	-1.0	0	1.0	0.0	2.0	2.0	-1.0	0	1.0	na	1	0	0	0	0	0	0	0	0	0	0	0
4	35000021	492338	27.0	1.21867497532e-05	1.42178747121e-05	1.32023122327e-05	13.0	2.0	15.0	0.733333333333	8.06666666667	0.0045086983649	12.0	3.0	15.0	0.6	5.4	0.0201367515503	5.0	8.0	13.0	-0.230769230769	0.692307692308	0.405380556459	4.0	9.0	13.0	-0.384615384615	1.92307692308	0.165517858697	none	0	1	0	0	0	0	0	0	0	0	0	0
4	35500016	491823	167.0	7.11638129978e-05	8.64132014973e-05	8.38716367474e-05	47.0	50.0	97.0	-0.0309278350515	0.0927835051546	0.760667887765	42.0	55.0	97.0	-0.134020618557	1.74226804124	0.186851707343	49.0	28.0	77.0	0.272727272727	5.72727272727	0.0167034038472	44.0	33.0	77.0	0.142857142857	1.57142857143	0.209999671756	none	0	1	0	0	0	0	0	0	0	0	0	0
4	36000052	492948	32.0	8.11444614848e-06	2.43433384454e-05	1.6228892297e-05	20.0	4.0	24.0	0.666666666667	10.6666666667	0.00109083517613	20.0	4.0	24.0	0.666666666667	10.6666666667	0.00109083517613	6.0	2.0	8.0	0.5	0	1.0	6.0	2.0	8.0	0.5	0	1.0	na	1	0	0	0	0	0	0	0	0	0	0	0
4	36500016	492808	57.0	1.52189087839e-05	3.95691628383e-05	2.9423223649e-05	34.0	6.0	40.0	0.7	19.6	9.54691984523e-06	34.0	6.0	40.0	0.7	19.6	9.54691984523e-06	9.0	8.0	17.0	0.0588235294118	0.0588235294118	0.808365155915	9.0	8.0	17.0	0.0588235294118	0.0588235294118	0.808365155915	123	0	0	0	0	0	0	0	0	0	0	1	0
4	37000088	493040	56.0	1.52117475256e-05	3.7522310563e-05	2.63670290443e-05	22.0	18.0	40.0	0.1	0.4	0.527089256866	23.0	17.0	40.0	0.15	0.9	0.342781711148	14.0	5.0	19.0	0.473684210526	4.26315789474	0.038947455742	15.0	4.0	19.0	0.578947368421	6.36842105263	0.0116168914342	none	0	1	0	0	0	0	0	0	0	0	0	0
4	37500066	493005	4.0	1.01418849707e-06	3.04256549122e-06	2.02837699415e-06	2.0	1.0	3.0	0.333333333333	0	1.0	2.0	1.0	3.0	0.333333333333	0	1.0	1.0	0.0	1.0	1.0	0	1.0	1.0	0.0	1.0	1.0	0	1.0	na	1	0	0	0	0	0	0	0	0	0	0	0
4	38000011	492175	52.0	1.62543810636e-05	3.25087621273e-05	2.53974704119e-05	21.0	14.0	35.0	0.2	1.4	0.236723570638	21.0	14.0	35.0	0.2	1.4	0.236723570638	13.0	6.0	19.0	0.368421052632	2.57894736842	0.108293655899	13.0	6.0	19.0	0.368421052632	2.57894736842	0.108293655899	none	0	1	0	0	0	0	0	0	0	0	0	0
4	38500026	492262	56.0	2.53929817861e-05	2.23458239718e-05	2.59008414218e-05	11.0	20.0	31.0	-0.290322580645	2.61290322581	0.105997548425	11.0	20.0	31.0	-0.290322580645	2.61290322581	0.105997548425	19.0	12.0	31.0	0.225806451613	1.58064516129	0.208667787698	19.0	12.0	31.0	0.225806451613	1.58064516129	0.208667787698	none	0	1	0	0	0	0	0	0	0	0	0	0
4	39000133	493648	54.0	1.62058794931e-05	3.54503613911e-05	2.58281204421e-05	33.0	3.0	36.0	0.833333333333	25.0	5.73303143736e-07	32.0	4.0	36.0	0.777777777778	21.7777777778	3.06125347305e-06	10.0	9.0	19.0	0.0526315789474	0.0526315789474	0.818545808382	9.0	10.0	19.0	-0.0526315789474	0.0526315789474	0.818545808382	123	0	0	0	0	0	0	0	0	0	0	1	0
4	39500045	493075	19.0	4.05617806622e-06	1.41966232318e-05	9.12640064899e-06	12.0	3.0	15.0	0.6	5.4	0.0201367515503	12.0	3.0	15.0	0.6	5.4	0.0201367515503	3.0	1.0	4.0	0.5	0	1.0	3.0	1.0	4.0	0.5	0	1.0	na	1	0	0	0	0	0	0	0	0	0	0	0
4	40000081	492884	10.0	4.05774989653e-06	5.07218737066e-06	4.56496863359e-06	4.0	2.0	6.0	0.333333333333	0	1.0	4.0	2.0	6.0	0.333333333333	0	1.0	0.0	4.0	4.0	-1.0	0	1.0	0.0	4.0	4.0	-1.0	0	1.0	na	1	0	0	0	0	0	0	0	0	0	0	0
4	40500033	493229	36.0	1.31784627425e-05	2.02745580653e-05	1.77402383072e-05	19.0	3.0	22.0	0.727272727273	11.6363636364	0.000646749122576	20.0	2.0	22.0	0.818181818182	14.7272727273	0.000124236123431	11.0	4.0	15.0	0.466666666667	3.26666666667	0.070701144866	12.0	3.0	15.0	0.6	5.4	0.0201367515503	123	0	0	0	0	0	0	0	0	0	0	1	0
4	41000006	494027	8.0	3.03627129691e-06	3.03627129691e-06	3.03627129691e-06	2.0	1.0	3.0	0.333333333333	0	1.0	2.0	1.0	3.0	0.333333333333	0	1.0	5.0	0.0	5.0	1.0	0	1.0	5.0	0.0	5.0	1.0	0	1.0	na	1	0	0	0	0	0	0	0	0	0	0	0
4	41500054	493788	8.0	3.03774089285e-06	5.06290148809e-06	4.05032119047e-06	1.0	4.0	5.0	-0.6	0	1.0	1.0	4.0	5.0	-0.6	0	1.0	2.0	1.0	3.0	0.333333333333	0	1.0	2.0	1.0	3.0	0.333333333333	0	1.0	na	1	0	0	0	0	0	0	0	0	0	0	0
4	42000153	493109	17.0	5.06987298954e-06	1.21676951749e-05	8.61878408222e-06	10.0	2.0	12.0	0.666666666667	5.33333333333	0.0209213353378	10.0	2.0	12.0	0.666666666667	5.33333333333	0.0209213353378	4.0	1.0	5.0	0.6	0	1.0	4.0	1.0	5.0	0.6	0	1.0	na	1	0	0	0	0	0	0	0	0	0	0	0
4	42500006	493269	107.0	4.76413478244e-05	5.06822849196e-05	5.01754620704e-05	28.0	31.0	59.0	-0.0508474576271	0.152542372881	0.696117519543	28.0	31.0	59.0	-0.0508474576271	0.152542372881	0.696117519543	28.0	28.0	56.0	0.0	0	1	28.0	28.0	56.0	0.0	0	1	na	1	0	0	0	0	0	0	0	0	0	0	0
4	43000018	493359	8.0	2.02692157232e-06	6.08076471697e-06	4.05384314465e-06	3.0	3.0	6.0	0.0	0	1.0	3.0	3.0	6.0	0.0	0	1.0	2.0	0.0	2.0	1.0	0	1.0	2.0	0.0	2.0	1.0	0	1.0	na	1	0	0	0	0	0	0	0	0	0	0	0
4	43500056	492685	44.0	2.23266387245e-05	1.82672498655e-05	2.23266387245e-05	8.0	13.0	21.0	-0.238095238095	1.19047619048	0.275233524075	8.0	13.0	21.0	-0.238095238095	1.19047619048	0.275233524075	14.0	11.0	25.0	0.12	0.36	0.5485062355	14.0	11.0	25.0	0.12	0.36	0.5485062355	none	0	1	0	0	0	0	0	0	0	0	0	0
4	44000104	493605	6.0	2.02591140689e-06	4.05182281379e-06	3.03886711034e-06	4.0	0.0	4.0	1.0	0	1.0	4.0	0.0	4.0	1.0	0	1.0	2.0	0.0	2.0	1.0	0	1.0	2.0	0.0	2.0	1.0	0	1.0	na	1	0	0	0	0	0	0	0	0	0	0	0
4	44500006	493418	4.0	3.04001880758e-06	1.01333960253e-06	2.02667920506e-06	1.0	0.0	1.0	1.0	0	1.0	1.0	0.0	1.0	1.0	0	1.0	2.0	1.0	3.0	0.333333333333	0	1.0	2.0	1.0	3.0	0.333333333333	0	1.0	na	1	0	0	0	0	0	0	0	0	0	0	0
4	45000117	493513	35.0	1.41840235212e-05	2.12760352817e-05	1.87431739387e-05	15.0	6.0	21.0	0.428571428571	3.85714285714	0.0495346134356	15.0	6.0	21.0	0.428571428571	3.85714285714	0.0495346134356	10.0	4.0	14.0	0.428571428571	2.57142857143	0.108809430041	10.0	4.0	14.0	0.428571428571	2.57142857143	0.108809430041	none	0	1	0	0	0	0	0	0	0	0	0	0
4	45500078	492695	96.0	4.66820243761e-05	4.05930646749e-05	4.66820243761e-05	31.0	18.0	49.0	0.265306122449	3.44897959184	0.0632908322333	30.0	19.0	49.0	0.224489795918	2.4693877551	0.116083133739	32.0	22.0	54.0	0.185185185185	1.85185185185	0.173568166556	31.0	23.0	54.0	0.148148148148	1.18518518519	0.276302917337	none	0	1	0	0	0	0	0	0	0	0	0	0
4	46000023	492586	133.0	3.95869959763e-05	8.42492478471e-05	6.49632754483e-05	46.0	47.0	93.0	-0.010752688172	0.010752688172	0.917411260192	48.0	45.0	93.0	0.0322580645161	0.0967741935484	0.755735617574	25.0	23.0	48.0	0.0416666666667	0.0833333333333	0.772829992684	27.0	21.0	48.0	0.125	0.75	0.386476230771	none	0	1	0	0	0	0	0	0	0	0	0	0
4	46500091	493008	88.0	3.24538344205e-05	4.56382046539e-05	4.10743841885e-05	31.0	24.0	55.0	0.127272727273	0.890909090909	0.345231071772	31.0	24.0	55.0	0.127272727273	0.890909090909	0.345231071772	20.0	21.0	41.0	-0.0243902439024	0.0243902439024	0.875896057923	20.0	21.0	41.0	-0.0243902439024	0.0243902439024	0.875896057923	none	0	1	0	0	0	0	0	0	0	0	0	0
4	47000095	493412	76.0	1.62136307994e-05	5.26943000981e-05	3.54673173737e-05	37.0	22.0	59.0	0.254237288136	3.81355932203	0.0508393080695	37.0	22.0	59.0	0.254237288136	3.81355932203	0.0508393080695	13.0	8.0	21.0	0.238095238095	1.19047619048	0.275233524075	13.0	8.0	21.0	0.238095238095	1.19047619048	0.275233524075	none	0	1	0	0	0	0	0	0	0	0	0	0
4	47500000	493060	112.0	4.05630146432e-05	6.49008234292e-05	5.37459944023e-05	41.0	29.0	70.0	0.171428571429	2.05714285714	0.151493992404	41.0	29.0	70.0	0.171428571429	2.05714285714	0.151493992404	34.0	12.0	46.0	0.478260869565	10.5217391304	0.00117978403788	34.0	12.0	46.0	0.478260869565	10.5217391304	0.00117978403788	none	0	1	0	0	0	0	0	0	0	0	0	0
4	48000019	493303	30.0	8.10860667784e-06	1.82443650251e-05	1.41900616862e-05	17.0	5.0	22.0	0.545454545455	6.54545454545	0.0105152459359	15.0	7.0	22.0	0.363636363636	2.90909090909	0.0880815116622	5.0	5.0	10.0	0.0	0	1	3.0	7.0	10.0	-0.4	1.6	0.205903210732	na	1	0	0	0	0	0	0	0	0	0	0	0
4	48500129	493224	103.0	3.95357890127e-05	5.17006471705e-05	4.96731708108e-05	31.0	28.0	59.0	0.0508474576271	0.152542372881	0.696117519543	30.0	29.0	59.0	0.0169491525424	0.0169491525424	0.896416967667	26.0	23.0	49.0	0.0612244897959	0.183673469388	0.668235141795	25.0	24.0	49.0	0.0204081632653	0.0204081632653	0.886403006367	none	0	1	0	0	0	0	0	0	0	0	0	0
4	49000045	492870	136.0	4.56509830178e-05	7.20271065392e-05	5.88390447785e-05	61.0	28.0	89.0	0.370786516854	12.2359550562	0.000468773429066	59.0	30.0	89.0	0.325842696629	9.44943820225	0.00211213785161	32.0	25.0	57.0	0.122807017544	0.859649122807	0.353836900685	30.0	27.0	57.0	0.0526315789474	0.157894736842	0.691102223845	123	0	0	0	0	0	0	0	0	0	0	1	0
4	49500021	493182	50.0	1.21658941324e-05	3.54838578861e-05	2.38248760093e-05	20.0	18.0	38.0	0.0526315789474	0.105263157895	0.745602788927	19.0	19.0	38.0	0.0	0	1	7.0	6.0	13.0	0.0769230769231	0.0769230769231	0.781511294999	6.0	7.0	13.0	-0.0769230769231	0.0769230769231	0.781511294999	na	1	0	0	0	0	0	0	0	0	0	0	0
4	50000080	493040	84.0	2.7381145546e-05	4.86775920818e-05	4.00576018173e-05	32.0	23.0	55.0	0.163636363636	1.47272727273	0.224915884016	36.0	19.0	55.0	0.309090909091	5.25454545455	0.0218895181206	18.0	17.0	35.0	0.0285714285714	0.0285714285714	0.865772374993	22.0	13.0	35.0	0.257142857143	2.31428571429	0.128190174345	none	0	1	0	0	0	0	0	0	0	0	0	0
4	50500079	493218	4.0	0.0	1.01375051194e-06	5.06875255972e-07	2.0	1.0	3.0	0.333333333333	0	1.0	2.0	1.0	3.0	0.333333333333	0	1.0	2.0	1.0	3.0	0.333333333333	0	1.0	2.0	1.0	3.0	0.333333333333	0	1.0	na	1	0	0	0	0	0	0	0	0	0	0	0
4	51000305	493287	8.0	1.01360871055e-06	4.05443484219e-06	2.53402177637e-06	6.0	1.0	7.0	0.714285714286	0	1.0	7.0	0.0	7.0	1.0	0	1.0	1.0	1.0	2.0	0.0	0	1.0	2.0	0.0	2.0	1.0	0	1.0	na	1	0	0	0	0	0	0	0	0	0	0	0
4	51500068	493195	16.0	3.04139336368e-06	1.11517756668e-05	8.11038230315e-06	7.0	6.0	13.0	0.0769230769231	0.0769230769231	0.781511294999	7.0	6.0	13.0	0.0769230769231	0.0769230769231	0.781511294999	4.0	1.0	5.0	0.6	0	1.0	4.0	1.0	5.0	0.6	0	1.0	na	1	0	0	0	0	0	0	0	0	0	0	0
4	52000128	493764	13.0	3.03788854595e-06	7.08840660721e-06	5.06314757658e-06	7.0	3.0	10.0	0.4	1.6	0.205903210732	8.0	2.0	10.0	0.6	3.6	0.0577795711236	1.0	5.0	6.0	-0.666666666667	0	1.0	2.0	4.0	6.0	-0.333333333333	0	1.0	na	1	0	0	0	0	0	0	0	0	0	0	0
4	52500001	493146	24.0	5.06949260462e-06	1.82501733766e-05	1.26737315116e-05	16.0	3.0	19.0	0.684210526316	8.89473684211	0.00285993820846	15.0	4.0	19.0	0.578947368421	6.36842105263	0.0116168914342	5.0	1.0	6.0	0.666666666667	0	1.0	4.0	2.0	6.0	0.333333333333	0	1.0	na	1	0	0	0	0	0	0	0	0	0	0	0
4	53000177	493624	14.0	2.02583342787e-06	8.10333371149e-06	5.06458356968e-06	7.0	4.0	11.0	0.272727272727	0.818181818182	0.365712296282	6.0	5.0	11.0	0.0909090909091	0.0909090909091	0.763024600553	3.0	1.0	4.0	0.5	0	1.0	2.0	2.0	4.0	0.0	0	1.0	na	1	0	0	0	0	0	0	0	0	0	0	0
4	53500022	492799	115.0	5.58036846666e-05	5.37744597696e-05	5.47890722181e-05	23.0	35.0	58.0	-0.206896551724	2.48275862069	0.115100215833	24.0	34.0	58.0	-0.172413793103	1.72413793103	0.189161272595	28.0	32.0	60.0	-0.0666666666667	0.266666666667	0.605576616335	29.0	31.0	60.0	-0.0333333333333	0.0666666666667	0.796253414738	none	0	1	0	0	0	0	0	0	0	0	0	0
4	54000007	492643	20.0	6.08960240986e-06	1.11642710847e-05	9.64187048228e-06	7.0	6.0	13.0	0.0769230769231	0.0769230769231	0.781511294999	6.0	7.0	13.0	-0.0769230769231	0.0769230769231	0.781511294999	6.0	2.0	8.0	0.5	0	1.0	5.0	3.0	8.0	0.25	0	1.0	na	1	0	0	0	0	0	0	0	0	0	0	0
4	54500133	492996	100.0	4.5639315532e-05	4.66535225438e-05	4.71606260497e-05	35.0	18.0	53.0	0.320754716981	5.45283018868	0.0195366521099	31.0	22.0	53.0	0.169811320755	1.52830188679	0.216367480258	26.0	25.0	51.0	0.0196078431373	0.0196078431373	0.888637860895	22.0	29.0	51.0	-0.137254901961	0.960784313725	0.326989349598	none	0	1	0	0	0	0	0	0	0	0	0	0
4	55000133	492367	121.0	4.56976198649e-05	6.60076731381e-05	5.68681491652e-05	49.0	26.0	75.0	0.306666666667	7.05333333333	0.00791178868071	52.0	23.0	75.0	0.386666666667	11.2133333333	0.000812117134894	31.0	22.0	53.0	0.169811320755	1.52830188679	0.216367480258	34.0	19.0	53.0	0.283018867925	4.24528301887	0.0393595088882	123	0	0	0	0	0	0	0	0	0	0	1	0
4	55500008	492820	17.0	0.0	1.42039689948e-05	7.10198449738e-06	13.0	3.0	16.0	0.625	6.25	0.0124193306516	13.0	3.0	16.0	0.625	6.25	0.0124193306516	1.0	0.0	1.0	1.0	0	1.0	1.0	0.0	1.0	1.0	0	1.0	na	1	0	0	0	0	0	0	0	0	0	0	0
4	56000019	492790	43.0	7.10241685099e-06	3.04389293614e-05	1.87706731062e-05	25.0	10.0	35.0	0.428571428571	6.42857142857	0.0112298866529	24.0	11.0	35.0	0.371428571429	4.82857142857	0.0279918154857	10.0	1.0	11.0	0.818181818182	7.36363636364	0.00665560548295	9.0	2.0	11.0	0.636363636364	4.45454545455	0.0348084788119	none	0	1	0	0	0	0	0	0	0	0	0	0
4	56500394	493306	26.0	9.12212703677e-06	1.41899753905e-05	1.26696208844e-05	15.0	1.0	16.0	0.875	12.25	0.000465258158071	14.0	2.0	16.0	0.75	9.0	0.00269979606326	6.0	5.0	11.0	0.0909090909091	0.0909090909091	0.763024600553	5.0	6.0	11.0	-0.0909090909091	0.0909090909091	0.763024600553	123	0	0	0	0	0	0	0	0	0	0	1	0
4	57000183	493036	67.0	3.04237418769e-05	2.83954924184e-05	3.04237418769e-05	25.0	10.0	35.0	0.428571428571	6.42857142857	0.0112298866529	21.0	14.0	35.0	0.2	1.4	0.236723570638	27.0	11.0	38.0	0.421052631579	6.73684210526	0.00944416568783	23.0	15.0	38.0	0.210526315789	1.68421052632	0.194365910803	none	0	1	0	0	0	0	0	0	0	0	0	0
4	57500066	492408	90.0	4.36629786681e-05	4.1632142451e-05	4.46783967767e-05	29.0	18.0	47.0	0.234042553191	2.57446808511	0.108600601382	30.0	17.0	47.0	0.276595744681	3.59574468085	0.0579276698839	29.0	15.0	44.0	0.318181818182	4.45454545455	0.0348084788119	30.0	14.0	44.0	0.363636363636	5.81818181818	0.0158613327398	none	0	1	0	0	0	0	0	0	0	0	0	0
4	58000023	492282	86.0	3.96114422221e-05	4.06271202278e-05	4.11349592307e-05	33.0	14.0	47.0	0.404255319149	7.68085106383	0.00558098413684	27.0	20.0	47.0	0.148936170213	1.04255319149	0.307228409731	32.0	13.0	45.0	0.422222222222	8.02222222222	0.00462068396336	26.0	19.0	45.0	0.155555555556	1.08888888889	0.296717526322	none	0	1	0	0	0	0	0	0	0	0	0	0
4	58500161	492516	9.0	2.03039089085e-06	7.10636811799e-06	4.56837950442e-06	5.0	2.0	7.0	0.428571428571	0	1.0	5.0	2.0	7.0	0.428571428571	0	1.0	1.0	1.0	2.0	0.0	0	1.0	1.0	1.0	2.0	0.0	0	1.0	na	1	0	0	0	0	0	0	0	0	0	0	0
4	59000031	492577	14.0	1.01506972514e-06	1.31959064268e-05	8.12055780112e-06	12.0	1.0	13.0	0.846153846154	9.30769230769	0.00228193725332	12.0	1.0	13.0	0.846153846154	9.30769230769	0.00228193725332	1.0	0.0	1.0	1.0	0	1.0	1.0	0.0	1.0	1.0	0	1.0	na	1	0	0	0	0	0	0	0	0	0	0	0
4	59500003	492500	21.0	6.09137055838e-06	1.52284263959e-05	1.06598984772e-05	12.0	3.0	15.0	0.6	5.4	0.0201367515503	12.0	3.0	15.0	0.6	5.4	0.0201367515503	6.0	0.0	6.0	1.0	0	1.0	6.0	0.0	6.0	1.0	0	1.0	na	1	0	0	0	0	0	0	0	0	0	0	0
4	60000049	492460	4.0	0.0	4.06124355278e-06	2.03062177639e-06	2.0	2.0	4.0	0.0	0	1.0	2.0	2.0	4.0	0.0	0	1.0	0.0	0.0	0.0	0	0	1.0	0.0	0.0	0.0	0	0	1.0	na	1	0	0	0	0	0	0	0	0	0	0	0
4	60500046	492987	32.0	1.01422552725e-05	2.23129615994e-05	1.62276084359e-05	15.0	7.0	22.0	0.363636363636	2.90909090909	0.0880815116622	15.0	7.0	22.0	0.363636363636	2.90909090909	0.0880815116622	10.0	0.0	10.0	1.0	10.0	0.001565402258	10.0	0.0	10.0	1.0	10.0	0.001565402258	none	0	1	0	0	0	0	0	0	0	0	0	0
4	61000161	492844	72.0	8.11615845988e-06	5.88421488341e-05	3.44936734545e-05	56.0	7.0	63.0	0.777777777778	38.1111111111	6.68284871885e-10	57.0	6.0	63.0	0.809523809524	41.2857142857	1.31526678437e-10	6.0	6.0	12.0	0.0	0	1	7.0	5.0	12.0	0.166666666667	0.333333333333	0.563702861651	na	1	0	0	0	0	0	0	0	0	0	0	0
4	61500000	493995	23.0	7.08509195437e-06	1.11337159283e-05	9.10940394134e-06	12.0	3.0	15.0	0.6	5.4	0.0201367515503	14.0	1.0	15.0	0.866666666667	11.2666666667	0.000789112989016	1.0	9.0	10.0	-0.8	6.4	0.011412036386	3.0	7.0	10.0	-0.4	1.6	0.205903210732	none	0	1	0	0	0	0	0	0	0	0	0	0
4	62000008	493610	69.0	1.51941816414e-05	5.06472721379e-05	3.49466177752e-05	31.0	22.0	53.0	0.169811320755	1.52830188679	0.216367480258	29.0	24.0	53.0	0.0943396226415	0.471698113208	0.492206992656	9.0	9.0	18.0	0.0	0	1	7.0	11.0	18.0	-0.222222222222	0.888888888889	0.345778586151	na	1	0	0	0	0	0	0	0	0	0	0	0
4	62500000	493048	61.0	2.73807012705e-05	3.14371014587e-05	3.04230014116e-05	19.0	13.0	32.0	0.1875	1.125	0.288844366346	20.0	12.0	32.0	0.25	2.0	0.15729920705	17.0	13.0	30.0	0.133333333333	0.533333333333	0.465208818452	18.0	12.0	30.0	0.2	1.2	0.273321678292	none	0	1	0	0	0	0	0	0	0	0	0	0
4	63000122	493152	75.0	2.1291609889e-05	4.96804230744e-05	3.75137888521e-05	29.0	23.0	52.0	0.115384615385	0.692307692308	0.405380556459	29.0	23.0	52.0	0.115384615385	0.692307692308	0.405380556459	18.0	7.0	25.0	0.44	4.84	0.027806895027	18.0	7.0	25.0	0.44	4.84	0.027806895027	none	0	1	0	0	0	0	0	0	0	0	0	0
4	63500269	493089	52.0	2.02803145071e-05	2.839244031e-05	2.43363774085e-05	21.0	11.0	32.0	0.3125	3.125	0.0770998717435	24.0	8.0	32.0	0.5	8.0	0.00467773498105	12.0	11.0	23.0	0.0434782608696	0.0434782608696	0.834827329185	15.0	8.0	23.0	0.304347826087	2.13043478261	0.144399792213	none	0	1	0	0	0	0	0	0	0	0	0	0
4	64000070	492960	33.0	8.11424862058e-06	2.1299902629e-05	1.47070756248e-05	18.0	6.0	24.0	0.5	6.0	0.0143058784354	19.0	5.0	24.0	0.583333333333	8.16666666667	0.00426672482218	5.0	5.0	10.0	0.0	0	1	6.0	4.0	10.0	0.2	0.4	0.527089256866	na	1	0	0	0	0	0	0	0	0	0	0	0
4	64500106	493579	17.0	0.0	1.51951359357e-05	7.59756796784e-06	16.0	1.0	17.0	0.882352941176	13.2352941176	0.000274726763808	16.0	1.0	17.0	0.882352941176	13.2352941176	0.000274726763808	1.0	1.0	2.0	0.0	0	1.0	1.0	1.0	2.0	0.0	0	1.0	na	1	0	0	0	0	0	0	0	0	0	0	0
4	65000230	493655	76.0	2.43084745419e-05	4.05141242366e-05	3.34241524952e-05	29.0	21.0	50.0	0.16	1.28	0.257899035292	25.0	25.0	50.0	0.0	0	1	22.0	12.0	34.0	0.294117647059	2.94117647059	0.0863478209837	18.0	16.0	34.0	0.0588235294118	0.117647058824	0.73160058896	na	1	0	0	0	0	0	0	0	0	0	0	0
4	65500014	493129	78.0	3.65016050567e-05	3.75155385305e-05	3.90364387412e-05	28.0	13.0	41.0	0.365853658537	5.48780487805	0.0191495715008	31.0	10.0	41.0	0.512195121951	10.756097561	0.00103936309913	22.0	18.0	40.0	0.1	0.4	0.527089256866	25.0	15.0	40.0	0.25	2.5	0.113846298007	none	0	1	0	0	0	0	0	0	0	0	0	0
4	66000004	493271	42.0	1.4190982239e-05	2.53410397125e-05	1.97660109757e-05	18.0	8.0	26.0	0.384615384615	3.84615384615	0.0498602037569	17.0	9.0	26.0	0.307692307692	2.46153846154	0.116664464781	14.0	3.0	17.0	0.647058823529	7.11764705882	0.00763288178779	13.0	4.0	17.0	0.529411764706	4.76470588235	0.0290490221619	none	0	1	0	0	0	0	0	0	0	0	0	0
4	66500193	492775	81.0	2.43518847344e-05	5.07330931967e-05	3.75424889656e-05	30.0	24.0	54.0	0.111111111111	0.666666666667	0.414216178243	30.0	24.0	54.0	0.111111111111	0.666666666667	0.414216178243	17.0	14.0	31.0	0.0967741935484	0.290322580645	0.590013887163	17.0	14.0	31.0	0.0967741935484	0.290322580645	0.590013887163	none	0	1	0	0	0	0	0	0	0	0	0	0
4	67000010	491975	62.0	2.23588596982e-05	3.65872249606e-05	3.15056659383e-05	27.0	13.0	40.0	0.35	4.9	0.0268566955075	27.0	13.0	40.0	0.35	4.9	0.0268566955075	18.0	6.0	24.0	0.5	6.0	0.0143058784354	18.0	6.0	24.0	0.5	6.0	0.0143058784354	none	0	1	0	0	0	0	0	0	0	0	0	0
4	67500454	493614	45.0	1.62069957497e-05	2.53234308589e-05	2.2791087773e-05	13.0	16.0	29.0	-0.103448275862	0.310344827586	0.577468662427	14.0	15.0	29.0	-0.0344827586207	0.0344827586207	0.852683684335	8.0	9.0	17.0	-0.0588235294118	0.0588235294118	0.808365155915	9.0	8.0	17.0	0.0588235294118	0.0588235294118	0.808365155915	none	0	1	0	0	0	0	0	0	0	0	0	0
4	68000052	492921	160.0	5.88329570053e-05	9.53499648017e-05	8.11489062142e-05	56.0	46.0	102.0	0.0980392156863	0.980392156863	0.322102008129	57.0	45.0	102.0	0.117647058824	1.41176470588	0.234763662828	23.0	40.0	63.0	-0.269841269841	4.5873015873	0.0322096856737	24.0	39.0	63.0	-0.238095238095	3.57142857143	0.0587817213554	none	0	1	0	0	0	0	0	0	0	0	0	0
4	68500135	493154	63.0	2.53470518337e-05	3.54858725672e-05	3.14303442738e-05	12.0	26.0	38.0	-0.368421052632	5.15789473684	0.0231409313087	11.0	27.0	38.0	-0.421052631579	6.73684210526	0.00944416568783	21.0	7.0	28.0	0.5	7.0	0.0081509715935	20.0	8.0	28.0	0.428571428571	5.14285714286	0.0233422020129	none	0	1	0	0	0	0	0	0	0	0	0	0
4	69000006	493009	30.0	9.12762241663e-06	1.92694251018e-05	1.41985237592e-05	11.0	10.0	21.0	0.047619047619	0.047619047619	0.827259346563	12.0	9.0	21.0	0.142857142857	0.428571428571	0.512690760262	6.0	4.0	10.0	0.2	0.4	0.527089256866	7.0	3.0	10.0	0.4	1.6	0.205903210732	none	0	1	0	0	0	0	0	0	0	0	0	0
4	69500110	493738	26.0	3.03804851966e-06	2.02536567977e-05	1.26585354986e-05	15.0	6.0	21.0	0.428571428571	3.85714285714	0.0495346134356	15.0	6.0	21.0	0.428571428571	3.85714285714	0.0495346134356	2.0	3.0	5.0	-0.2	0	1.0	2.0	3.0	5.0	-0.2	0	1.0	na	1	0	0	0	0	0	0	0	0	0	0	0
4	70000089	493754	59.0	1.92403504579e-05	4.0506000964e-05	3.18984757592e-05	33.0	7.0	40.0	0.65	16.9	3.94015827251e-05	33.0	7.0	40.0	0.65	16.9	3.94015827251e-05	11.0	8.0	19.0	0.157894736842	0.473684210526	0.491297124216	11.0	8.0	19.0	0.157894736842	0.473684210526	0.491297124216	123	0	0	0	0	0	0	0	0	0	0	1	0
4	70500024	492764	49.0	1.21762141715e-05	3.1455219943e-05	2.28304015715e-05	22.0	15.0	37.0	0.189189189189	1.32432432432	0.249817441836	22.0	15.0	37.0	0.189189189189	1.32432432432	0.249817441836	10.0	4.0	14.0	0.428571428571	2.57142857143	0.108809430041	10.0	4.0	14.0	0.428571428571	2.57142857143	0.108809430041	none	0	1	0	0	0	0	0	0	0	0	0	0
4	71000032	493206	54.0	1.52066276566e-05	3.64959063758e-05	2.58512670162e-05	26.0	13.0	39.0	0.333333333333	4.33333333333	0.0373729883407	29.0	10.0	39.0	0.487179487179	9.25641025641	0.00234672554388	7.0	11.0	18.0	-0.222222222222	0.888888888889	0.345778586151	10.0	8.0	18.0	0.111111111111	0.222222222222	0.637351888234	none	0	1	0	0	0	0	0	0	0	0	0	0
4	71500015	493232	73.0	2.23018782236e-05	4.56174781847e-05	3.39596782042e-05	26.0	23.0	49.0	0.0612244897959	0.183673469388	0.668235141795	25.0	24.0	49.0	0.0204081632653	0.0204081632653	0.886403006367	21.0	6.0	27.0	0.555555555556	8.33333333333	0.00389241712278	20.0	7.0	27.0	0.481481481481	6.25925925926	0.0123545850179	none	0	1	0	0	0	0	0	0	0	0	0	0
4	72000145	494170	4.0	2.02359511909e-06	1.01179755954e-06	1.51769633932e-06	0.0	1.0	1.0	-1.0	0	1.0	0.0	1.0	1.0	-1.0	0	1.0	3.0	0.0	3.0	1.0	0	1.0	3.0	0.0	3.0	1.0	0	1.0	na	1	0	0	0	0	0	0	0	0	0	0	0
4	72500119	493102	22.0	6.08393395281e-06	1.41958458899e-05	1.21678679056e-05	12.0	3.0	15.0	0.6	5.4	0.0201367515503	12.0	3.0	15.0	0.6	5.4	0.0201367515503	7.0	0.0	7.0	1.0	0	1.0	7.0	0.0	7.0	1.0	0	1.0	na	1	0	0	0	0	0	0	0	0	0	0	0
4	73000154	492389	51.0	1.32009447815e-05	3.35100905991e-05	2.43709749812e-05	34.0	4.0	38.0	0.789473684211	23.6842105263	1.13510010613e-06	30.0	8.0	38.0	0.578947368421	12.7368421053	0.000358522528753	10.0	7.0	17.0	0.176470588235	0.529411764706	0.466854270823	6.0	11.0	17.0	-0.294117647059	1.47058823529	0.225252906361	123	0	0	0	0	0	0	0	0	0	0	1	0
4	73500158	492896	40.0	1.92738427579e-05	1.82594299812e-05	2.0795461923e-05	15.0	5.0	20.0	0.5	5.0	0.0253473186775	15.0	5.0	20.0	0.5	5.0	0.0253473186775	13.0	7.0	20.0	0.3	1.8	0.179712494879	13.0	7.0	20.0	0.3	1.8	0.179712494879	none	0	1	0	0	0	0	0	0	0	0	0	0
4	74000129	492545	42.0	1.21816280746e-05	2.84237988407e-05	2.03027134577e-05	21.0	8.0	29.0	0.448275862069	5.8275862069	0.0157767563889	21.0	8.0	29.0	0.448275862069	5.8275862069	0.0157767563889	4.0	9.0	13.0	-0.384615384615	1.92307692308	0.165517858697	4.0	9.0	13.0	-0.384615384615	1.92307692308	0.165517858697	none	0	1	0	0	0	0	0	0	0	0	0	0
4	74500003	493028	49.0	1.82545413242e-05	2.8395953171e-05	2.33252472476e-05	20.0	10.0	30.0	0.333333333333	3.33333333333	0.0678891548618	22.0	8.0	30.0	0.466666666667	6.53333333333	0.0105871373341	12.0	9.0	21.0	0.142857142857	0.428571428571	0.512690760262	14.0	7.0	21.0	0.333333333333	2.33333333333	0.126630457948	none	0	1	0	0	0	0	0	0	0	0	0	0
4	75000028	493258	38.0	9.12301473063e-06	2.43280392817e-05	1.67255270062e-05	20.0	9.0	29.0	0.379310344828	4.1724137931	0.0410872245278	22.0	7.0	29.0	0.51724137931	7.75862068966	0.00534567687265	10.0	3.0	13.0	0.538461538462	3.76923076923	0.0522036353413	12.0	1.0	13.0	0.846153846154	9.30769230769	0.00228193725332	none	0	1	0	0	0	0	0	0	0	0	0	0
4	75500013	492633	53.0	6.08972602323e-06	4.4657990837e-05	2.53738584301e-05	36.0	10.0	46.0	0.565217391304	14.6956521739	0.000126337497299	34.0	12.0	46.0	0.478260869565	10.5217391304	0.00117978403788	5.0	4.0	9.0	0.111111111111	0	1.0	3.0	6.0	9.0	-0.333333333333	0	1.0	na	1	0	0	0	0	0	0	0	0	0	0	0
4	76000053	493560	43.0	9.117432531e-06	2.6339249534e-05	1.87413890915e-05	25.0	5.0	30.0	0.666666666667	13.3333333333	0.000260729632855	26.0	4.0	30.0	0.733333333333	16.1333333333	5.90357804959e-05	8.0	8.0	16.0	0.0	0	1	9.0	7.0	16.0	0.125	0.25	0.617075077452	na	1	0	0	0	0	0	0	0	0	0	0	0
4	76500173	493232	14.0	3.04116521231e-06	9.12349563694e-06	8.1097738995e-06	10.0	1.0	11.0	0.818181818182	7.36363636364	0.00665560548295	9.0	2.0	11.0	0.636363636364	4.45454545455	0.0348084788119	4.0	0.0	4.0	1.0	0	1.0	3.0	1.0	4.0	0.5	0	1.0	na	1	0	0	0	0	0	0	0	0	0	0	0
4	77000043	492830	30.0	1.01454862732e-05	1.52182294097e-05	1.47109550961e-05	14.0	3.0	17.0	0.647058823529	7.11764705882	0.00763288178779	13.0	4.0	17.0	0.529411764706	4.76470588235	0.0290490221619	13.0	1.0	14.0	0.857142857143	10.2857142857	0.00134064111723	12.0	2.0	14.0	0.714285714286	7.14285714286	0.00752631516646	31	0	0	0	0	0	0	1	0	0	0	0	0
4	77500158	492580	17.0	4.06025417191e-06	1.21807625157e-05	8.12050834382e-06	8.0	5.0	13.0	0.230769230769	0.692307692308	0.405380556459	7.0	6.0	13.0	0.0769230769231	0.0769230769231	0.781511294999	3.0	2.0	5.0	0.2	0	1.0	2.0	3.0	5.0	-0.2	0	1.0	na	1	0	0	0	0	0	0	0	0	0	0	0
4	78000022	492111	52.0	1.52404640416e-05	2.94648971472e-05	2.23526805944e-05	22.0	15.0	37.0	0.189189189189	1.32432432432	0.249817441836	22.0	15.0	37.0	0.189189189189	1.32432432432	0.249817441836	7.0	12.0	19.0	-0.263157894737	1.31578947368	0.25134910881	7.0	12.0	19.0	-0.263157894737	1.31578947368	0.25134910881	none	0	1	0	0	0	0	0	0	0	0	0	0
4	78500019	492224	15.0	1.01579768561e-06	1.42211675985e-05	7.61848264205e-06	13.0	1.0	14.0	0.857142857143	10.2857142857	0.00134064111723	13.0	1.0	14.0	0.857142857143	10.2857142857	0.00134064111723	1.0	0.0	1.0	1.0	0	1.0	1.0	0.0	1.0	1.0	0	1.0	na	1	0	0	0	0	0	0	0	0	0	0	0
4	79000008	492004	55.0	2.03250380078e-05	2.43900456094e-05	2.23575418086e-05	15.0	18.0	33.0	-0.0909090909091	0.272727272727	0.601508134441	14.0	19.0	33.0	-0.151515151515	0.757575757576	0.384088249474	18.0	11.0	29.0	0.241379310345	1.68965517241	0.193646431269	17.0	12.0	29.0	0.172413793103	0.862068965517	0.353160353316	none	0	1	0	0	0	0	0	0	0	0	0	0
4	79500095	492808	23.0	1.01459391893e-05	1.11605331082e-05	1.06532361488e-05	10.0	3.0	13.0	0.538461538462	3.76923076923	0.0522036353413	9.0	4.0	13.0	0.384615384615	1.92307692308	0.165517858697	9.0	2.0	11.0	0.636363636364	4.45454545455	0.0348084788119	8.0	3.0	11.0	0.454545454545	2.27272727273	0.131668016023	none	0	1	0	0	0	0	0	0	0	0	0	0
4	80000097	492719	129.0	5.07388592687e-05	7.30639573469e-05	6.49457398639e-05	35.0	44.0	79.0	-0.113924050633	1.0253164557	0.311261241734	39.0	40.0	79.0	-0.0126582278481	0.0126582278481	0.91042000051	27.0	27.0	54.0	0.0	0	1	31.0	23.0	54.0	0.148148148148	1.18518518519	0.276302917337	na	1	0	0	0	0	0	0	0	0	0	0	0
4	80500055	492116	34.0	7.11214429118e-06	2.54005153257e-05	1.72723504214e-05	21.0	6.0	27.0	0.555555555556	8.33333333333	0.00389241712278	19.0	8.0	27.0	0.407407407407	4.48148148148	0.0342640077349	6.0	3.0	9.0	0.333333333333	0	1.0	4.0	5.0	9.0	-0.111111111111	0	1.0	na	1	0	0	0	0	0	0	0	0	0	0	0
4	81000071	492566	19.0	1.01509239371e-05	8.12073914968e-06	1.01509239371e-05	6.0	3.0	9.0	0.333333333333	0	1.0	5.0	4.0	9.0	0.111111111111	0	1.0	7.0	4.0	11.0	0.272727272727	0.818181818182	0.365712296282	6.0	5.0	11.0	0.0909090909091	0.0909090909091	0.763024600553	na	1	0	0	0	0	0	0	0	0	0	0	0
4	81500107	492106	22.0	8.12833007523e-06	1.32085363722e-05	1.06684332237e-05	7.0	7.0	14.0	0.0	0	1	6.0	8.0	14.0	-0.142857142857	0.285714285714	0.592980098017	7.0	2.0	9.0	0.555555555556	0	1.0	6.0	3.0	9.0	0.333333333333	0	1.0	na	1	0	0	0	0	0	0	0	0	0	0	0
4	82000078	491914	35.0	1.72794431547e-05	1.62630053221e-05	1.67712242384e-05	8.0	9.0	17.0	-0.0588235294118	0.0588235294118	0.808365155915	7.0	10.0	17.0	-0.176470588235	0.529411764706	0.466854270823	9.0	10.0	19.0	-0.0526315789474	0.0526315789474	0.818545808382	8.0	11.0	19.0	-0.157894736842	0.473684210526	0.491297124216	none	0	1	0	0	0	0	0	0	0	0	0	0
4	82500016	491935	19.0	0.0	1.82950999624e-05	9.1475499812e-06	17.0	2.0	19.0	0.789473684211	11.8421052632	0.000579063217219	16.0	3.0	19.0	0.684210526316	8.89473684211	0.00285993820846	1.0	0.0	1.0	1.0	0	1.0	0.0	1.0	1.0	-1.0	0	1.0	na	1	0	0	0	0	0	0	0	0	0	0	0
4	83000002	492117	15.0	1.01601854843e-06	1.42242596781e-05	7.62013911326e-06	14.0	0.0	14.0	1.0	14.0	0.000182810632982	14.0	0.0	14.0	1.0	14.0	0.000182810632982	1.0	0.0	1.0	1.0	0	1.0	1.0	0.0	1.0	1.0	0	1.0	na	1	0	0	0	0	0	0	0	0	0	0	0
4	83500065	491660	27.0	9.15266647683e-06	1.52544441281e-05	1.22035553024e-05	11.0	7.0	18.0	0.222222222222	0.888888888889	0.345778586151	11.0	7.0	18.0	0.222222222222	0.888888888889	0.345778586151	8.0	3.0	11.0	0.454545454545	2.27272727273	0.131668016023	8.0	3.0	11.0	0.454545454545	2.27272727273	0.131668016023	none	0	1	0	0	0	0	0	0	0	0	0	0
4	84000151	491536	38.0	1.11894144071e-05	1.8309950848e-05	1.57669021191e-05	14.0	10.0	24.0	0.166666666667	0.666666666667	0.414216178243	15.0	9.0	24.0	0.25	1.5	0.22067136192	9.0	8.0	17.0	0.0588235294118	0.0588235294118	0.808365155915	10.0	7.0	17.0	0.176470588235	0.529411764706	0.466854270823	none	0	1	0	0	0	0	0	0	0	0	0	0
4	84500004	491590	67.0	2.33934783051e-05	3.66158790862e-05	3.20388942005e-05	31.0	12.0	43.0	0.441860465116	8.39534883721	0.00376182313279	32.0	11.0	43.0	0.488372093023	10.2558139535	0.00136254502278	15.0	12.0	27.0	0.111111111111	0.333333333333	0.563702861651	16.0	11.0	27.0	0.185185185185	0.925925925926	0.335923813152	123	0	0	0	0	0	0	0	0	0	0	1	0
4	85000007	491235	47.0	5.08921392002e-06	3.35888118721e-05	2.03568556801e-05	31.0	6.0	37.0	0.675675675676	16.8918918919	3.95702499234e-05	30.0	7.0	37.0	0.621621621622	14.2972972973	0.00015608882751	9.0	4.0	13.0	0.384615384615	1.92307692308	0.165517858697	8.0	5.0	13.0	0.230769230769	0.692307692308	0.405380556459	123	0	0	0	0	0	0	0	0	0	0	1	0
4	85500080	491617	28.0	4.06820756809e-06	2.13580897325e-05	1.37302005423e-05	15.0	8.0	23.0	0.304347826087	2.13043478261	0.144399792213	17.0	6.0	23.0	0.478260869565	5.26086956522	0.0218101191437	4.0	3.0	7.0	0.142857142857	0	1.0	6.0	1.0	7.0	0.714285714286	0	1.0	na	1	0	0	0	0	0	0	0	0	0	0	0
4	86000215	491949	17.0	4.06546207026e-06	1.11800206932e-05	7.62274138173e-06	7.0	6.0	13.0	0.0769230769231	0.0769230769231	0.781511294999	8.0	5.0	13.0	0.230769230769	0.692307692308	0.405380556459	2.0	3.0	5.0	-0.2	0	1.0	3.0	2.0	5.0	0.2	0	1.0	na	1	0	0	0	0	0	0	0	0	0	0	0
4	86500005	491632	7.0	1.01702086113e-06	5.08510430566e-06	4.06808344453e-06	2.0	4.0	6.0	-0.333333333333	0	1.0	1.0	5.0	6.0	-0.666666666667	0	1.0	1.0	1.0	2.0	0.0	0	1.0	0.0	2.0	2.0	-1.0	0	1.0	na	1	0	0	0	0	0	0	0	0	0	0	0
4	87000026	491519	14.0	1.01725467378e-06	1.32243107591e-05	7.12078271644e-06	11.0	2.0	13.0	0.692307692308	6.23076923077	0.012554918597	11.0	2.0	13.0	0.692307692308	6.23076923077	0.012554918597	1.0	0.0	1.0	1.0	0	1.0	1.0	0.0	1.0	1.0	0	1.0	na	1	0	0	0	0	0	0	0	0	0	0	0
4	87500066	491704	21.0	4.06748775686e-06	1.4236207149e-05	1.11855913314e-05	11.0	6.0	17.0	0.294117647059	1.47058823529	0.225252906361	13.0	4.0	17.0	0.529411764706	4.76470588235	0.0290490221619	4.0	2.0	6.0	0.333333333333	0	1.0	6.0	0.0	6.0	1.0	0	1.0	na	1	0	0	0	0	0	0	0	0	0	0	0
4	88000130	491053	38.0	9.16398026282e-06	2.13826206133e-05	1.62915204672e-05	19.0	10.0	29.0	0.310344827586	2.79310344828	0.0946707198455	14.0	15.0	29.0	-0.0344827586207	0.0344827586207	0.852683684335	9.0	7.0	16.0	0.125	0.25	0.617075077452	4.0	12.0	16.0	-0.5	4.0	0.0455002638964	none	0	1	0	0	0	0	0	0	0	0	0	0
4	88276594	271770	12.0	0.0	1.83979099974e-05	1.10387459985e-05	9.0	3.0	12.0	0.5	3.0	0.0832645166636	8.0	4.0	12.0	0.333333333333	1.33333333333	0.24821307899	1.0	0.0	1.0	1.0	0	1.0	0.0	1.0	1.0	-1.0	0	1.0	na	1	0	0	0	0	0	0	0	0	0	0	0
