#chrom	pos	AAAAA	AAABA	AABAA	AABBA	ABAAA	ABABA	ABBAA	ABBBA	BAAAA	BAABA	BABAA	BABBA	BBAAA	BBABA	BBBAA	BBBBA
31	500039	489680	68	48	5	50	4	5	7	41	4	3	2	3	6	11	55
31	1000149	492615	47	36	1	35	1	2	2	28	2	2	5	2	1	2	40
31	1500023	493054	20	12	1	22	0	1	1	9	1	0	2	1	0	1	25
31	2000062	493263	39	16	1	15	0	0	0	7	0	0	0	0	0	1	20
31	2500131	493175	33	27	1	35	1	0	3	26	3	4	4	2	5	4	45
31	3000052	493617	34	16	0	18	1	1	0	1	0	1	2	3	0	1	19
31	3500036	492930	46	47	1	49	3	4	1	30	4	1	0	6	1	8	31
31	4000037	493115	21	18	0	15	1	1	0	8	1	0	1	1	0	1	10
31	4500318	493313	16	10	0	8	1	1	0	4	0	2	0	4	1	2	9
31	5000006	492974	46	36	0	21	2	1	2	14	0	2	1	2	0	1	24
31	5500001	493447	22	14	0	6	0	0	0	2	0	0	0	0	0	2	7
31	6000030	493218	23	14	3	16	1	1	0	11	0	1	0	0	0	0	8
31	6500137	493339	28	5	0	6	0	1	0	2	0	1	0	1	1	1	7
31	7000020	492436	22	15	0	14	0	2	0	13	0	1	2	0	0	0	14
31	7500060	492467	39	19	1	7	0	2	3	12	0	6	2	0	3	0	12
31	8000016	493195	18	13	1	5	0	0	0	4	1	0	2	0	0	1	5
31	8500054	493383	31	9	0	4	0	0	0	8	0	0	0	0	0	1	3
31	9000018	493024	15	2	0	2	0	0	0	2	1	0	0	0	0	0	2
31	9500076	493508	15	5	0	3	0	2	0	9	0	0	1	0	0	0	5
31	10000005	493895	10	3	0	0	0	1	0	1	0	1	0	0	0	0	7
31	10500077	493325	8	2	0	5	1	0	2	0	0	0	1	0	0	0	3
31	11000052	492867	26	16	0	4	1	0	1	7	0	2	0	0	1	0	21
31	11500058	493112	42	17	1	15	1	2	2	10	1	2	0	2	0	1	8
31	12000142	494448	0	1	0	1	0	0	0	3	0	0	0	0	0	0	1
31	12500106	493346	11	7	1	5	0	0	0	5	0	1	0	0	1	0	9
31	13000015	493288	26	9	1	13	1	0	0	5	0	1	1	1	2	0	5
31	13500079	493885	18	9	1	15	0	1	1	6	0	1	1	0	1	0	15
31	14000070	493414	22	6	0	3	0	0	0	1	0	1	0	0	0	0	0
31	14500063	492795	13	13	0	10	1	0	0	4	0	1	1	0	0	2	7
31	15000024	492472	24	16	3	17	0	1	0	6	2	1	1	1	1	0	16
31	15500016	492553	41	27	0	24	1	1	3	22	0	4	1	1	1	5	35
31	16000015	492478	10	6	0	4	1	0	2	3	2	1	0	0	1	0	3
31	16500112	492331	31	12	0	15	3	2	1	11	0	3	0	2	0	6	8
31	17000005	492614	34	9	0	8	2	0	1	8	0	0	1	1	0	0	4
31	17500087	492903	11	10	1	18	0	0	1	5	0	0	0	1	1	0	11
31	18000002	492493	7	0	1	5	0	0	0	0	0	0	0	0	0	0	1
31	18500209	491835	44	38	1	32	1	3	1	21	2	5	1	1	2	1	42
31	19000014	491700	26	12	0	18	1	0	1	11	0	0	5	1	1	0	10
31	19500066	492256	27	5	1	12	2	1	1	5	0	1	0	1	3	1	4
31	20000047	491661	13	5	0	13	1	0	3	14	3	0	1	0	0	0	9
31	20500051	491950	6	5	1	5	0	1	0	2	0	0	0	0	0	1	2
31	21000013	492017	33	9	1	10	0	0	0	14	0	0	0	1	0	0	2
31	21500029	492716	17	8	0	11	0	0	0	4	0	0	0	0	0	0	3
31	22000076	492642	15	21	0	15	3	0	0	9	0	3	0	2	3	1	5
31	22500010	492711	21	7	1	15	1	0	1	4	0	0	0	0	0	0	10
31	23000110	493102	8	4	0	4	0	0	0	8	0	1	0	0	1	0	5
31	23500097	492526	16	3	0	6	0	0	0	0	0	0	1	0	0	1	4
31	24000116	493076	14	9	0	4	0	0	0	3	0	0	0	0	0	1	12
31	24500007	492589	10	1	1	4	2	0	0	3	0	1	0	0	0	0	8
31	25000028	492684	15	1	0	9	1	0	1	3	1	0	2	0	1	0	3
31	25500081	492649	34	2	0	5	1	0	0	0	0	0	0	0	0	2	6
31	26000055	492218	14	16	3	28	0	1	1	16	0	0	0	1	3	0	21
31	26500096	492050	11	4	0	8	0	1	0	2	3	0	0	2	0	0	1
31	27000132	492404	3	3	0	7	0	0	0	5	2	0	0	2	0	0	2
31	27500289	492545	12	18	0	10	1	2	1	6	0	1	0	4	2	0	11
31	28000036	492084	1	1	0	2	0	0	0	0	0	0	0	0	0	0	1
31	28500035	492588	0	0	0	0	0	0	0	0	0	0	0	0	0	0	0
31	29192353	690212	0	2	0	1	0	0	0	1	0	1	0	0	0	0	1
31	29544474	352119	0	0	0	0	0	0	0	0	0	0	0	0	0	0	0
31	30000016	448903	4	1	0	1	0	0	0	0	0	0	0	0	0	0	1
31	30500028	492192	12	1	0	4	0	1	0	0	0	1	0	0	0	0	6
31	31000030	492528	18	1	0	3	0	0	0	1	0	1	0	1	0	0	0
31	31500019	492343	19	5	0	4	0	3	0	4	0	0	1	1	0	2	8
31	32000050	492312	11	9	0	11	0	0	0	2	0	0	1	0	0	0	2
31	32500002	492821	14	2	0	3	0	0	0	0	1	0	2	0	1	1	15
31	33000018	493192	15	7	2	7	0	0	0	0	0	0	0	0	0	2	2
31	33500070	492836	22	18	1	8	0	0	0	9	0	0	0	0	1	1	12
31	34000004	492232	22	13	0	10	0	0	0	0	0	0	1	2	0	0	5
31	34500004	491943	19	18	0	10	1	0	2	4	1	1	2	1	1	1	11
31	35000004	491811	2	4	3	6	0	0	1	3	0	0	0	0	0	1	3
31	35500016	491520	13	9	0	11	0	5	0	2	1	0	0	1	0	0	10
31	36000006	490407	41	34	3	31	1	6	2	24	1	3	0	0	2	4	19
31	36500089	490094	8	8	0	5	0	0	0	0	0	0	0	0	1	0	4
31	37000125	489383	23	28	1	21	0	2	2	8	2	0	2	1	0	0	13
31	37500027	490582	29	6	0	3	1	0	0	1	0	0	0	0	0	0	4
31	38001018	492979	20	5	0	2	0	0	0	6	0	1	0	0	0	0	8
31	38500044	488786	9	1	0	1	0	0	0	0	0	0	0	0	0	0	1
31	39000115	490508	15	7	0	5	1	1	0	1	0	0	0	0	0	1	5
31	39500000	490702	17	2	0	1	0	0	0	0	1	1	0	0	0	0	1
31	39895887	389579	24	8	2	3	1	1	1	5	2	1	1	1	0	1	3
