#chrom	pos	AAAAA	AAABA	AABAA	AABBA	ABAAA	ABABA	ABBAA	ABBBA	BAAAA	BAABA	BABAA	BABBA	BBAAA	BBABA	BBBAA	BBBBA
16	500370	487807	69	36	2	28	3	7	4	34	2	4	4	2	5	6	38
16	1000017	491049	16	8	0	7	1	0	0	1	1	2	2	1	0	1	9
16	1500004	491046	12	3	0	4	0	1	1	2	0	2	0	0	0	0	2
16	2000004	489242	52	19	1	25	3	2	2	9	1	1	2	2	0	3	38
16	2500023	492968	4	5	0	2	0	2	0	3	0	0	0	0	0	1	4
16	3000142	493265	24	14	1	6	1	1	0	1	0	0	0	0	0	2	6
16	3500016	492883	21	9	1	10	1	1	0	7	1	0	0	3	1	2	15
16	4000172	493573	2	0	0	2	0	0	0	0	0	0	0	1	0	0	2
16	4500059	493434	26	12	1	10	1	1	2	8	1	0	0	1	0	1	7
16	5000112	493343	14	5	0	7	0	0	0	3	0	2	0	0	0	1	7
16	5500092	493329	18	18	1	15	0	0	0	12	1	0	2	0	2	1	9
16	6000237	492842	34	39	2	26	2	0	3	17	1	2	0	0	1	2	25
16	6500204	493016	16	4	0	1	0	0	0	0	0	0	0	1	0	0	0
16	7000048	492770	10	5	0	2	0	0	0	2	0	0	0	2	0	0	6
16	7500080	493046	19	6	1	11	0	0	0	8	0	1	0	0	0	1	14
16	8000030	492470	4	2	0	1	0	1	0	0	0	0	0	0	0	0	1
16	8500114	492709	49	6	1	8	5	1	1	8	0	2	0	2	0	5	17
16	9000187	493195	14	7	0	3	0	3	0	2	0	0	0	0	0	0	1
16	9500009	493368	10	1	2	2	0	0	2	0	0	0	0	0	0	0	6
16	10000003	493070	30	4	0	1	0	0	1	3	0	0	0	1	0	2	5
16	10500016	489450	23	10	1	8	0	2	1	11	2	1	3	0	3	0	7
16	11000133	491182	9	16	1	15	1	0	1	13	0	0	1	0	1	1	16
16	11500242	493270	14	6	0	2	0	0	0	0	0	0	0	0	0	1	4
16	12000125	492894	17	12	1	14	0	2	0	9	0	1	2	1	0	0	6
16	12500001	492313	33	32	1	15	1	3	2	17	1	1	1	2	1	1	18
16	13000040	493336	19	6	0	6	0	0	0	1	2	0	0	0	0	0	3
16	13500005	492539	30	21	1	16	1	1	0	11	1	0	2	2	0	1	12
16	14000029	488352	66	22	0	30	3	1	1	13	0	1	1	1	3	3	17
16	14500096	492080	32	17	1	16	0	0	3	11	1	1	1	0	0	1	17
16	15000037	492560	18	6	0	2	0	0	0	3	0	2	0	1	0	0	0
16	15500194	493238	29	7	0	3	0	2	0	4	0	0	0	0	1	1	5
16	16000017	492601	10	4	0	1	0	0	0	1	0	0	0	0	0	0	7
16	16500294	493311	23	9	1	3	0	0	0	0	0	0	0	0	0	0	1
16	17000120	491665	28	17	0	18	1	1	1	17	0	1	1	0	0	0	25
16	17500151	491824	24	13	0	9	0	0	1	4	0	0	0	0	0	0	8
16	18000034	491879	19	21	0	13	0	2	0	13	0	1	1	0	2	0	7
16	18500060	492161	10	1	0	11	0	3	1	3	0	0	0	0	0	0	4
16	19000070	492412	7	3	1	9	1	0	1	1	0	0	0	1	1	0	8
16	19500061	492519	27	6	1	10	0	0	1	6	1	0	0	0	1	1	11
16	20000068	492145	6	5	1	3	1	1	0	0	2	1	0	0	2	1	8
16	20500005	490983	18	15	1	20	1	0	1	9	1	0	0	0	1	0	24
16	21000034	491569	60	17	6	21	2	2	2	19	0	0	0	1	1	0	25
16	21500073	490897	79	55	2	59	4	0	2	25	2	6	3	2	3	5	56
16	22000204	493343	28	22	1	23	0	0	0	12	1	4	0	2	0	1	30
16	22500370	492843	33	15	0	16	1	1	1	13	1	1	1	0	1	1	28
16	23000097	492044	67	27	0	32	1	4	2	20	2	2	2	2	4	3	25
16	23500164	493225	40	17	0	18	0	0	1	8	0	2	2	0	1	0	22
16	24000073	492709	17	3	0	6	0	0	0	5	0	0	0	0	0	1	4
16	24500066	492862	24	9	0	15	0	2	0	5	0	3	1	0	0	1	5
16	25000021	493023	12	3	0	3	0	1	1	0	0	0	0	0	1	0	9
16	25500015	492378	27	14	3	11	1	0	4	11	1	1	0	2	1	1	11
16	26000121	493281	37	8	4	8	0	0	0	3	1	0	0	0	0	0	5
16	26500001	493135	41	27	2	40	3	5	1	29	0	1	0	5	1	2	30
16	27000441	493806	15	5	1	3	0	0	0	0	0	0	0	0	1	0	10
16	27500114	493510	40	6	0	5	1	0	0	4	0	1	0	0	3	1	3
16	28000211	493380	14	3	0	7	0	0	0	1	0	0	0	1	1	0	1
16	28500282	492626	3	4	0	4	0	0	0	5	2	1	0	1	0	1	5
16	29000082	491900	35	21	0	24	1	1	1	15	1	1	1	1	1	1	21
16	29500004	492779	13	3	0	8	2	1	0	2	0	0	1	0	0	0	1
16	30000208	493184	32	15	0	12	3	0	1	5	2	1	1	0	1	0	19
16	30500029	491842	40	13	1	18	1	2	0	10	2	1	1	1	1	0	24
16	31000153	492884	17	5	1	7	1	0	0	2	0	1	0	0	0	0	6
16	31500365	492979	26	13	0	8	0	0	0	5	0	0	0	0	2	0	4
16	32000086	492816	20	8	2	4	0	0	1	1	0	0	1	1	0	0	10
16	32500010	493303	0	2	0	1	0	0	0	0	0	0	0	0	0	0	0
16	33000056	493166	31	24	1	31	1	0	1	14	0	2	0	1	1	1	22
16	33500003	493392	23	6	0	8	2	0	2	6	1	0	0	0	0	0	4
16	34000127	492703	28	13	2	12	0	1	1	8	0	0	0	0	0	0	10
16	34500006	492419	28	9	2	5	0	0	1	5	0	0	0	0	0	1	6
16	35000029	493012	10	3	0	1	0	0	0	0	0	0	0	1	0	1	4
16	35500037	492617	14	1	0	0	0	0	0	0	0	0	0	0	0	0	2
16	36000016	492644	13	3	1	4	0	0	0	2	0	0	0	0	0	0	0
16	36500065	492282	7	6	0	13	0	0	1	1	0	0	0	0	0	1	10
16	37000001	493278	19	10	2	8	1	0	1	4	0	0	1	1	2	1	10
16	37500059	492678	7	10	3	7	0	1	0	2	0	1	0	2	0	0	7
16	38000029	493135	9	4	0	3	1	0	0	3	0	1	0	1	0	0	4
16	38500113	493316	39	10	0	9	0	0	1	6	0	0	0	0	0	1	10
16	39000366	493405	37	22	1	10	1	1	3	4	1	0	0	0	0	0	5
16	39500115	492688	24	38	1	31	2	4	0	14	2	0	2	0	0	1	24
16	40000104	493189	23	19	1	23	0	0	2	14	0	1	0	0	1	1	13
16	40500227	493194	26	18	0	37	1	1	1	17	1	2	0	1	1	2	17
16	41000010	493105	16	2	0	7	0	0	0	2	1	0	0	0	0	0	6
16	41500038	493231	10	3	0	2	1	0	0	2	0	0	0	0	0	0	1
16	42000022	493092	25	3	0	6	0	0	0	2	0	0	2	0	2	0	4
16	42500010	493261	10	2	0	1	1	0	3	2	0	0	1	0	0	1	3
16	43000060	493141	12	13	2	7	1	1	0	4	0	0	1	3	0	0	11
16	43500120	493231	36	13	2	8	0	0	0	8	0	1	0	0	1	1	17
16	44000018	492836	8	4	1	2	2	0	0	0	0	0	0	1	1	0	4
16	44500037	492824	11	10	0	8	0	0	2	0	0	0	0	1	0	1	9
16	45000048	492718	30	4	0	6	0	0	3	2	0	0	0	1	1	0	4
16	45500135	493231	35	2	0	4	0	0	0	1	0	0	0	0	0	0	1
16	46000028	492432	14	4	0	2	0	0	0	1	0	0	0	0	0	2	2
16	46500033	492615	8	3	0	0	0	0	0	0	0	0	0	0	0	0	7
16	47000106	492748	25	7	0	6	0	0	0	3	0	0	0	0	0	0	13
16	47500189	492081	16	5	0	6	0	0	0	4	1	3	1	2	1	0	9
16	48000201	492284	24	4	0	3	1	0	0	2	0	0	0	0	0	0	4
16	48500024	492654	7	3	0	1	0	1	0	2	0	0	0	0	0	0	4
16	49000239	492772	17	1	0	8	0	1	0	4	0	0	0	0	0	0	4
16	49500079	492200	8	0	0	1	0	0	0	0	0	0	0	0	0	1	1
16	50000092	492520	9	9	0	3	0	0	0	2	0	0	0	0	3	0	7
16	50500103	491872	2	4	0	1	0	0	0	0	0	0	0	0	0	0	0
16	51000221	491018	20	19	1	13	0	2	0	8	0	0	2	2	0	3	19
16	51500001	491435	35	35	1	22	2	0	1	7	1	1	0	1	0	0	20
16	52000021	491847	15	8	0	13	0	1	0	11	1	2	0	1	0	2	8
16	52500079	491380	6	4	1	5	0	1	2	3	1	1	0	1	1	1	8
16	53000030	492301	24	13	1	7	2	0	1	3	4	0	0	3	1	0	3
16	53500060	492626	6	6	0	3	0	0	0	6	0	1	0	0	0	0	8
16	54000111	492197	12	10	3	7	0	0	0	5	0	0	0	1	1	0	7
16	54500044	487631	11	10	1	18	2	1	0	5	1	2	0	0	0	0	14
16	55000009	488628	22	8	2	4	1	1	0	5	0	1	0	0	3	0	6
16	55500009	488268	11	2	1	4	1	0	1	2	0	1	0	0	0	0	5
16	56000024	490187	13	5	0	2	0	1	1	1	0	0	0	2	0	4	6
16	56500046	490769	13	5	3	3	1	0	2	6	0	0	3	0	1	0	3
16	57000195	491399	6	3	0	3	0	0	0	0	0	0	1	0	0	0	2
16	57500122	491699	11	5	1	1	0	0	0	1	0	0	0	1	0	0	1
16	58000017	491022	5	1	0	2	0	0	0	0	0	0	0	0	0	1	0
16	58500020	491341	27	4	3	5	1	0	0	8	0	1	1	0	0	0	0
16	59000111	491154	23	9	0	10	0	1	0	5	2	0	0	2	0	0	15
16	59500054	489840	22	11	2	4	0	1	2	5	0	0	0	1	0	0	8
16	59632005	129477	0	0	0	2	0	0	0	0	0	0	1	0	0	0	1
