#chrom	coord	total	dtotal	T12	T34	T1234	DFO_left	DFO_right	DFO_total	DFO_stat	DFO_chisq	DFO_Pvalue	DIL_left	DIL_right	DIL_total	DIL_stat	DIL_chisq	DIL_Pvalue	DFI_left	DFI_right	DFI_total	DFI_stat	DFI_chisq	DFI_Pvalue	DOL_left	DOL_right	DOL_total	DOL_stat	DOL_chisq	DOL_Pvalue	introgression	introgna	intrognone	introg13	introg14	introg23	introg24	introg31	introg41	introg32	introg42	introg123	introg124
28	500007	491451	182.0	6.20611210477e-05	0.000107843915263	8.80047044365e-05	79.0	36.0	115.0	0.373913043478	16.0782608696	6.07777463563e-05	76.0	39.0	115.0	0.321739130435	11.9043478261	0.000560030726724	50.0	22.0	72.0	0.388888888889	10.8888888889	0.000967428450248	47.0	25.0	72.0	0.305555555556	6.72222222222	0.0095218911841	none	0	1	0	0	0	0	0	0	0	0	0	0
28	1000027	493695	78.0	1.21532525142e-05	5.46896363139e-05	3.64597575426e-05	45.0	19.0	64.0	0.40625	10.5625	0.00115405008478	40.0	24.0	64.0	0.25	4.0	0.0455002638964	15.0	4.0	19.0	0.578947368421	6.36842105263	0.0116168914342	10.0	9.0	19.0	0.0526315789474	0.0526315789474	0.818545808382	none	0	1	0	0	0	0	0	0	0	0	0	0
28	1500009	493601	57.0	1.62074225944e-05	3.64667008373e-05	2.7350025628e-05	27.0	14.0	41.0	0.317073170732	4.12195121951	0.0423302291214	26.0	15.0	41.0	0.268292682927	2.9512195122	0.0858127806506	11.0	6.0	17.0	0.294117647059	1.47058823529	0.225252906361	10.0	7.0	17.0	0.176470588235	0.529411764706	0.466854270823	none	0	1	0	0	0	0	0	0	0	0	0	0
28	2000102	493956	81.0	2.12569540607e-05	5.46607390132e-05	3.89710824446e-05	51.0	7.0	58.0	0.758620689655	33.3793103448	7.58263596357e-09	50.0	8.0	58.0	0.724137931034	30.4137931034	3.49037504455e-08	15.0	9.0	24.0	0.25	1.5	0.22067136192	14.0	10.0	24.0	0.166666666667	0.666666666667	0.414216178243	123	0	0	0	0	0	0	0	0	0	0	1	0
28	2500010	492523	208.0	7.10626711849e-05	0.000120806541014	0.000102025692201	81.0	55.0	136.0	0.191176470588	4.97058823529	0.0257818777775	81.0	55.0	136.0	0.191176470588	4.97058823529	0.0257818777775	48.0	32.0	80.0	0.2	3.2	0.0736382701203	48.0	32.0	80.0	0.2	3.2	0.0736382701203	none	0	1	0	0	0	0	0	0	0	0	0	0
28	3000148	492611	39.0	8.1199973204e-06	3.04499899515e-05	1.9284993636e-05	24.0	7.0	31.0	0.548387096774	9.32258064516	0.00226346981204	24.0	7.0	31.0	0.548387096774	9.32258064516	0.00226346981204	8.0	0.0	8.0	1.0	0	1.0	8.0	0.0	8.0	1.0	0	1.0	na	1	0	0	0	0	0	0	0	0	0	0	0
28	3500011	492896	90.0	2.43459066416e-05	5.47782899435e-05	3.95620982925e-05	40.0	26.0	66.0	0.212121212121	2.9696969697	0.0848377447966	41.0	25.0	66.0	0.242424242424	3.87878787879	0.0488998492219	20.0	13.0	33.0	0.212121212121	1.48484848485	0.223017469947	21.0	12.0	33.0	0.272727272727	2.45454545455	0.117185087198	none	0	1	0	0	0	0	0	0	0	0	0	0
28	4000067	493310	117.0	2.6352597758e-05	8.10849161785e-05	6.08136871339e-05	53.0	35.0	88.0	0.204545454545	3.68181818182	0.0550088336293	53.0	35.0	88.0	0.204545454545	3.68181818182	0.0550088336293	17.0	16.0	33.0	0.030303030303	0.030303030303	0.861804433049	17.0	16.0	33.0	0.030303030303	0.030303030303	0.861804433049	none	0	1	0	0	0	0	0	0	0	0	0	0
28	4500064	492451	76.0	3.24905422062e-05	3.6551859982e-05	3.45212010941e-05	20.0	21.0	41.0	-0.0243902439024	0.0243902439024	0.875896057923	22.0	19.0	41.0	0.0731707317073	0.219512195122	0.639411852803	24.0	13.0	37.0	0.297297297297	3.27027027027	0.0705460004569	26.0	11.0	37.0	0.405405405405	6.08108108108	0.0136637128682	none	0	1	0	0	0	0	0	0	0	0	0	0
28	5000313	493060	116.0	3.44785624468e-05	7.19993509918e-05	5.32389567193e-05	44.0	37.0	81.0	0.0864197530864	0.604938271605	0.436700030723	40.0	41.0	81.0	-0.0123456790123	0.0123456790123	0.911528237909	23.0	18.0	41.0	0.121951219512	0.609756097561	0.434879658496	19.0	22.0	41.0	-0.0731707317073	0.219512195122	0.639411852803	none	0	1	0	0	0	0	0	0	0	0	0	0
28	5500055	492600	241.0	8.72919204222e-05	0.000130937880633	0.000116220056841	73.0	77.0	150.0	-0.0266666666667	0.106666666667	0.743971478075	79.0	71.0	150.0	0.0533333333333	0.426666666667	0.513629113393	54.0	49.0	103.0	0.0485436893204	0.242718446602	0.622249566954	60.0	43.0	103.0	0.165048543689	2.80582524272	0.0939225046117	none	0	1	0	0	0	0	0	0	0	0	0	0
28	6000036	493293	44.0	1.21631565824e-05	2.63535059285e-05	1.92583312555e-05	17.0	13.0	30.0	0.133333333333	0.533333333333	0.465208818452	15.0	15.0	30.0	0.0	0	1	9.0	9.0	18.0	0.0	0	1	7.0	11.0	18.0	-0.222222222222	0.888888888889	0.345778586151	na	1	0	0	0	0	0	0	0	0	0	0	0
28	6500109	493954	53.0	1.61958400985e-05	3.13794401908e-05	2.37876401446e-05	28.0	9.0	37.0	0.513513513514	9.75675675676	0.00178664827337	31.0	6.0	37.0	0.675675675676	16.8918918919	3.95702499234e-05	12.0	9.0	21.0	0.142857142857	0.428571428571	0.512690760262	15.0	6.0	21.0	0.428571428571	3.85714285714	0.0495346134356	123	0	0	0	0	0	0	0	0	0	0	1	0
28	7000024	493572	77.0	1.41823280089e-05	5.57162886063e-05	3.6975355166e-05	46.0	17.0	63.0	0.460317460317	13.3492063492	0.00025853201424	46.0	17.0	63.0	0.460317460317	13.3492063492	0.00025853201424	10.0	6.0	16.0	0.25	1.0	0.317310507863	10.0	6.0	16.0	0.25	1.0	0.317310507863	123	0	0	0	0	0	0	0	0	0	0	1	0
28	7500051	493000	52.0	9.12778904665e-06	4.15821501014e-05	2.6369168357e-05	34.0	8.0	42.0	0.619047619048	16.0952380952	6.02353074229e-05	33.0	9.0	42.0	0.571428571429	13.7142857143	0.000212829419014	7.0	4.0	11.0	0.272727272727	0.818181818182	0.365712296282	6.0	5.0	11.0	0.0909090909091	0.0909090909091	0.763024600553	123	0	0	0	0	0	0	0	0	0	0	1	0
28	8000150	492932	39.0	7.10037084223e-06	3.14444994441e-05	2.33297899102e-05	17.0	15.0	32.0	0.0625	0.125	0.723673609832	18.0	14.0	32.0	0.125	0.5	0.479500122187	5.0	3.0	8.0	0.25	0	1.0	6.0	2.0	8.0	0.5	0	1.0	na	1	0	0	0	0	0	0	0	0	0	0	0
28	8500033	492637	108.0	2.63885985015e-05	6.90163345425e-05	5.07473048106e-05	39.0	40.0	79.0	-0.0126582278481	0.0126582278481	0.91042000051	39.0	40.0	79.0	-0.0126582278481	0.0126582278481	0.91042000051	14.0	17.0	31.0	-0.0967741935484	0.290322580645	0.590013887163	14.0	17.0	31.0	-0.0967741935484	0.290322580645	0.590013887163	none	0	1	0	0	0	0	0	0	0	0	0	0
28	9000242	492945	66.0	9.12880747345e-06	5.47728448407e-05	3.29651380986e-05	48.0	8.0	56.0	0.714285714286	28.5714285714	9.03048867906e-08	47.0	9.0	56.0	0.678571428571	25.7857142857	3.81501767288e-07	6.0	5.0	11.0	0.0909090909091	0.0909090909091	0.763024600553	5.0	6.0	11.0	-0.0909090909091	0.0909090909091	0.763024600553	123	0	0	0	0	0	0	0	0	0	0	1	0
28	9500023	492332	67.0	2.94516708238e-05	3.24983953917e-05	3.09750331077e-05	21.0	16.0	37.0	0.135135135135	0.675675675676	0.411079778723	17.0	20.0	37.0	-0.0810810810811	0.243243243243	0.621873424331	20.0	14.0	34.0	0.176470588235	1.05882352941	0.303483664025	16.0	18.0	34.0	-0.0588235294118	0.117647058824	0.73160058896	none	0	1	0	0	0	0	0	0	0	0	0	0
28	10000022	493385	47.0	7.09385165743e-06	3.64826656668e-05	2.38150734214e-05	35.0	3.0	38.0	0.842105263158	26.9473684211	2.09071611912e-07	35.0	3.0	38.0	0.842105263158	26.9473684211	2.09071611912e-07	7.0	4.0	11.0	0.272727272727	0.818181818182	0.365712296282	7.0	4.0	11.0	0.272727272727	0.818181818182	0.365712296282	123	0	0	0	0	0	0	0	0	0	0	1	0
28	10500007	492929	35.0	6.08606919049e-06	2.84016562223e-05	1.72438627064e-05	22.0	6.0	28.0	0.571428571429	9.14285714286	0.00249690891514	22.0	6.0	28.0	0.571428571429	9.14285714286	0.00249690891514	5.0	2.0	7.0	0.428571428571	0	1.0	5.0	2.0	7.0	0.428571428571	0	1.0	na	1	0	0	0	0	0	0	0	0	0	0	0
28	11000477	493513	38.0	1.01314453723e-05	2.63417579679e-05	1.82366016701e-05	24.0	3.0	27.0	0.777777777778	16.3333333333	5.31212815941e-05	23.0	4.0	27.0	0.703703703704	13.3703703704	0.000255630867837	7.0	5.0	12.0	0.166666666667	0.333333333333	0.563702861651	6.0	6.0	12.0	0.0	0	1	na	1	0	0	0	0	0	0	0	0	0	0	0
28	11500051	492946	2.0	0.0	0.0	0.0	0.0	2.0	2.0	-1.0	0	1.0	0.0	2.0	2.0	-1.0	0	1.0	0.0	0.0	0.0	0	0	1.0	0.0	0.0	0.0	0	0	1.0	na	1	0	0	0	0	0	0	0	0	0	0	0
28	12000057	493128	44.0	1.52090329488e-05	2.53483882481e-05	2.12926461284e-05	14.0	13.0	27.0	0.037037037037	0.037037037037	0.847389659687	13.0	14.0	27.0	-0.037037037037	0.037037037037	0.847389659687	12.0	6.0	18.0	0.333333333333	2.0	0.15729920705	11.0	7.0	18.0	0.222222222222	0.888888888889	0.345778586151	none	0	1	0	0	0	0	0	0	0	0	0	0
28	12500034	493524	67.0	1.92493171558e-05	4.15380001783e-05	3.44461464893e-05	29.0	18.0	47.0	0.234042553191	2.57446808511	0.108600601382	29.0	18.0	47.0	0.234042553191	2.57446808511	0.108600601382	16.0	6.0	22.0	0.454545454545	4.54545454545	0.0330062576612	16.0	6.0	22.0	0.454545454545	4.54545454545	0.0330062576612	none	0	1	0	0	0	0	0	0	0	0	0	0
28	13000020	493067	104.0	3.85343168373e-05	5.78014752559e-05	5.01960179854e-05	38.0	28.0	66.0	0.151515151515	1.51515151515	0.218354690566	39.0	27.0	66.0	0.181818181818	2.18181818182	0.13964939861	23.0	20.0	43.0	0.0697674418605	0.209302325581	0.647314784389	24.0	19.0	43.0	0.116279069767	0.581395348837	0.445765907915	none	0	1	0	0	0	0	0	0	0	0	0	0
28	13500128	493671	4.0	1.01282027909e-06	3.03846083728e-06	2.02564055819e-06	3.0	0.0	3.0	1.0	0	1.0	3.0	0.0	3.0	1.0	0	1.0	1.0	0.0	1.0	1.0	0	1.0	1.0	0.0	1.0	1.0	0	1.0	na	1	0	0	0	0	0	0	0	0	0	0	0
28	14000123	493104	31.0	3.04195463837e-06	2.23076673481e-05	1.36887958727e-05	20.0	8.0	28.0	0.428571428571	5.14285714286	0.0233422020129	21.0	7.0	28.0	0.5	7.0	0.0081509715935	3.0	1.0	4.0	0.5	0	1.0	4.0	0.0	4.0	1.0	0	1.0	na	1	0	0	0	0	0	0	0	0	0	0	0
28	14500050	493846	17.0	2.0249227492e-06	1.41744592444e-05	8.09969099679e-06	12.0	3.0	15.0	0.6	5.4	0.0201367515503	12.0	3.0	15.0	0.6	5.4	0.0201367515503	1.0	1.0	2.0	0.0	0	1.0	1.0	1.0	2.0	0.0	0	1.0	na	1	0	0	0	0	0	0	0	0	0	0	0
28	15000014	493150	21.0	3.04167089121e-06	1.72361350502e-05	1.01389029707e-05	11.0	6.0	17.0	0.294117647059	1.47058823529	0.225252906361	11.0	6.0	17.0	0.294117647059	1.47058823529	0.225252906361	2.0	2.0	4.0	0.0	0	1.0	2.0	2.0	4.0	0.0	0	1.0	na	1	0	0	0	0	0	0	0	0	0	0	0
28	15500004	493366	21.0	4.05378562771e-06	1.4188249697e-05	9.12101766234e-06	13.0	3.0	16.0	0.625	6.25	0.0124193306516	14.0	2.0	16.0	0.75	9.0	0.00269979606326	4.0	2.0	6.0	0.333333333333	0	1.0	5.0	1.0	6.0	0.666666666667	0	1.0	na	1	0	0	0	0	0	0	0	0	0	0	0
28	16000003	492671	48.0	1.01487605319e-05	3.65355379148e-05	2.43570252765e-05	31.0	7.0	38.0	0.631578947368	15.1578947368	9.88839817462e-05	31.0	7.0	38.0	0.631578947368	15.1578947368	9.88839817462e-05	9.0	3.0	12.0	0.5	3.0	0.0832645166636	9.0	3.0	12.0	0.5	3.0	0.0832645166636	123	0	0	0	0	0	0	0	0	0	0	1	0
28	16500010	492647	34.0	5.0746274716e-06	2.43582118637e-05	1.47164196676e-05	22.0	6.0	28.0	0.571428571429	9.14285714286	0.00249690891514	24.0	4.0	28.0	0.714285714286	14.2857142857	0.000157052284231	4.0	6.0	10.0	-0.2	0.4	0.527089256866	6.0	4.0	10.0	0.2	0.4	0.527089256866	123	0	0	0	0	0	0	0	0	0	0	1	0
28	17000005	492199	99.0	2.23486841704e-05	7.00936003527e-05	4.9268690103e-05	54.0	22.0	76.0	0.421052631579	13.4736842105	0.000241932790861	54.0	22.0	76.0	0.421052631579	13.4736842105	0.000241932790861	18.0	9.0	27.0	0.333333333333	3.0	0.0832645166636	18.0	9.0	27.0	0.333333333333	3.0	0.0832645166636	123	0	0	0	0	0	0	0	0	0	0	1	0
28	17500190	492911	67.0	1.52157286001e-05	4.86903315203e-05	3.29674119669e-05	43.0	9.0	52.0	0.653846153846	22.2307692308	2.41768131326e-06	42.0	10.0	52.0	0.615384615385	19.6923076923	9.0966800731e-06	14.0	4.0	18.0	0.555555555556	5.55555555556	0.0184221254541	13.0	5.0	18.0	0.444444444444	3.55555555556	0.0593464387919	123	0	0	0	0	0	0	0	0	0	0	1	0
28	18000076	492244	67.0	2.13308846832e-05	3.9614500126e-05	3.14884488181e-05	20.0	25.0	45.0	-0.111111111111	0.555555555556	0.45605654025	22.0	23.0	45.0	-0.0222222222222	0.0222222222222	0.881497452191	13.0	13.0	26.0	0.0	0	1	15.0	11.0	26.0	0.153846153846	0.615384615385	0.432767580668	na	1	0	0	0	0	0	0	0	0	0	0	0
28	18500156	492522	34.0	1.7258112328e-05	1.62429292499e-05	1.87808869452e-05	9.0	7.0	16.0	0.125	0.25	0.617075077452	9.0	7.0	16.0	0.125	0.25	0.617075077452	11.0	7.0	18.0	0.222222222222	0.888888888889	0.345778586151	11.0	7.0	18.0	0.222222222222	0.888888888889	0.345778586151	none	0	1	0	0	0	0	0	0	0	0	0	0
28	19000021	492155	55.0	1.93028619033e-05	3.14941431053e-05	2.53985025043e-05	15.0	21.0	36.0	-0.166666666667	1.0	0.317310507863	15.0	21.0	36.0	-0.166666666667	1.0	0.317310507863	8.0	13.0	21.0	-0.238095238095	1.19047619048	0.275233524075	8.0	13.0	21.0	-0.238095238095	1.19047619048	0.275233524075	none	0	1	0	0	0	0	0	0	0	0	0	0
28	19500021	492010	154.0	5.69094124103e-05	8.43478791081e-05	7.67260828032e-05	54.0	39.0	93.0	0.161290322581	2.41935483871	0.119844278858	55.0	38.0	93.0	0.182795698925	3.10752688172	0.0779312106126	43.0	25.0	68.0	0.264705882353	4.76470588235	0.0290490221619	44.0	24.0	68.0	0.294117647059	5.88235294118	0.0152933710302	none	0	1	0	0	0	0	0	0	0	0	0	0
28	20000058	491804	97.0	3.25332856178e-05	5.38832543046e-05	4.93082610146e-05	36.0	25.0	61.0	0.180327868852	1.98360655738	0.159010978501	34.0	27.0	61.0	0.114754098361	0.803278688525	0.370114899917	24.0	20.0	44.0	0.0909090909091	0.363636363636	0.546493595407	22.0	22.0	44.0	0.0	0	1	na	1	0	0	0	0	0	0	0	0	0	0	0
28	20500317	492559	115.0	3.85740591482e-05	6.19215160011e-05	5.32931080338e-05	32.0	41.0	73.0	-0.123287671233	1.1095890411	0.292171299317	32.0	41.0	73.0	-0.123287671233	1.1095890411	0.292171299317	25.0	27.0	52.0	-0.0384615384615	0.0769230769231	0.781511294999	25.0	27.0	52.0	-0.0384615384615	0.0769230769231	0.781511294999	none	0	1	0	0	0	0	0	0	0	0	0	0
28	21000443	492117	92.0	3.45446306468e-05	4.57208346796e-05	4.11487512116e-05	32.0	23.0	55.0	0.163636363636	1.47272727273	0.224915884016	38.0	17.0	55.0	0.381818181818	8.01818181818	0.00463100391266	15.0	30.0	45.0	-0.333333333333	5.0	0.0253473186775	21.0	24.0	45.0	-0.0666666666667	0.2	0.654720846019	none	0	1	0	0	0	0	0	0	0	0	0	0
28	21500161	492051	108.0	4.57269673266e-05	5.18238963034e-05	4.97915866445e-05	35.0	26.0	61.0	0.147540983607	1.32786885246	0.249184705261	34.0	27.0	61.0	0.114754098361	0.803278688525	0.370114899917	37.0	17.0	54.0	0.37037037037	7.40740740741	0.00649558625718	36.0	18.0	54.0	0.333333333333	6.0	0.0143058784354	none	0	1	0	0	0	0	0	0	0	0	0	0
28	22000027	492687	26.0	2.02968619022e-06	2.02968619022e-05	1.72523326169e-05	21.0	3.0	24.0	0.75	13.5	0.000238563454029	19.0	5.0	24.0	0.583333333333	8.16666666667	0.00426672482218	4.0	0.0	4.0	1.0	0	1.0	2.0	2.0	4.0	0.0	0	1.0	na	1	0	0	0	0	0	0	0	0	0	0	0
28	22500010	492684	66.0	2.13118347663e-05	4.36385188072e-05	3.45048753359e-05	30.0	13.0	43.0	0.395348837209	6.72093023256	0.00952879138632	30.0	13.0	43.0	0.395348837209	6.72093023256	0.00952879138632	11.0	12.0	23.0	-0.0434782608696	0.0434782608696	0.834827329185	11.0	12.0	23.0	-0.0434782608696	0.0434782608696	0.834827329185	123	0	0	0	0	0	0	0	0	0	0	1	0
28	23000013	492960	54.0	1.82570593963e-05	3.14427134047e-05	2.58641674781e-05	20.0	15.0	35.0	0.142857142857	0.714285714286	0.398024719507	17.0	18.0	35.0	-0.0285714285714	0.0285714285714	0.865772374993	15.0	7.0	22.0	0.363636363636	2.90909090909	0.0880815116622	12.0	10.0	22.0	0.0909090909091	0.181818181818	0.669815357599	none	0	1	0	0	0	0	0	0	0	0	0	0
28	23500242	492847	99.0	4.46385998089e-05	5.1740195233e-05	5.0218424785e-05	26.0	28.0	54.0	-0.037037037037	0.0740740740741	0.785494747118	25.0	29.0	54.0	-0.0740740740741	0.296296296296	0.586213681073	33.0	15.0	48.0	0.375	6.75	0.00937476845943	32.0	16.0	48.0	0.333333333333	5.33333333333	0.0209213353378	none	0	1	0	0	0	0	0	0	0	0	0	0
28	24000255	493438	25.0	4.05319411963e-06	1.82393735383e-05	1.1146283829e-05	18.0	1.0	19.0	0.894736842105	15.2105263158	9.61658826888e-05	18.0	1.0	19.0	0.894736842105	15.2105263158	9.61658826888e-05	3.0	3.0	6.0	0.0	0	1.0	3.0	3.0	6.0	0.0	0	1.0	na	1	0	0	0	0	0	0	0	0	0	0	0
28	24500031	492599	21.0	8.12019512829e-06	1.31953170835e-05	1.06577561059e-05	10.0	3.0	13.0	0.538461538462	3.76923076923	0.0522036353413	10.0	3.0	13.0	0.538461538462	3.76923076923	0.0522036353413	4.0	4.0	8.0	0.0	0	1.0	4.0	4.0	8.0	0.0	0	1.0	na	1	0	0	0	0	0	0	0	0	0	0	0
28	25000455	493252	23.0	3.0410419015e-06	1.72325707752e-05	1.11504869722e-05	12.0	8.0	20.0	0.2	0.8	0.371093369523	12.0	8.0	20.0	0.2	0.8	0.371093369523	2.0	3.0	5.0	-0.2	0	1.0	2.0	3.0	5.0	-0.2	0	1.0	na	1	0	0	0	0	0	0	0	0	0	0	0
28	25500004	492194	58.0	1.42220344011e-05	4.46978224034e-05	2.94599284022e-05	36.0	8.0	44.0	0.636363636364	17.8181818182	2.43049606948e-05	36.0	8.0	44.0	0.636363636364	17.8181818182	2.43049606948e-05	8.0	6.0	14.0	0.142857142857	0.285714285714	0.592980098017	8.0	6.0	14.0	0.142857142857	0.285714285714	0.592980098017	123	0	0	0	0	0	0	0	0	0	0	1	0
28	26000011	493144	58.0	1.0139026329e-05	4.46117158477e-05	2.83892737213e-05	25.0	22.0	47.0	0.063829787234	0.191489361702	0.661679914866	26.0	21.0	47.0	0.106382978723	0.531914893617	0.465802909242	5.0	9.0	14.0	-0.285714285714	1.14285714286	0.285049407403	6.0	8.0	14.0	-0.142857142857	0.285714285714	0.592980098017	none	0	1	0	0	0	0	0	0	0	0	0	0
28	26500090	492930	195.0	5.07171403648e-05	0.000129835879334	9.43338810784e-05	89.0	55.0	144.0	0.236111111111	8.02777777778	0.00460653226339	88.0	56.0	144.0	0.222222222222	7.11111111111	0.00766076113518	40.0	22.0	62.0	0.290322580645	5.22580645161	0.0222541248231	39.0	23.0	62.0	0.258064516129	4.12903225806	0.0421534502357	123	0	0	0	0	0	0	0	0	0	0	1	0
28	27000001	492884	33.0	1.21732496896e-05	2.02887494826e-05	1.62309995861e-05	16.0	5.0	21.0	0.52380952381	5.7619047619	0.0163773083415	16.0	5.0	21.0	0.52380952381	5.7619047619	0.0163773083415	9.0	3.0	12.0	0.5	3.0	0.0832645166636	9.0	3.0	12.0	0.5	3.0	0.0832645166636	none	0	1	0	0	0	0	0	0	0	0	0	0
28	27500063	492483	26.0	1.11678981813e-05	1.21831616523e-05	1.37060568588e-05	8.0	7.0	15.0	0.0666666666667	0.0666666666667	0.796253414738	9.0	6.0	15.0	0.2	0.6	0.438578026081	7.0	5.0	12.0	0.166666666667	0.333333333333	0.563702861651	8.0	4.0	12.0	0.333333333333	1.33333333333	0.24821307899	none	0	1	0	0	0	0	0	0	0	0	0	0
28	28000006	492312	76.0	3.35153317408e-05	4.16402606477e-05	4.06246445344e-05	22.0	20.0	42.0	0.047619047619	0.0952380952381	0.757620723683	23.0	19.0	42.0	0.0952380952381	0.380952380952	0.537093978443	21.0	14.0	35.0	0.2	1.4	0.236723570638	22.0	13.0	35.0	0.257142857143	2.31428571429	0.128190174345	none	0	1	0	0	0	0	0	0	0	0	0	0
28	28500044	492559	24.0	7.10574773783e-06	1.72568159347e-05	1.3196388656e-05	4.0	13.0	17.0	-0.529411764706	4.76470588235	0.0290490221619	4.0	13.0	17.0	-0.529411764706	4.76470588235	0.0290490221619	6.0	1.0	7.0	0.714285714286	0	1.0	6.0	1.0	7.0	0.714285714286	0	1.0	na	1	0	0	0	0	0	0	0	0	0	0	0
28	29000036	492887	10.0	5.07215649835e-06	5.07215649835e-06	6.08658779801e-06	3.0	2.0	5.0	0.2	0	1.0	3.0	2.0	5.0	0.2	0	1.0	2.0	3.0	5.0	-0.2	0	1.0	2.0	3.0	5.0	-0.2	0	1.0	na	1	0	0	0	0	0	0	0	0	0	0	0
28	29500072	492486	10.0	2.030514573e-06	8.12205829201e-06	5.07628643251e-06	8.0	0.0	8.0	1.0	0	1.0	8.0	0.0	8.0	1.0	0	1.0	1.0	1.0	2.0	0.0	0	1.0	1.0	1.0	2.0	0.0	0	1.0	na	1	0	0	0	0	0	0	0	0	0	0	0
28	30000131	493283	49.0	4.05446771934e-06	4.15582941233e-05	2.38199978511e-05	34.0	11.0	45.0	0.511111111111	11.7555555556	0.000606619020983	36.0	9.0	45.0	0.6	16.2	5.69941162333e-05	3.0	3.0	6.0	0.0	0	1.0	5.0	1.0	6.0	0.666666666667	0	1.0	na	1	0	0	0	0	0	0	0	0	0	0	0
28	30500023	492123	48.0	1.42240862549e-05	3.2512197154e-05	2.43841478655e-05	21.0	13.0	34.0	0.235294117647	1.88235294118	0.170066961454	20.0	14.0	34.0	0.176470588235	1.05882352941	0.303483664025	10.0	5.0	15.0	0.333333333333	1.66666666667	0.196705602459	9.0	6.0	15.0	0.2	0.6	0.438578026081	none	0	1	0	0	0	0	0	0	0	0	0	0
28	31000048	492320	15.0	3.04679883003e-06	1.11715957101e-05	8.12479688008e-06	11.0	1.0	12.0	0.833333333333	8.33333333333	0.00389241712278	11.0	1.0	12.0	0.833333333333	8.33333333333	0.00389241712278	2.0	1.0	3.0	0.333333333333	0	1.0	2.0	1.0	3.0	0.333333333333	0	1.0	na	1	0	0	0	0	0	0	0	0	0	0	0
28	31500038	492309	19.0	5.07811151127e-06	1.32030899293e-05	9.14060072028e-06	11.0	2.0	13.0	0.692307692308	6.23076923077	0.012554918597	11.0	2.0	13.0	0.692307692308	6.23076923077	0.012554918597	0.0	6.0	6.0	-1.0	0	1.0	0.0	6.0	6.0	-1.0	0	1.0	na	1	0	0	0	0	0	0	0	0	0	0	0
28	32000018	491995	14.0	3.04881147166e-06	1.11789753961e-05	7.11389343388e-06	7.0	4.0	11.0	0.272727272727	0.818181818182	0.365712296282	7.0	4.0	11.0	0.272727272727	0.818181818182	0.365712296282	2.0	1.0	3.0	0.333333333333	0	1.0	2.0	1.0	3.0	0.333333333333	0	1.0	na	1	0	0	0	0	0	0	0	0	0	0	0
28	32500138	491783	23.0	6.1002515337e-06	1.42339202453e-05	1.01670858895e-05	12.0	4.0	16.0	0.5	4.0	0.0455002638964	14.0	2.0	16.0	0.75	9.0	0.00269979606326	4.0	5.0	9.0	-0.111111111111	0	1.0	6.0	3.0	9.0	0.333333333333	0	1.0	na	1	0	0	0	0	0	0	0	0	0	0	0
28	33000083	492210	16.0	1.01582657809e-06	1.42215720932e-05	7.61869933565e-06	11.0	3.0	14.0	0.571428571429	4.57142857143	0.0325094446457	11.0	3.0	14.0	0.571428571429	4.57142857143	0.0325094446457	1.0	1.0	2.0	0.0	0	1.0	1.0	1.0	2.0	0.0	0	1.0	na	1	0	0	0	0	0	0	0	0	0	0	0
28	33500079	492131	45.0	1.42238550305e-05	2.84477100609e-05	2.23517721907e-05	17.0	14.0	31.0	0.0967741935484	0.290322580645	0.590013887163	17.0	14.0	31.0	0.0967741935484	0.290322580645	0.590013887163	12.0	4.0	16.0	0.5	4.0	0.0455002638964	12.0	4.0	16.0	0.5	4.0	0.0455002638964	none	0	1	0	0	0	0	0	0	0	0	0	0
28	34000111	491439	39.0	1.83135648575e-05	1.62787243178e-05	1.72961445876e-05	12.0	8.0	20.0	0.2	0.8	0.371093369523	14.0	6.0	20.0	0.4	3.2	0.0736382701203	12.0	11.0	23.0	0.0434782608696	0.0434782608696	0.834827329185	14.0	9.0	23.0	0.217391304348	1.08695652174	0.297146530348	none	0	1	0	0	0	0	0	0	0	0	0	0
28	34500080	492672	28.0	1.01487399324e-05	1.62379838919e-05	1.42082359054e-05	17.0	1.0	18.0	0.888888888889	14.2222222222	0.000162440845187	15.0	3.0	18.0	0.666666666667	8.0	0.00467773498105	6.0	6.0	12.0	0.0	0	1	4.0	8.0	12.0	-0.333333333333	1.33333333333	0.24821307899	na	1	0	0	0	0	0	0	0	0	0	0	0
28	35000264	492217	17.0	5.07906065821e-06	1.01581213164e-05	7.61859098731e-06	10.0	1.0	11.0	0.818181818182	7.36363636364	0.00665560548295	9.0	2.0	11.0	0.636363636364	4.45454545455	0.0348084788119	6.0	1.0	7.0	0.714285714286	0	1.0	5.0	2.0	7.0	0.428571428571	0	1.0	na	1	0	0	0	0	0	0	0	0	0	0	0
28	35500052	491837	6.0	2.033193924e-06	4.06638784801e-06	3.049790886e-06	3.0	1.0	4.0	0.5	0	1.0	3.0	1.0	4.0	0.5	0	1.0	2.0	0.0	2.0	1.0	0	1.0	2.0	0.0	2.0	1.0	0	1.0	na	1	0	0	0	0	0	0	0	0	0	0	0
28	36000221	491910	26.0	3.04933829359e-06	1.62631375658e-05	1.16891301254e-05	19.0	3.0	22.0	0.727272727273	11.6363636364	0.000646749122576	16.0	6.0	22.0	0.454545454545	4.54545454545	0.0330062576612	7.0	2.0	9.0	0.555555555556	0	1.0	4.0	5.0	9.0	-0.111111111111	0	1.0	na	1	0	0	0	0	0	0	0	0	0	0	0
28	36500031	491490	16.0	3.05194408838e-06	1.22077763535e-05	8.64717491709e-06	9.0	3.0	12.0	0.5	3.0	0.0832645166636	9.0	3.0	12.0	0.5	3.0	0.0832645166636	4.0	0.0	4.0	1.0	0	1.0	4.0	0.0	4.0	1.0	0	1.0	na	1	0	0	0	0	0	0	0	0	0	0	0
28	37000007	491065	12.0	3.05458544185e-06	9.16375632554e-06	8.14556117826e-06	7.0	2.0	9.0	0.555555555556	0	1.0	7.0	2.0	9.0	0.555555555556	0	1.0	2.0	1.0	3.0	0.333333333333	0	1.0	2.0	1.0	3.0	0.333333333333	0	1.0	na	1	0	0	0	0	0	0	0	0	0	0	0
28	37500020	491094	10.0	7.12694514696e-06	2.03627004199e-06	4.58160759447e-06	1.0	2.0	3.0	-0.333333333333	0	1.0	0.0	3.0	3.0	-1.0	0	1.0	8.0	0.0	8.0	1.0	0	1.0	7.0	1.0	8.0	0.75	0	1.0	na	1	0	0	0	0	0	0	0	0	0	0	0
28	38000032	491082	18.0	5.09079949988e-06	9.16343909978e-06	7.12711929983e-06	3.0	8.0	11.0	-0.454545454545	2.27272727273	0.131668016023	5.0	6.0	11.0	-0.0909090909091	0.0909090909091	0.763024600553	2.0	7.0	9.0	-0.555555555556	0	1.0	4.0	5.0	9.0	-0.111111111111	0	1.0	na	1	0	0	0	0	0	0	0	0	0	0	0
28	38500051	491333	10.0	2.03527953547e-06	8.14111814187e-06	5.08819883867e-06	7.0	1.0	8.0	0.75	0	1.0	7.0	1.0	8.0	0.75	0	1.0	2.0	0.0	2.0	1.0	0	1.0	2.0	0.0	2.0	1.0	0	1.0	na	1	0	0	0	0	0	0	0	0	0	0	0
28	39000027	491001	11.0	4.07331145965e-06	6.10996718948e-06	5.09163932456e-06	6.0	1.0	7.0	0.714285714286	0	1.0	7.0	0.0	7.0	1.0	0	1.0	2.0	3.0	5.0	-0.2	0	1.0	3.0	2.0	5.0	0.2	0	1.0	na	1	0	0	0	0	0	0	0	0	0	0	0
28	39500011	488894	45.0	7.15901606483e-06	3.06814974207e-05	1.99429733235e-05	19.0	18.0	37.0	0.027027027027	0.027027027027	0.869417060741	15.0	22.0	37.0	-0.189189189189	1.32432432432	0.249817441836	8.0	4.0	12.0	0.333333333333	1.33333333333	0.24821307899	4.0	8.0	12.0	-0.333333333333	1.33333333333	0.24821307899	none	0	1	0	0	0	0	0	0	0	0	0	0
28	40000065	489243	10.0	1.02198702894e-06	8.17589623153e-06	4.59894163023e-06	7.0	2.0	9.0	0.555555555556	0	1.0	7.0	2.0	9.0	0.555555555556	0	1.0	1.0	0.0	1.0	1.0	0	1.0	1.0	0.0	1.0	1.0	0	1.0	na	1	0	0	0	0	0	0	0	0	0	0	0
28	40500128	491029	11.0	3.05480939008e-06	8.14615837354e-06	6.6187536785e-06	4.0	4.0	8.0	0.0	0	1.0	4.0	4.0	8.0	0.0	0	1.0	1.0	2.0	3.0	-0.333333333333	0	1.0	1.0	2.0	3.0	-0.333333333333	0	1.0	na	1	0	0	0	0	0	0	0	0	0	0	0
28	41000280	491850	12.0	1.01657009251e-06	1.01657009251e-05	5.59113550879e-06	11.0	0.0	11.0	1.0	11.0	0.000911118877154	10.0	1.0	11.0	0.818181818182	7.36363636364	0.00665560548295	1.0	1.0	2.0	0.0	0	1.0	0.0	2.0	2.0	-1.0	0	1.0	na	1	0	0	0	0	0	0	0	0	0	0	0
28	41182053	178859	17.0	8.38649438944e-06	3.07504794279e-05	1.95684869087e-05	10.0	3.0	13.0	0.538461538462	3.76923076923	0.0522036353413	9.0	4.0	13.0	0.384615384615	1.92307692308	0.165517858697	4.0	1.0	5.0	0.6	0	1.0	3.0	2.0	5.0	0.2	0	1.0	na	1	0	0	0	0	0	0	0	0	0	0	0
