#chrom	coord	total	dtotal	T12	T34	T1234	DFO_left	DFO_right	DFO_total	DFO_stat	DFO_chisq	DFO_Pvalue	DIL_left	DIL_right	DIL_total	DIL_stat	DIL_chisq	DIL_Pvalue	DFI_left	DFI_right	DFI_total	DFI_stat	DFI_chisq	DFI_Pvalue	DOL_left	DOL_right	DOL_total	DOL_stat	DOL_chisq	DOL_Pvalue	introgression	introgna	intrognone	introg13	introg14	introg23	introg24	introg31	introg41	introg32	introg42	introg123	introg124
11	500173	496992	7155.0	0.0031318411564	0.00297489698023	0.00325357349816	1206.0	2591.0	3797.0	-0.364761653937	505.194890703	0.0	1345.0	2452.0	3797.0	-0.291545957335	322.74137477	0.0	2383.0	1512.0	3895.0	0.223620025674	194.773042362	0.0	2522.0	1373.0	3895.0	0.294993581515	338.94762516	0.0	none	0	1	0	0	0	0	0	0	0	0	0	0
11	1000079	497983	4193.0	0.00190468349321	0.00203521003729	0.00200508852712	578.0	1572.0	2150.0	-0.462325581395	459.551627907	0.0	568.0	1582.0	2150.0	-0.471627906977	478.230697674	0.0	1480.0	647.0	2127.0	0.391631405736	326.228960978	0.0	1470.0	657.0	2127.0	0.382228490832	310.751763047	0.0	none	0	1	0	0	0	0	0	0	0	0	0	0
11	1500048	497638	4292.0	0.001818591024	0.00206173965815	0.00201954030842	689.0	1652.0	2341.0	-0.411362665528	396.142246903	0.0	792.0	1549.0	2341.0	-0.323366082871	244.788124733	0.0	1550.0	600.0	2150.0	0.441860465116	419.76744186	0.0	1653.0	497.0	2150.0	0.537674418605	621.551627907	0.0	none	0	1	0	0	0	0	0	0	0	0	0	0
11	2000011	497265	4277.0	0.00164198163957	0.00227142469307	0.00200597267051	885.0	1743.0	2628.0	-0.326484018265	280.123287671	0.0	980.0	1648.0	2628.0	-0.254185692542	169.796042618	0.0	1327.0	467.0	1794.0	0.479375696767	412.26309922	0.0	1422.0	372.0	1794.0	0.585284280936	614.548494983	0.0	none	0	1	0	0	0	0	0	0	0	0	0	0
11	2500009	497776	4226.0	0.00171161325576	0.00216061039504	0.00195419224712	636.0	1788.0	2424.0	-0.475247524752	547.485148515	0.0	756.0	1668.0	2424.0	-0.376237623762	343.128712871	0.0	1557.0	411.0	1968.0	0.582317073171	667.335365854	0.0	1677.0	291.0	1968.0	0.704268292683	976.115853659	0.0	none	0	1	0	0	0	0	0	0	0	0	0	0
11	3000029	497583	4692.0	0.00186903491478	0.00222274474811	0.00208105984328	1217.0	1532.0	2749.0	-0.11458712259	36.0949436159	1.87933868467e-09	909.0	1840.0	2749.0	-0.338668606766	315.300472899	0.0	1879.0	416.0	2295.0	0.637472766885	932.622657952	0.0	1571.0	724.0	2295.0	0.369063180828	312.596514161	0.0	none	0	1	0	0	0	0	0	0	0	0	0	0
11	3500039	497175	4173.0	0.00149243224217	0.00224669382008	0.00198320510887	1137.0	1538.0	2675.0	-0.149906542056	60.1125233645	8.99280649946e-15	1124.0	1551.0	2675.0	-0.159626168224	68.1603738318	1.11022302463e-16	1312.0	239.0	1551.0	0.691811734365	742.313990974	0.0	1299.0	252.0	1551.0	0.675048355899	706.775628627	0.0	none	0	1	0	0	0	0	0	0	0	0	0	0
11	4000152	497600	4255.0	0.00166800643087	0.00216338424437	0.00202622588424	1020.0	1527.0	2547.0	-0.199057714959	100.922261484	0.0	923.0	1624.0	2547.0	-0.275225755791	192.93325481	0.0	1452.0	483.0	1935.0	0.500775193798	485.251162791	0.0	1355.0	580.0	1935.0	0.400516795866	310.400516796	0.0	none	0	1	0	0	0	0	0	0	0	0	0	0
11	4500075	497661	4281.0	0.001791380076	0.0021118793717	0.00211740522163	918.0	1522.0	2440.0	-0.247540983607	149.514754098	0.0	972.0	1468.0	2440.0	-0.203278688525	100.826229508	0.0	1482.0	537.0	2019.0	0.468053491828	442.310549777	0.0	1536.0	483.0	2019.0	0.521545319465	549.187221397	0.0	none	0	1	0	0	0	0	0	0	0	0	0	0
11	5000159	497698	4452.0	0.00184750591724	0.0022071617728	0.00212578712392	911.0	1598.0	2509.0	-0.273814268633	188.110402551	0.0	985.0	1524.0	2509.0	-0.214826624153	115.791550418	0.0	1466.0	675.0	2141.0	0.36945352639	292.237739374	0.0	1540.0	601.0	2141.0	0.438580102756	411.826716488	0.0	none	0	1	0	0	0	0	0	0	0	0	0	0
11	5500001	497324	4563.0	0.00176544868134	0.00231639735866	0.00217162252375	1161.0	1599.0	2760.0	-0.158695652174	69.5086956522	1.11022302463e-16	1199.0	1561.0	2760.0	-0.13115942029	47.4797101449	5.55766543897e-12	1439.0	526.0	1965.0	0.464631043257	424.208142494	0.0	1477.0	488.0	1965.0	0.503307888041	497.771501272	0.0	none	0	1	0	0	0	0	0	0	0	0	0	0
11	6000027	497773	3981.0	0.00145648719396	0.00209834603323	0.00187987295414	1027.0	1464.0	2491.0	-0.175431553593	76.6635889201	0.0	880.0	1611.0	2491.0	-0.293456443196	214.516659976	0.0	1340.0	363.0	1703.0	0.57369348209	560.498532002	0.0	1193.0	510.0	1703.0	0.401056958309	273.921902525	0.0	none	0	1	0	0	0	0	0	0	0	0	0	0
11	6500092	497777	4584.0	0.00174375272461	0.00239062873536	0.00219174449603	1074.0	1693.0	2767.0	-0.22370798699	138.475243947	0.0	986.0	1781.0	2767.0	-0.287314781352	228.415251175	0.0	1579.0	496.0	2075.0	0.521927710843	565.247710843	0.0	1491.0	584.0	2075.0	0.437108433735	396.457349398	0.0	none	0	1	0	0	0	0	0	0	0	0	0	0
11	7000022	497588	4455.0	0.00175345868469	0.00222674180246	0.00211168677701	897.0	1696.0	2593.0	-0.308137292711	246.201696876	0.0	892.0	1701.0	2593.0	-0.311993829541	252.403008099	0.0	1540.0	535.0	2075.0	0.484337349398	486.759036145	0.0	1535.0	540.0	2075.0	0.479518072289	477.120481928	0.0	none	0	1	0	0	0	0	0	0	0	0	0	0
11	7500055	497483	4335.0	0.00170156568164	0.00212268559931	0.00202167712264	1050.0	1523.0	2573.0	-0.183832102604	86.9525845317	0.0	1029.0	1544.0	2573.0	-0.200155460552	103.080062184	0.0	1542.0	517.0	2059.0	0.497814473045	510.259834871	0.0	1521.0	538.0	2059.0	0.477416221467	469.300145702	0.0	none	0	1	0	0	0	0	0	0	0	0	0	0
11	8000026	497476	4675.0	0.00184129485644	0.00231267438027	0.00216543109617	1229.0	1510.0	2739.0	-0.10259218693	28.8284045272	7.90827606734e-08	1117.0	1622.0	2739.0	-0.184373859073	93.1087988317	0.0	1674.0	526.0	2200.0	0.521818181818	599.047272727	0.0	1562.0	638.0	2200.0	0.42	388.08	0.0	none	0	1	0	0	0	0	0	0	0	0	0	0
11	8500349	497853	4314.0	0.0017173744057	0.00212914253806	0.00201364659849	937.0	1578.0	2515.0	-0.254870775348	163.372166998	0.0	846.0	1669.0	2515.0	-0.327236580517	269.315705765	0.0	1543.0	493.0	2036.0	0.515717092338	541.502946955	0.0	1452.0	584.0	2036.0	0.426326129666	370.05108055	0.0	none	0	1	0	0	0	0	0	0	0	0	0	0
11	9000086	497037	4523.0	0.00182581980818	0.00222518645493	0.00208887869515	1103.0	1492.0	2595.0	-0.149903660886	58.3125240848	2.2315482795e-14	970.0	1625.0	2595.0	-0.252408477842	165.327552987	0.0	1697.0	478.0	2175.0	0.560459770115	683.20045977	0.0	1564.0	611.0	2175.0	0.43816091954	417.567356322	0.0	none	0	1	0	0	0	0	0	0	0	0	0	0
11	9500043	496065	4953.0	0.00205315835626	0.00219930855835	0.00227540745668	1139.0	1623.0	2762.0	-0.175235336713	84.8139029689	0.0	1079.0	1683.0	2762.0	-0.21868211441	132.083997104	0.0	1719.0	844.0	2563.0	0.341396800624	298.722200546	0.0	1659.0	904.0	2563.0	0.294576667967	222.405384315	0.0	none	0	1	0	0	0	0	0	0	0	0	0	0
11	10000184	496605	4788.0	0.00184351748371	0.00226739561623	0.0021561401919	1263.0	1556.0	2819.0	-0.103937566513	30.4537069883	3.41929312642e-08	1119.0	1700.0	2819.0	-0.206101454416	119.744945016	0.0	1776.0	549.0	2325.0	0.527741935484	647.539354839	0.0	1632.0	693.0	2325.0	0.403870967742	379.23483871	0.0	none	0	1	0	0	0	0	0	0	0	0	0	0
11	10500005	496657	4218.0	0.00158862152351	0.00205373124712	0.00189265428656	1034.0	1485.0	2519.0	-0.17903930131	80.7467248908	0.0	783.0	1736.0	2519.0	-0.378324732037	360.543469631	0.0	1681.0	405.0	2086.0	0.611697027804	780.525407478	0.0	1430.0	656.0	2086.0	0.37104506232	287.188878236	0.0	none	0	1	0	0	0	0	0	0	0	0	0	0
11	11000008	495961	3907.0	0.00155556586103	0.00184187869611	0.00179247965062	975.0	1306.0	2281.0	-0.145111793073	48.0320035072	4.19320134171e-12	876.0	1405.0	2281.0	-0.231915826392	122.683472161	0.0	1364.0	565.0	1929.0	0.414204250907	330.949196475	0.0	1265.0	664.0	1929.0	0.311560393987	187.247796786	0.0	none	0	1	0	0	0	0	0	0	0	0	0	0
11	11500091	495956	4447.0	0.00179854664527	0.00209091129052	0.00210401729186	960.0	1587.0	2547.0	-0.24617196702	154.349823322	0.0	934.0	1613.0	2547.0	-0.266588142913	181.013349038	0.0	1516.0	692.0	2208.0	0.373188405797	307.507246377	0.0	1490.0	718.0	2208.0	0.349637681159	269.920289855	0.0	none	0	1	0	0	0	0	0	0	0	0	0	0
11	12000193	498302	4532.0	0.00179810636923	0.00207203663642	0.00209862693708	928.0	1629.0	2557.0	-0.274149393821	192.178725068	0.0	939.0	1618.0	2557.0	-0.265545561205	180.305436058	0.0	1509.0	783.0	2292.0	0.316753926702	229.963350785	0.0	1520.0	772.0	2292.0	0.326352530541	244.111692845	0.0	none	0	1	0	0	0	0	0	0	0	0	0	0
11	12500034	498040	4346.0	0.00177495783471	0.00217552807003	0.00207864830134	950.0	1565.0	2515.0	-0.244532803181	150.387673956	0.0	882.0	1633.0	2515.0	-0.298608349901	224.254870775	0.0	1562.0	523.0	2085.0	0.498321342926	517.7558753	0.0	1494.0	591.0	2085.0	0.43309352518	391.083453237	0.0	none	0	1	0	0	0	0	0	0	0	0	0	0
11	13000106	497747	4568.0	0.00189453678274	0.0022772613396	0.00222050559823	934.0	1647.0	2581.0	-0.276249515692	196.965904688	0.0	938.0	1643.0	2581.0	-0.273149941883	192.570709028	0.0	1596.0	619.0	2215.0	0.441083521445	430.938600451	0.0	1600.0	615.0	2215.0	0.444695259594	438.0248307	0.0	none	0	1	0	0	0	0	0	0	0	0	0	0
11	13500177	497555	4638.0	0.00181487473747	0.00220277155289	0.00209826049381	1078.0	1631.0	2709.0	-0.204134366925	112.88630491	0.0	847.0	1862.0	2709.0	-0.374677002584	380.297157623	0.0	1751.0	573.0	2324.0	0.506884681583	597.110154905	0.0	1520.0	804.0	2324.0	0.308089500861	220.592082616	0.0	none	0	1	0	0	0	0	0	0	0	0	0	0
11	14000032	497692	4639.0	0.00176916647244	0.00233779124438	0.00215695651126	1008.0	1767.0	2775.0	-0.273513513514	207.596756757	0.0	955.0	1820.0	2775.0	-0.311711711712	269.630630631	0.0	1541.0	596.0	2137.0	0.44220870379	417.887225082	0.0	1488.0	649.0	2137.0	0.392606457651	329.396817969	0.0	none	0	1	0	0	0	0	0	0	0	0	0	0
11	14500033	497693	4877.0	0.00198013634911	0.00235888389027	0.00229810344932	931.0	1860.0	2791.0	-0.332855607309	309.22285919	0.0	903.0	1888.0	2791.0	-0.352920100322	347.626298818	0.0	1726.0	644.0	2370.0	0.456540084388	493.976371308	0.0	1698.0	672.0	2370.0	0.432911392405	444.167088608	0.0	none	0	1	0	0	0	0	0	0	0	0	0	0
11	15000105	497711	4407.0	0.00176708973682	0.00212171320304	0.00205591196498	896.0	1643.0	2539.0	-0.294210319023	219.77510831	0.0	836.0	1703.0	2539.0	-0.341473020874	296.057109098	0.0	1574.0	582.0	2156.0	0.460111317254	456.430426716	0.0	1514.0	642.0	2156.0	0.404452690167	352.682745826	0.0	none	0	1	0	0	0	0	0	0	0	0	0	0
11	15500078	498027	4543.0	0.00182118640154	0.00215048581703	0.0020601292701	944.0	1640.0	2584.0	-0.269349845201	187.46749226	0.0	891.0	1693.0	2584.0	-0.310371517028	248.917956656	0.0	1619.0	651.0	2270.0	0.426431718062	412.785903084	0.0	1566.0	704.0	2270.0	0.379735682819	327.33215859	0.0	none	0	1	0	0	0	0	0	0	0	0	0	0
11	16000083	497160	4503.0	0.00172982540832	0.0022548073055	0.00209188188913	966.0	1705.0	2671.0	-0.276675402471	204.463122426	0.0	873.0	1798.0	2671.0	-0.346312242606	320.33882441	0.0	1555.0	560.0	2115.0	0.470449172577	468.096926714	0.0	1462.0	653.0	2115.0	0.382505910165	309.447281324	0.0	none	0	1	0	0	0	0	0	0	0	0	0	0
11	16500144	497742	4448.0	0.00171976646536	0.00225116626686	0.00208792908776	779.0	1857.0	2636.0	-0.408952959029	440.851289833	0.0	807.0	1829.0	2636.0	-0.387708649469	396.238239757	0.0	1496.0	576.0	2072.0	0.444015444015	408.494208494	0.0	1524.0	548.0	2072.0	0.471042471042	459.737451737	0.0	none	0	1	0	0	0	0	0	0	0	0	0	0
11	17000273	498142	4584.0	0.00181775477675	0.00224634742704	0.00213844646707	874.0	1742.0	2616.0	-0.331804281346	288.006116208	0.0	877.0	1739.0	2616.0	-0.329510703364	284.0382263	0.0	1618.0	621.0	2239.0	0.445288075033	443.952210808	0.0	1621.0	618.0	2239.0	0.447967842787	449.311746315	0.0	none	0	1	0	0	0	0	0	0	0	0	0	0
11	17500008	497679	4331.0	0.00169888622988	0.00219619473596	0.00204800684779	767.0	1792.0	2559.0	-0.400547088707	410.560765924	0.0	796.0	1763.0	2559.0	-0.37788198515	365.41187964	0.0	1444.0	551.0	1995.0	0.447619047619	399.723809524	0.0	1473.0	522.0	1995.0	0.476691729323	453.333834586	0.0	none	0	1	0	0	0	0	0	0	0	0	0	0
11	18000100	497674	4420.0	0.00184859968574	0.00211182420621	0.00209574942633	849.0	1613.0	2462.0	-0.310316815597	237.082047116	0.0	845.0	1617.0	2462.0	-0.313566206336	242.073111292	0.0	1550.0	644.0	2194.0	0.412944393801	374.127620784	0.0	1546.0	648.0	2194.0	0.409298085688	367.549680948	0.0	none	0	1	0	0	0	0	0	0	0	0	0	0
11	18500036	497740	4239.0	0.00174990959135	0.00207136255877	0.00201309920842	821.0	1559.0	2380.0	-0.310084033613	228.842016807	0.0	870.0	1510.0	2380.0	-0.268907563025	172.100840336	0.0	1469.0	619.0	2088.0	0.407088122605	346.024904215	0.0	1518.0	570.0	2088.0	0.454022988506	430.413793103	0.0	none	0	1	0	0	0	0	0	0	0	0	0	0
11	19000027	497427	4330.0	0.00166959171899	0.00207970214725	0.00197013833186	884.0	1610.0	2494.0	-0.291098636728	211.337610265	0.0	924.0	1570.0	2494.0	-0.259021651965	167.327987169	0.0	1469.0	667.0	2136.0	0.375468164794	301.125468165	0.0	1509.0	627.0	2136.0	0.412921348315	364.196629213	0.0	none	0	1	0	0	0	0	0	0	0	0	0	0
11	19500036	497314	4314.0	0.00165690087148	0.00211737453601	0.00196053197778	841.0	1689.0	2530.0	-0.335177865613	284.23083004	0.0	983.0	1547.0	2530.0	-0.222924901186	125.729644269	0.0	1345.0	745.0	2090.0	0.287081339713	172.248803828	0.0	1487.0	603.0	2090.0	0.422966507177	373.902392344	0.0	none	0	1	0	0	0	0	0	0	0	0	0	0
11	20000019	497131	3722.0	0.00152072592536	0.00198136909587	0.00189990163558	671.0	1500.0	2171.0	-0.381851681253	316.555043759	0.0	668.0	1503.0	2171.0	-0.384615384615	321.153846154	0.0	1281.0	365.0	1646.0	0.556500607533	509.754556501	0.0	1278.0	368.0	1646.0	0.552855407047	503.098420413	0.0	none	0	1	0	0	0	0	0	0	0	0	0	0
11	20500025	498000	4005.0	0.00172289156627	0.00209236947791	0.00194477911647	670.0	1559.0	2229.0	-0.398833557649	354.56303275	0.0	690.0	1539.0	2229.0	-0.380888290713	323.374158816	0.0	1435.0	431.0	1866.0	0.538049303323	540.201500536	0.0	1455.0	411.0	1866.0	0.559485530547	584.102893891	0.0	none	0	1	0	0	0	0	0	0	0	0	0	0
11	21000177	497692	3892.0	0.00157929000265	0.00202333973622	0.0018756580375	668.0	1596.0	2264.0	-0.409893992933	380.381625442	0.0	652.0	1612.0	2264.0	-0.424028268551	407.067137809	0.0	1413.0	357.0	1770.0	0.596610169492	630.020338983	0.0	1397.0	373.0	1770.0	0.578531073446	592.415819209	0.0	none	0	1	0	0	0	0	0	0	0	0	0	0
11	21500010	496805	4166.0	0.0017260293274	0.00205010013989	0.00194039915057	831.0	1552.0	2383.0	-0.302559798573	218.145614771	0.0	900.0	1483.0	2383.0	-0.244649601343	142.630717583	0.0	1405.0	589.0	1994.0	0.409227683049	333.929789368	0.0	1474.0	520.0	1994.0	0.478435305918	456.427281846	0.0	none	0	1	0	0	0	0	0	0	0	0	0	0
11	22000161	497944	5161.0	0.00212674517616	0.0024962646402	0.00251433896181	899.0	2019.0	2918.0	-0.383824537354	429.883481837	0.0	934.0	1984.0	2918.0	-0.35983550377	377.827278958	0.0	1774.0	706.0	2480.0	0.43064516129	459.929032258	0.0	1809.0	671.0	2480.0	0.458870967742	522.19516129	0.0	none	0	1	0	0	0	0	0	0	0	0	0	0
11	22500034	497285	4165.0	0.00167811214897	0.00213056898961	0.00200388107423	695.0	1671.0	2366.0	-0.412510566357	402.610312764	0.0	746.0	1620.0	2366.0	-0.369399830938	322.85545224	0.0	1417.0	543.0	1960.0	0.445918367347	389.732653061	0.0	1468.0	492.0	1960.0	0.497959183673	486.008163265	0.0	none	0	1	0	0	0	0	0	0	0	0	0	0
11	23000315	497465	3492.0	0.00145336857869	0.001837315188	0.00167147437508	556.0	1416.0	1972.0	-0.436105476673	375.050709939	0.0	551.0	1421.0	1972.0	-0.441176470588	383.823529412	0.0	1225.0	398.0	1623.0	0.50955021565	421.398028343	0.0	1220.0	403.0	1623.0	0.503388786198	411.268638324	0.0	none	0	1	0	0	0	0	0	0	0	0	0	0
11	23500010	497435	4623.0	0.0018364208389	0.00240634454753	0.00218872817554	854.0	1869.0	2723.0	-0.372750642674	378.341902314	0.0	823.0	1900.0	2723.0	-0.395519647448	425.974660301	0.0	1584.0	547.0	2131.0	0.486625997184	504.63115908	0.0	1553.0	578.0	2131.0	0.45753167527	446.093383388	0.0	none	0	1	0	0	0	0	0	0	0	0	0	0
11	24000006	497656	4738.0	0.00183058176733	0.00235504042953	0.0021782114553	941.0	1889.0	2830.0	-0.334982332155	317.563250883	0.0	909.0	1921.0	2830.0	-0.357597173145	361.888339223	0.0	1615.0	583.0	2198.0	0.469517743403	484.542311192	0.0	1583.0	615.0	2198.0	0.440400363967	426.30755232	0.0	none	0	1	0	0	0	0	0	0	0	0	0	0
11	24500137	497862	4599.0	0.00189309487368	0.00222350771901	0.00217379514805	865.0	1734.0	2599.0	-0.334359368988	290.558291651	0.0	901.0	1698.0	2599.0	-0.30665640631	244.405155829	0.0	1657.0	599.0	2256.0	0.468971631206	496.171985816	0.0	1693.0	563.0	2256.0	0.500886524823	566.00177305	0.0	none	0	1	0	0	0	0	0	0	0	0	0	0
11	25000010	497730	4836.0	0.00198802563639	0.00236473590099	0.00233309223876	904.0	1852.0	2756.0	-0.343976777939	326.089985486	0.0	857.0	1899.0	2756.0	-0.378084179971	393.96371553	0.0	1755.0	598.0	2353.0	0.491712707182	568.91160221	0.0	1708.0	645.0	2353.0	0.451763705907	480.22481938	0.0	none	0	1	0	0	0	0	0	0	0	0	0	0
11	25500001	497751	4486.0	0.00183927305018	0.00216674602361	0.00209542522265	756.0	1768.0	2524.0	-0.400950871632	405.762282092	0.0	792.0	1732.0	2524.0	-0.372424722662	350.079239303	0.0	1638.0	572.0	2210.0	0.482352941176	514.188235294	0.0	1674.0	536.0	2210.0	0.514932126697	585.992760181	0.0	none	0	1	0	0	0	0	0	0	0	0	0	0
11	26000201	497305	3797.0	0.00155236725953	0.00198067584279	0.00180774373875	698.0	1478.0	2176.0	-0.358455882353	279.595588235	0.0	760.0	1416.0	2176.0	-0.301470588235	197.764705882	0.0	1336.0	419.0	1755.0	0.522507122507	479.139031339	0.0	1398.0	357.0	1755.0	0.593162393162	617.482051282	0.0	none	0	1	0	0	0	0	0	0	0	0	0	0
11	26500064	496302	4047.0	0.00156557902245	0.00211967713207	0.0019433731881	766.0	1651.0	2417.0	-0.366156392222	324.048407116	0.0	729.0	1688.0	2417.0	-0.396772858916	380.5051717	0.0	1286.0	521.0	1807.0	0.423353624792	323.865522966	0.0	1249.0	558.0	1807.0	0.382401770891	264.239623686	0.0	none	0	1	0	0	0	0	0	0	0	0	0	0
11	27000081	497585	4098.0	0.00164394023132	0.0020991388406	0.00190972396676	769.0	1620.0	2389.0	-0.356215989954	303.139807451	0.0	776.0	1613.0	2389.0	-0.350355797405	293.247802428	0.0	1476.0	420.0	1896.0	0.556962025316	588.151898734	0.0	1483.0	413.0	1896.0	0.564345991561	603.85021097	0.0	none	0	1	0	0	0	0	0	0	0	0	0	0
11	27500028	497067	4251.0	0.00163257669489	0.00217173942346	0.00198061830699	945.0	1623.0	2568.0	-0.264018691589	179.004672897	0.0	927.0	1641.0	2568.0	-0.278037383178	198.518691589	0.0	1387.0	546.0	1933.0	0.435075012933	365.898085877	0.0	1369.0	564.0	1933.0	0.416451112261	335.24314537	0.0	none	0	1	0	0	0	0	0	0	0	0	0	0
11	28000352	497425	3866.0	0.0015077649897	0.00196009448661	0.00182439563753	768.0	1537.0	2305.0	-0.333622559653	256.555748373	0.0	820.0	1485.0	2305.0	-0.288503253796	191.854663774	0.0	1307.0	458.0	1765.0	0.481019830028	408.385835694	0.0	1359.0	406.0	1765.0	0.539943342776	514.566005666	0.0	none	0	1	0	0	0	0	0	0	0	0	0	0
11	28500057	497516	4464.0	0.00175873740744	0.00222706405422	0.00211450486015	930.0	1694.0	2624.0	-0.291158536585	222.445121951	0.0	921.0	1703.0	2624.0	-0.298018292683	233.050304878	0.0	1563.0	536.0	2099.0	0.489280609814	502.491186279	0.0	1554.0	545.0	2099.0	0.480705097666	485.031443545	0.0	none	0	1	0	0	0	0	0	0	0	0	0	0
11	29000115	497517	4738.0	0.00178687361437	0.00233358860099	0.00219087990963	1084.0	1773.0	2857.0	-0.241162058103	166.160658033	0.0	1158.0	1699.0	2857.0	-0.189359467973	102.443472174	0.0	1514.0	703.0	2217.0	0.365809652684	296.671628327	0.0	1588.0	629.0	2217.0	0.432566531349	414.831303563	0.0	none	0	1	0	0	0	0	0	0	0	0	0	0
11	29500005	497876	4295.0	0.00167712442456	0.00215214230049	0.00199497465232	978.0	1552.0	2530.0	-0.226877470356	130.227667984	0.0	863.0	1667.0	2530.0	-0.317786561265	255.500395257	0.0	1555.0	455.0	2010.0	0.547263681592	601.990049751	0.0	1440.0	570.0	2010.0	0.432835820896	376.567164179	0.0	none	0	1	0	0	0	0	0	0	0	0	0	0
11	30000002	497969	4332.0	0.00169488462133	0.00221098100484	0.00206840184831	923.0	1661.0	2584.0	-0.28560371517	210.775541796	0.0	913.0	1671.0	2584.0	-0.293343653251	222.354489164	0.0	1473.0	497.0	1970.0	0.495431472081	483.541116751	0.0	1463.0	507.0	1970.0	0.485279187817	463.926903553	0.0	none	0	1	0	0	0	0	0	0	0	0	0	0
11	30500056	497560	4030.0	0.0016982876437	0.0019495136265	0.00192941554787	763.0	1473.0	2236.0	-0.317531305903	225.447227191	0.0	722.0	1514.0	2236.0	-0.354203935599	280.529516995	0.0	1430.0	557.0	1987.0	0.439355812783	383.55762456	0.0	1389.0	598.0	1987.0	0.3980875692	314.887267237	0.0	none	0	1	0	0	0	0	0	0	0	0	0	0
11	31000246	497628	4283.0	0.00163274574582	0.00210699558707	0.0019924521932	990.0	1562.0	2552.0	-0.224137931034	128.206896552	0.0	976.0	1576.0	2552.0	-0.235109717868	141.065830721	0.0	1433.0	552.0	1985.0	0.443828715365	391.013098237	0.0	1419.0	566.0	1985.0	0.429722921914	366.553652393	0.0	none	0	1	0	0	0	0	0	0	0	0	0	0
11	31500040	497135	4361.0	0.0017369527392	0.00204069317187	0.00201655485934	920.0	1580.0	2500.0	-0.264	174.24	0.0	863.0	1637.0	2500.0	-0.3096	239.6304	0.0	1529.0	643.0	2172.0	0.407918968692	361.416206262	0.0	1472.0	700.0	2172.0	0.355432780847	274.394106814	0.0	none	0	1	0	0	0	0	0	0	0	0	0	0
11	32000043	497182	4467.0	0.00181221363605	0.0020344662518	0.00204603143316	891.0	1632.0	2523.0	-0.293697978597	217.63020214	0.0	866.0	1657.0	2523.0	-0.313515655965	247.990883868	0.0	1556.0	749.0	2305.0	0.35010845987	282.537527115	0.0	1531.0	774.0	2305.0	0.3284164859	248.611279826	0.0	none	0	1	0	0	0	0	0	0	0	0	0	0
11	32500032	497125	4076.0	0.00162836308775	0.00203570530551	0.00197686698516	891.0	1481.0	2372.0	-0.248735244519	146.753794266	0.0	816.0	1556.0	2372.0	-0.31197301855	230.860033727	0.0	1430.0	491.0	1921.0	0.488807912546	458.99062988	0.0	1355.0	566.0	1921.0	0.410723581468	324.060905778	0.0	none	0	1	0	0	0	0	0	0	0	0	0	0
11	33000025	496990	4451.0	0.00171130203827	0.00215597899354	0.00209360349303	1009.0	1620.0	2629.0	-0.232407759604	142.001141118	0.0	1001.0	1628.0	2629.0	-0.238493723849	149.535564854	0.0	1503.0	633.0	2136.0	0.407303370787	354.353932584	0.0	1495.0	641.0	2136.0	0.399812734082	341.440074906	0.0	none	0	1	0	0	0	0	0	0	0	0	0	0
11	33500070	497259	4741.0	0.00189438501867	0.00229960644252	0.00229608714975	1037.0	1697.0	2734.0	-0.241404535479	159.326993416	0.0	986.0	1748.0	2734.0	-0.278712509144	212.378931968	0.0	1642.0	680.0	2322.0	0.414298018949	398.554694229	0.0	1591.0	731.0	2322.0	0.37037037037	318.518518519	0.0	none	0	1	0	0	0	0	0	0	0	0	0	0
11	34000112	497780	4437.0	0.00180903210254	0.00214351721644	0.00209480091607	865.0	1672.0	2537.0	-0.318092234923	256.700433583	0.0	884.0	1653.0	2537.0	-0.303113914072	233.094599921	0.0	1569.0	592.0	2161.0	0.45210550671	441.707080056	0.0	1588.0	573.0	2161.0	0.469689958353	476.735307728	0.0	none	0	1	0	0	0	0	0	0	0	0	0	0
11	34500072	498076	4598.0	0.00180795701861	0.00234000433669	0.00216633606116	1021.0	1711.0	2732.0	-0.252562225476	174.267935578	0.0	977.0	1755.0	2732.0	-0.284773060029	221.553440703	0.0	1600.0	506.0	2106.0	0.519468186135	568.298195632	0.0	1556.0	550.0	2106.0	0.477682811016	480.548907882	0.0	none	0	1	0	0	0	0	0	0	0	0	0	0
11	35000066	498026	3829.0	0.00161838940136	0.00188343580456	0.00182620987659	707.0	1443.0	2150.0	-0.342325581395	251.951627907	0.0	653.0	1497.0	2150.0	-0.392558139535	331.319069767	0.0	1437.0	404.0	1841.0	0.561108093427	579.624660511	0.0	1383.0	458.0	1841.0	0.502444323737	464.760999457	0.0	none	0	1	0	0	0	0	0	0	0	0	0	0
11	35500188	498032	4346.0	0.0017870337649	0.00216251164584	0.00210428245575	864.0	1626.0	2490.0	-0.306024096386	233.190361446	0.0	840.0	1650.0	2490.0	-0.325301204819	263.493975904	0.0	1554.0	506.0	2060.0	0.508737864078	533.157281553	0.0	1530.0	530.0	2060.0	0.485436893204	485.436893204	0.0	none	0	1	0	0	0	0	0	0	0	0	0	0
11	36000023	496564	3890.0	0.00157180141935	0.00189502259527	0.00179080642173	760.0	1479.0	2239.0	-0.321125502456	230.889236266	0.0	762.0	1477.0	2239.0	-0.319338990621	228.327378294	0.0	1330.0	579.0	1909.0	0.393399685699	295.44316396	0.0	1332.0	577.0	1909.0	0.395495023573	298.598742797	0.0	none	0	1	0	0	0	0	0	0	0	0	0	0
11	36500048	498126	4041.0	0.00163713598567	0.00209284397923	0.00194328342628	761.0	1569.0	2330.0	-0.34678111588	280.199141631	0.0	742.0	1588.0	2330.0	-0.363090128755	307.174248927	0.0	1454.0	402.0	1856.0	0.566810344828	596.284482759	0.0	1435.0	421.0	1856.0	0.546336206897	553.984913793	0.0	none	0	1	0	0	0	0	0	0	0	0	0	0
11	37000061	498330	3512.0	0.00146589609295	0.0018451628439	0.00170268697449	662.0	1350.0	2012.0	-0.341948310139	235.260437376	0.0	632.0	1380.0	2012.0	-0.371769383698	278.083499006	0.0	1310.0	304.0	1614.0	0.623296158612	627.035935564	0.0	1280.0	334.0	1614.0	0.586121437423	554.470879802	0.0	none	0	1	0	0	0	0	0	0	0	0	0	0
11	37500003	497615	4087.0	0.00168302804377	0.00202365282397	0.00194980054862	838.0	1462.0	2300.0	-0.271304347826	169.293913043	0.0	815.0	1485.0	2300.0	-0.291304347826	195.173913043	0.0	1501.0	519.0	2020.0	0.486138613861	477.388118812	0.0	1478.0	542.0	2020.0	0.463366336634	433.710891089	0.0	none	0	1	0	0	0	0	0	0	0	0	0	0
11	38000012	498117	4297.0	0.00174256249034	0.002136044343	0.00201157559369	982.0	1505.0	2487.0	-0.210293526337	109.983514274	0.0	813.0	1674.0	2487.0	-0.346200241255	298.07840772	0.0	1650.0	417.0	2067.0	0.596516690856	735.505079826	0.0	1481.0	586.0	2067.0	0.432994678278	387.530237059	0.0	none	0	1	0	0	0	0	0	0	0	0	0	0
11	38500064	498232	4318.0	0.00172409640489	0.00214357969781	0.00203419290612	852.0	1651.0	2503.0	-0.319216939672	255.054334798	0.0	775.0	1728.0	2503.0	-0.38074310827	362.848182181	0.0	1563.0	505.0	2068.0	0.511605415861	541.278529981	0.0	1486.0	582.0	2068.0	0.437137330754	395.172147002	0.0	none	0	1	0	0	0	0	0	0	0	0	0	0
11	39000297	497927	4192.0	0.00175728570654	0.00212681778654	0.00204045974611	787.0	1577.0	2364.0	-0.334179357022	264.001692047	0.0	737.0	1627.0	2364.0	-0.376480541455	335.067681895	0.0	1524.0	478.0	2002.0	0.522477522478	546.511488511	0.0	1474.0	528.0	2002.0	0.472527472527	447.010989011	0.0	none	0	1	0	0	0	0	0	0	0	0	0	0
11	39500075	497393	4231.0	0.00168679494886	0.00215523740784	0.00198334114071	835.0	1648.0	2483.0	-0.327426500201	266.197744664	0.0	752.0	1731.0	2483.0	-0.394281111559	386.001208216	0.0	1530.0	457.0	1987.0	0.540010065425	579.430800201	0.0	1447.0	540.0	1987.0	0.456467035732	414.015601409	0.0	none	0	1	0	0	0	0	0	0	0	0	0	0
11	40000082	497970	4361.0	0.00172399943772	0.00216880534972	0.00203074482399	826.0	1696.0	2522.0	-0.344964314036	300.118953212	0.0	846.0	1676.0	2522.0	-0.329103885805	273.156225218	0.0	1525.0	568.0	2093.0	0.45723841376	437.577161968	0.0	1545.0	548.0	2093.0	0.476349737219	474.920688008	0.0	none	0	1	0	0	0	0	0	0	0	0	0	0
11	40500006	497513	3955.0	0.00158588820795	0.00204818768555	0.00187030288656	728.0	1546.0	2274.0	-0.359718557608	294.249780123	0.0	666.0	1608.0	2274.0	-0.414248021108	390.221635884	0.0	1365.0	492.0	1857.0	0.470113085622	410.408723748	0.0	1303.0	554.0	1857.0	0.403338718363	302.100700054	0.0	none	0	1	0	0	0	0	0	0	0	0	0	0
11	41000159	497947	4277.0	0.00174416152723	0.0021377777153	0.00203033656192	772.0	1656.0	2428.0	-0.364085667216	321.851729819	0.0	773.0	1655.0	2428.0	-0.363261943987	320.397034596	0.0	1441.0	591.0	2032.0	0.418307086614	355.561023622	0.0	1442.0	590.0	2032.0	0.419291338583	357.236220472	0.0	none	0	1	0	0	0	0	0	0	0	0	0	0
11	41500068	497819	4087.0	0.00166225073772	0.00205295498966	0.00193895773363	776.0	1552.0	2328.0	-0.333333333333	258.666666667	0.0	786.0	1542.0	2328.0	-0.324742268041	245.505154639	0.0	1423.0	506.0	1929.0	0.475375842405	435.919647486	0.0	1433.0	496.0	1929.0	0.485743908761	455.142042509	0.0	none	0	1	0	0	0	0	0	0	0	0	0	0
11	42000004	498015	4082.0	0.00165456863749	0.00208126261257	0.00196630623576	840.0	1536.0	2376.0	-0.292929292929	203.878787879	0.0	833.0	1543.0	2376.0	-0.298821548822	212.163299663	0.0	1434.0	477.0	1911.0	0.500784929356	479.251177394	0.0	1427.0	484.0	1911.0	0.49345892203	465.331763475	0.0	none	0	1	0	0	0	0	0	0	0	0	0	0
11	42500121	498097	4504.0	0.00180085405052	0.00221242047232	0.00216222944527	893.0	1723.0	2616.0	-0.317278287462	263.340978593	0.0	810.0	1806.0	2616.0	-0.380733944954	379.211009174	0.0	1600.0	569.0	2169.0	0.475334255417	490.069617335	0.0	1517.0	652.0	2169.0	0.398801290917	344.963116644	0.0	none	0	1	0	0	0	0	0	0	0	0	0	0
11	43000035	497208	3944.0	0.00164518672266	0.00198508471304	0.00190966356133	740.0	1475.0	2215.0	-0.331828442438	243.893905192	0.0	721.0	1494.0	2215.0	-0.348984198646	269.764785553	0.0	1414.0	478.0	1892.0	0.494714587738	463.052854123	0.0	1395.0	497.0	1892.0	0.474630021142	426.217758985	0.0	none	0	1	0	0	0	0	0	0	0	0	0	0
11	43500159	497772	4045.0	0.00166943902027	0.00197379523155	0.00190900653311	740.0	1554.0	2294.0	-0.354838709677	288.838709677	0.0	733.0	1561.0	2294.0	-0.360941586748	298.859633827	0.0	1461.0	525.0	1986.0	0.471299093656	441.135951662	0.0	1454.0	532.0	1986.0	0.464249748238	428.038267875	0.0	none	0	1	0	0	0	0	0	0	0	0	0	0
11	44000035	497293	4129.0	0.00163183475335	0.00204306113297	0.00198926990728	882.0	1516.0	2398.0	-0.264386989158	167.621351126	0.0	875.0	1523.0	2398.0	-0.270225187656	175.105921601	0.0	1388.0	586.0	1974.0	0.406281661601	325.837892604	0.0	1381.0	593.0	1974.0	0.399189463019	314.561296859	0.0	none	0	1	0	0	0	0	0	0	0	0	0	0
11	44500009	497710	4353.0	0.00170179421752	0.00216893371642	0.00205892989894	913.0	1637.0	2550.0	-0.283921568627	205.559215686	0.0	955.0	1595.0	2550.0	-0.250980392157	160.62745098	0.0	1436.0	595.0	2031.0	0.414081733136	348.242737568	0.0	1478.0	553.0	2031.0	0.455440669621	421.282619399	0.0	none	0	1	0	0	0	0	0	0	0	0	0	0
11	45000004	497860	4257.0	0.00167215683124	0.00209195356124	0.00198750652794	889.0	1612.0	2501.0	-0.289084366253	209.007996801	0.0	890.0	1611.0	2501.0	-0.288284686126	207.853258697	0.0	1417.0	586.0	2003.0	0.414877683475	344.763354968	0.0	1418.0	585.0	2003.0	0.415876185721	346.424862706	0.0	none	0	1	0	0	0	0	0	0	0	0	0	0
11	45500160	497989	4078.0	0.00164963483129	0.00204321782208	0.00192775342427	842.0	1494.0	2336.0	-0.279109589041	181.979452055	0.0	771.0	1565.0	2336.0	-0.339897260274	269.878424658	0.0	1442.0	493.0	1935.0	0.490439276486	465.426873385	0.0	1371.0	564.0	1935.0	0.417054263566	336.562790698	0.0	none	0	1	0	0	0	0	0	0	0	0	0	0
11	46000062	497846	4337.0	0.00170835961321	0.00222257485246	0.00205786528364	897.0	1646.0	2543.0	-0.294534014943	220.605977192	0.0	839.0	1704.0	2543.0	-0.340149429807	294.229256783	0.0	1505.0	509.0	2014.0	0.494538232373	492.560079444	0.0	1447.0	567.0	2014.0	0.436941410129	384.508440914	0.0	none	0	1	0	0	0	0	0	0	0	0	0	0
11	46500015	497602	4391.0	0.00172225995876	0.00214930808156	0.00203827556963	934.0	1629.0	2563.0	-0.271166601639	188.460788139	0.0	917.0	1646.0	2563.0	-0.284432305892	207.351150995	0.0	1534.0	591.0	2125.0	0.443764705882	418.470117647	0.0	1517.0	608.0	2125.0	0.427764705882	388.838117647	0.0	none	0	1	0	0	0	0	0	0	0	0	0	0
11	47000111	497704	4027.0	0.0016556025268	0.00196904184013	0.00191077427547	796.0	1462.0	2258.0	-0.294951284322	196.437555359	0.0	799.0	1459.0	2258.0	-0.292294065545	192.91408326	0.0	1457.0	515.0	1972.0	0.477687626775	449.981744422	0.0	1460.0	512.0	1972.0	0.480730223124	455.732251521	0.0	none	0	1	0	0	0	0	0	0	0	0	0	0
11	47500022	497243	4303.0	0.00171244240743	0.00201712241299	0.00200756973954	828.0	1603.0	2431.0	-0.318798848211	247.069107363	0.0	787.0	1644.0	2431.0	-0.352529823118	302.118058412	0.0	1551.0	620.0	2171.0	0.428834638415	399.245048365	0.0	1510.0	661.0	2171.0	0.391064025795	332.0133579	0.0	none	0	1	0	0	0	0	0	0	0	0	0	0
11	48000000	497094	4156.0	0.00168076862726	0.00198453411226	0.00192820673756	799.0	1559.0	2358.0	-0.322307039864	244.953350297	0.0	845.0	1513.0	2358.0	-0.283290924512	189.238337574	0.0	1462.0	596.0	2058.0	0.420796890185	364.4101069	0.0	1508.0	550.0	2058.0	0.465500485909	445.9494655	0.0	none	0	1	0	0	0	0	0	0	0	0	0	0
11	48500000	496691	4130.0	0.00159757273637	0.00192071126717	0.00186786150746	918.0	1444.0	2362.0	-0.222692633362	117.136325148	0.0	886.0	1476.0	2362.0	-0.249788314987	147.375105843	0.0	1483.0	581.0	2064.0	0.437015503876	394.187984496	0.0	1451.0	613.0	2064.0	0.406007751938	340.234496124	0.0	none	0	1	0	0	0	0	0	0	0	0	0	0
11	49000012	497153	3798.0	0.00154580179542	0.00189277747494	0.00183092528859	777.0	1402.0	2179.0	-0.28682882056	179.26801285	0.0	735.0	1444.0	2179.0	-0.325378614043	230.693437357	0.0	1316.0	489.0	1805.0	0.458171745152	378.908033241	0.0	1274.0	531.0	1805.0	0.41163434903	305.84432133	0.0	none	0	1	0	0	0	0	0	0	0	0	0	0
11	49500030	497520	4270.0	0.00171349895482	0.00210745296671	0.00201800932626	933.0	1533.0	2466.0	-0.243309002433	145.98540146	0.0	911.0	1555.0	2466.0	-0.261151662612	168.181670722	0.0	1472.0	586.0	2058.0	0.430515063168	381.436345967	0.0	1450.0	608.0	2058.0	0.409135082604	344.491739553	0.0	none	0	1	0	0	0	0	0	0	0	0	0	0
11	50000029	497365	4327.0	0.00170096408071	0.00215133754888	0.00203472299016	953.0	1594.0	2547.0	-0.251668629761	161.319591676	0.0	957.0	1590.0	2547.0	-0.248527679623	157.318021201	0.0	1433.0	605.0	2038.0	0.406280667321	336.400392542	0.0	1437.0	601.0	2038.0	0.410206084396	342.932286555	0.0	none	0	1	0	0	0	0	0	0	0	0	0	0
11	50500032	497120	4170.0	0.0016756517541	0.00205986482137	0.00193615223688	755.0	1644.0	2399.0	-0.37057107128	329.437682368	0.0	721.0	1678.0	2399.0	-0.39891621509	381.762817841	0.0	1461.0	552.0	2013.0	0.451564828614	410.47242921	0.0	1427.0	586.0	2013.0	0.417784401391	351.35668157	0.0	none	0	1	0	0	0	0	0	0	0	0	0	0
11	51000002	496135	3503.0	0.00138571155028	0.00189464561057	0.00167847460873	691.0	1361.0	2052.0	-0.326510721248	218.762183236	0.0	690.0	1362.0	2052.0	-0.327485380117	220.070175439	0.0	1251.0	303.0	1554.0	0.610038610039	578.316602317	0.0	1250.0	304.0	1554.0	0.608751608752	575.879021879	0.0	none	0	1	0	0	0	0	0	0	0	0	0	0
11	51500035	497481	4685.0	0.00194781308231	0.00216289667344	0.00212972957761	800.0	1781.0	2581.0	-0.38008523828	372.863618752	0.0	854.0	1727.0	2581.0	-0.338240991864	295.284385897	0.0	1630.0	766.0	2396.0	0.360601001669	311.559265442	0.0	1684.0	712.0	2396.0	0.405676126878	394.317195326	0.0	none	0	1	0	0	0	0	0	0	0	0	0	0
11	52000007	497350	4300.0	0.00175731376294	0.00220669548608	0.00213179853222	707.0	1769.0	2476.0	-0.428917609047	455.510500808	0.0	764.0	1712.0	2476.0	-0.382875605816	362.966074313	0.0	1412.0	573.0	1985.0	0.422670025189	354.620151134	0.0	1469.0	516.0	1985.0	0.480100755668	457.536020151	0.0	none	0	1	0	0	0	0	0	0	0	0	0	0
11	52500054	497660	4274.0	0.0017170357272	0.00215207169554	0.00206315556806	723.0	1752.0	2475.0	-0.415757575758	427.814545455	0.0	744.0	1731.0	2475.0	-0.398787878788	393.603636364	0.0	1474.0	560.0	2034.0	0.44936086529	410.715830875	0.0	1495.0	539.0	2034.0	0.470009832842	449.329400197	0.0	none	0	1	0	0	0	0	0	0	0	0	0	0
11	53000147	496866	3702.0	0.00137562240121	0.00198141953766	0.00169764081261	886.0	1404.0	2290.0	-0.226200873362	117.172052402	0.0	849.0	1441.0	2290.0	-0.258515283843	153.041048035	0.0	1224.0	357.0	1581.0	0.548387096774	475.451612903	0.0	1187.0	394.0	1581.0	0.501581277672	397.753953194	0.0	none	0	1	0	0	0	0	0	0	0	0	0	0
11	53500086	497570	4175.0	0.00166609723255	0.00204292863316	0.00190073758466	811.0	1613.0	2424.0	-0.330858085809	265.348184818	0.0	1006.0	1418.0	2424.0	-0.1699669967	70.0264026403	1.11022302463e-16	1378.0	672.0	2050.0	0.344390243902	243.139512195	0.0	1573.0	477.0	2050.0	0.534634146341	585.95902439	0.0	none	0	1	0	0	0	0	0	0	0	0	0	0
11	54000098	497621	3844.0	0.00160965875636	0.00197841329044	0.00183020813028	732.0	1450.0	2182.0	-0.329055912007	236.262144821	0.0	730.0	1452.0	2182.0	-0.330889092576	238.90192484	0.0	1377.0	425.0	1802.0	0.528301886792	502.943396226	0.0	1375.0	427.0	1802.0	0.526082130966	498.725860155	0.0	none	0	1	0	0	0	0	0	0	0	0	0	0
11	54500125	498013	4291.0	0.00180517376052	0.00222785348977	0.00206470513822	774.0	1662.0	2436.0	-0.364532019704	323.704433498	0.0	821.0	1615.0	2436.0	-0.325944170772	258.799671593	0.0	1510.0	496.0	2006.0	0.505483549352	512.560319043	0.0	1557.0	449.0	2006.0	0.552342971087	611.996011964	0.0	none	0	1	0	0	0	0	0	0	0	0	0	0
11	55000076	497681	4475.0	0.00177824751196	0.00229464255216	0.00208868733185	807.0	1843.0	2650.0	-0.390943396226	405.017358491	0.0	818.0	1832.0	2650.0	-0.382641509434	387.998490566	0.0	1576.0	516.0	2092.0	0.506692160612	537.093690249	0.0	1587.0	505.0	2092.0	0.517208413002	559.619502868	0.0	none	0	1	0	0	0	0	0	0	0	0	0	0
11	55500030	497452	4421.0	0.00182128124925	0.00219920715969	0.00217005861872	710.0	1765.0	2475.0	-0.426262626263	449.707070707	0.0	696.0	1779.0	2475.0	-0.437575757576	473.894545455	0.0	1520.0	598.0	2118.0	0.435316336166	401.361661945	0.0	1506.0	612.0	2118.0	0.42209631728	377.354107649	0.0	none	0	1	0	0	0	0	0	0	0	0	0	0
11	56000046	497798	4910.0	0.00198172752803	0.00235838633341	0.00228054351363	910.0	1877.0	2787.0	-0.346968066021	335.518119842	0.0	857.0	1930.0	2787.0	-0.385001794044	413.106925009	0.0	1778.0	662.0	2440.0	0.45737704918	510.432786885	0.0	1725.0	715.0	2440.0	0.41393442623	418.073770492	0.0	none	0	1	0	0	0	0	0	0	0	0	0	0
11	56500031	497817	4553.0	0.00180588449169	0.00225986657748	0.00212327019768	887.0	1731.0	2618.0	-0.322383498854	272.091673033	0.0	903.0	1715.0	2618.0	-0.310160427807	251.85026738	0.0	1557.0	622.0	2179.0	0.429095915558	401.204681046	0.0	1573.0	606.0	2179.0	0.44378155117	429.136759982	0.0	none	0	1	0	0	0	0	0	0	0	0	0	0
11	57000033	497748	4030.0	0.00161929329701	0.00203918448693	0.00191160989095	841.0	1505.0	2346.0	-0.283034953112	187.935208866	0.0	777.0	1569.0	2346.0	-0.337595907928	267.375959079	0.0	1451.0	427.0	1878.0	0.545260915868	558.347177849	0.0	1387.0	491.0	1878.0	0.477103301384	427.48455804	0.0	none	0	1	0	0	0	0	0	0	0	0	0	0
11	57500054	497289	4228.0	0.00166000052283	0.00213557910993	0.00195409510365	944.0	1566.0	2510.0	-0.24780876494	154.137051793	0.0	887.0	1623.0	2510.0	-0.293227091633	215.815139442	0.0	1487.0	454.0	1941.0	0.53219989696	549.76249356	0.0	1430.0	511.0	1941.0	0.473467284905	435.116434827	0.0	none	0	1	0	0	0	0	0	0	0	0	0	0
11	58000102	497757	4120.0	0.00173779575174	0.00205521971564	0.00198289526817	738.0	1556.0	2294.0	-0.35658238884	291.684394071	0.0	725.0	1569.0	2294.0	-0.3679163034	310.52136007	0.0	1514.0	499.0	2013.0	0.504222553403	511.785891704	0.0	1501.0	512.0	2013.0	0.4913065077	485.902136115	0.0	none	0	1	0	0	0	0	0	0	0	0	0	0
11	58500016	497259	4572.0	0.00182802121229	0.00220408278181	0.00213269141433	990.0	1628.0	2618.0	-0.243697478992	155.478991597	0.0	924.0	1694.0	2618.0	-0.294117647059	226.470588235	0.0	1653.0	575.0	2228.0	0.483842010772	521.581687612	0.0	1587.0	641.0	2228.0	0.424596050269	401.667863555	0.0	none	0	1	0	0	0	0	0	0	0	0	0	0
11	59000006	497024	4687.0	0.00184598731651	0.0021417476822	0.00210955607777	1106.0	1602.0	2708.0	-0.183161004431	90.8478581979	0.0	959.0	1749.0	2708.0	-0.291728212703	230.465288035	0.0	1686.0	690.0	2376.0	0.419191919192	417.515151515	0.0	1539.0	837.0	2376.0	0.295454545455	207.409090909	0.0	none	0	1	0	0	0	0	0	0	0	0	0	0
11	59500070	496664	4707.0	0.00182014400077	0.00222786431068	0.00219615273102	1145.0	1636.0	2781.0	-0.176555195973	86.6886012226	0.0	949.0	1832.0	2781.0	-0.317511686444	280.36281913	0.0	1669.0	637.0	2306.0	0.447528187337	461.849089332	0.0	1473.0	833.0	2306.0	0.277536860364	177.623590633	0.0	none	0	1	0	0	0	0	0	0	0	0	0	0
11	60000108	497041	4509.0	0.00179663247096	0.00210344820649	0.0020908737911	937.0	1632.0	2569.0	-0.270533281432	188.020630596	0.0	959.0	1610.0	2569.0	-0.25340599455	164.967302452	0.0	1529.0	755.0	2284.0	0.33887915937	262.292469352	0.0	1551.0	733.0	2284.0	0.358143607706	292.961471103	0.0	none	0	1	0	0	0	0	0	0	0	0	0	0
11	60500032	497340	4804.0	0.00183476092814	0.00226303936945	0.00222081473439	1033.0	1767.0	2800.0	-0.262142857143	192.412857143	0.0	998.0	1802.0	2800.0	-0.287142857143	230.862857143	0.0	1609.0	770.0	2379.0	0.352669188735	295.889449348	0.0	1574.0	805.0	2379.0	0.32324506095	248.575451871	0.0	none	0	1	0	0	0	0	0	0	0	0	0	0
11	61000057	497198	4881.0	0.00192679777473	0.00226167442347	0.00220083347077	1020.0	1777.0	2797.0	-0.270647121916	204.879871291	0.0	1089.0	1708.0	2797.0	-0.22130854487	136.989989274	0.0	1605.0	874.0	2479.0	0.294876966519	215.555062525	0.0	1674.0	805.0	2479.0	0.350544574425	304.623235175	0.0	none	0	1	0	0	0	0	0	0	0	0	0	0
11	61500013	497679	4279.0	0.00181341788583	0.00202741124299	0.002035950884	777.0	1499.0	2276.0	-0.317223198594	229.035149385	0.0	750.0	1526.0	2276.0	-0.340949033392	264.576449912	0.0	1558.0	626.0	2184.0	0.42673992674	397.721611722	0.0	1531.0	653.0	2184.0	0.402014652015	352.968864469	0.0	none	0	1	0	0	0	0	0	0	0	0	0	0
11	62000024	498003	4636.0	0.00192769923073	0.00220380198513	0.0022394443407	896.0	1695.0	2591.0	-0.308375144732	246.391740641	0.0	849.0	1742.0	2591.0	-0.344654573524	307.776534157	0.0	1680.0	634.0	2314.0	0.452031114952	472.82454624	0.0	1633.0	681.0	2314.0	0.411408815903	391.66119274	0.0	none	0	1	0	0	0	0	0	0	0	0	0	0
11	62500010	497947	4664.0	0.00190080470412	0.00222614053303	0.00219902921395	864.0	1768.0	2632.0	-0.343465045593	310.492401216	0.0	864.0	1768.0	2632.0	-0.343465045593	310.492401216	0.0	1666.0	644.0	2310.0	0.442424242424	452.157575758	0.0	1666.0	644.0	2310.0	0.442424242424	452.157575758	0.0	none	0	1	0	0	0	0	0	0	0	0	0	0
11	63000018	497749	4754.0	0.00193772363179	0.00230437429307	0.00226770922694	970.0	1735.0	2705.0	-0.28280961183	216.34935305	0.0	914.0	1791.0	2705.0	-0.324214417745	284.336044362	0.0	1765.0	576.0	2341.0	0.507902605724	603.896198206	0.0	1709.0	632.0	2341.0	0.460059803503	495.484408372	0.0	none	0	1	0	0	0	0	0	0	0	0	0	0
11	63500010	498042	5165.0	0.00201187851627	0.00255500540115	0.00241997662848	1040.0	2006.0	3046.0	-0.317137229153	306.354563362	0.0	943.0	2103.0	3046.0	-0.380827314511	441.759684833	0.0	1763.0	677.0	2440.0	0.445081967213	483.359016393	0.0	1666.0	774.0	2440.0	0.365573770492	326.091803279	0.0	none	0	1	0	0	0	0	0	0	0	0	0	0
11	64000083	497658	5111.0	0.0020325203252	0.00245248745122	0.0023821580282	990.0	1933.0	2923.0	-0.322613752993	304.224769073	0.0	891.0	2032.0	2923.0	-0.390352377694	445.392062949	0.0	1866.0	655.0	2521.0	0.48036493455	581.72193574	0.0	1767.0	754.0	2521.0	0.401824672749	407.048393495	0.0	none	0	1	0	0	0	0	0	0	0	0	0	0
11	64500002	497431	4304.0	0.0017841670503	0.00214904177665	0.00205204339898	833.0	1608.0	2441.0	-0.317492830807	246.056943875	0.0	808.0	1633.0	2441.0	-0.337976239246	278.830397378	0.0	1498.0	546.0	2044.0	0.465753424658	443.397260274	0.0	1473.0	571.0	2044.0	0.441291585127	398.045009785	0.0	none	0	1	0	0	0	0	0	0	0	0	0	0
11	65000025	497396	5014.0	0.0019793082373	0.00233717199173	0.00228791546374	965.0	1876.0	2841.0	-0.320661738824	292.122844069	0.0	914.0	1927.0	2841.0	-0.356564589933	361.199929602	0.0	1746.0	772.0	2518.0	0.386814932486	376.757744241	0.0	1695.0	823.0	2518.0	0.346306592534	301.979348689	0.0	none	0	1	0	0	0	0	0	0	0	0	0	0
11	65500053	497803	4683.0	0.00183807650818	0.00225390365265	0.002180581475	923.0	1788.0	2711.0	-0.319070453707	275.995942457	0.0	889.0	1822.0	2711.0	-0.344153448912	321.095167835	0.0	1640.0	630.0	2270.0	0.444933920705	449.383259912	0.0	1606.0	664.0	2270.0	0.414977973568	390.909251101	0.0	none	0	1	0	0	0	0	0	0	0	0	0	0
11	66000026	497609	4659.0	0.00191113906702	0.00228693612857	0.00221459017019	898.0	1723.0	2621.0	-0.314765356734	259.681419306	0.0	884.0	1737.0	2621.0	-0.325448302175	277.607401755	0.0	1668.0	600.0	2268.0	0.470899470899	502.920634921	0.0	1654.0	614.0	2268.0	0.458553791887	476.895943563	0.0	none	0	1	0	0	0	0	0	0	0	0	0	0
11	66500052	497265	3974.0	0.00156958563341	0.00201803867153	0.00186319165837	826.0	1462.0	2288.0	-0.277972027972	176.79020979	0.0	780.0	1508.0	2288.0	-0.318181818182	231.636363636	0.0	1341.0	541.0	1882.0	0.425079702444	340.063761955	0.0	1295.0	587.0	1882.0	0.376195536663	266.346439957	0.0	none	0	1	0	0	0	0	0	0	0	0	0	0
11	67000116	497244	4194.0	0.00168026160195	0.00203622366484	0.00194773592039	899.0	1518.0	2417.0	-0.256102606537	158.527513446	0.0	897.0	1520.0	2417.0	-0.257757550683	160.582954075	0.0	1477.0	554.0	2031.0	0.454455933038	419.462826194	0.0	1475.0	556.0	2031.0	0.452486459872	415.835056622	0.0	none	0	1	0	0	0	0	0	0	0	0	0	0
11	67500088	497488	4767.0	0.0017789373814	0.00233874987939	0.00216135866594	1144.0	1734.0	2878.0	-0.205003474635	120.952050035	0.0	1020.0	1858.0	2878.0	-0.291174426685	244.004169562	0.0	1703.0	574.0	2277.0	0.495827843654	559.789635485	0.0	1579.0	698.0	2277.0	0.386912604304	340.870004392	0.0	none	0	1	0	0	0	0	0	0	0	0	0	0
11	68000017	496390	4781.0	0.00182316323858	0.00235601039505	0.00219535043011	1066.0	1792.0	2858.0	-0.254023792862	184.421273618	0.0	984.0	1874.0	2858.0	-0.311406578027	277.151854444	0.0	1667.0	624.0	2291.0	0.455259711916	474.835879529	0.0	1585.0	706.0	2291.0	0.383675250982	337.250545613	0.0	none	0	1	0	0	0	0	0	0	0	0	0	0
11	68500031	496520	4780.0	0.00187505035044	0.00232719729316	0.00229245549021	951.0	1815.0	2766.0	-0.312364425163	269.882863341	0.0	989.0	1777.0	2766.0	-0.284887924801	224.491684743	0.0	1596.0	718.0	2314.0	0.379429559205	333.139152982	0.0	1634.0	680.0	2314.0	0.412273120138	393.308556612	0.0	none	0	1	0	0	0	0	0	0	0	0	0	0
11	69000038	496339	4977.0	0.00195632420584	0.00230991318434	0.00229530623223	1010.0	1860.0	2870.0	-0.296167247387	251.742160279	0.0	985.0	1885.0	2870.0	-0.313588850174	282.229965157	0.0	1763.0	737.0	2500.0	0.4104	421.0704	0.0	1738.0	762.0	2500.0	0.3904	381.0304	0.0	none	0	1	0	0	0	0	0	0	0	0	0	0
11	69500146	497782	5354.0	0.00208725908128	0.00255332655661	0.00243178740895	1092.0	2002.0	3094.0	-0.294117647059	267.647058824	0.0	1045.0	2049.0	3094.0	-0.324499030381	325.797026503	0.0	1894.0	759.0	2653.0	0.427817565021	485.572936299	0.0	1847.0	806.0	2653.0	0.392385978138	408.473803242	0.0	none	0	1	0	0	0	0	0	0	0	0	0	0
11	70000172	497742	4642.0	0.0019136420073	0.00216176251954	0.00217431922562	998.0	1615.0	2613.0	-0.236127057023	145.690394183	0.0	897.0	1716.0	2613.0	-0.313432835821	256.701492537	0.0	1767.0	597.0	2364.0	0.494923857868	579.060913706	0.0	1666.0	698.0	2364.0	0.409475465313	396.372250423	0.0	none	0	1	0	0	0	0	0	0	0	0	0	0
11	70500040	497459	5226.0	0.00205846109931	0.00252985673191	0.00244090467757	1009.0	2013.0	3022.0	-0.332230311052	333.559232296	0.0	969.0	2053.0	3022.0	-0.358702845797	388.833884844	0.0	1847.0	701.0	2548.0	0.449764521193	515.430141287	0.0	1807.0	741.0	2548.0	0.418367346939	445.979591837	0.0	none	0	1	0	0	0	0	0	0	0	0	0	0
11	71000051	496878	6028.0	0.00233759594911	0.00280954278515	0.00278287627949	1293.0	2234.0	3527.0	-0.266798979303	251.057839524	0.0	1242.0	2285.0	3527.0	-0.29571874114	308.434647009	0.0	2024.0	944.0	2968.0	0.363881401617	392.991913747	0.0	1973.0	995.0	2968.0	0.329514824798	322.265498652	0.0	none	0	1	0	0	0	0	0	0	0	0	0	0
11	71500040	497089	5503.0	0.00212336221481	0.00251262852326	0.0024799382002	1224.0	1958.0	3182.0	-0.230672532998	169.313639221	0.0	1115.0	2067.0	3182.0	-0.299182903834	284.82212445	0.0	1964.0	822.0	2786.0	0.409906676238	468.113424264	0.0	1855.0	931.0	2786.0	0.331658291457	306.452261307	0.0	none	0	1	0	0	0	0	0	0	0	0	0	0
11	72000054	497447	5337.0	0.00206152615253	0.00253695368552	0.00248719964137	1234.0	1885.0	3119.0	-0.208720743828	135.877204232	0.0	1181.0	1938.0	3119.0	-0.242705995511	183.728438602	0.0	1789.0	800.0	2589.0	0.382000772499	377.798764002	0.0	1736.0	853.0	2589.0	0.341058323677	301.154499807	0.0	none	0	1	0	0	0	0	0	0	0	0	0	0
11	72500068	497506	5214.0	0.00202711123082	0.0024150462507	0.00237585074351	1113.0	1898.0	3011.0	-0.260710727333	204.657920956	0.0	1047.0	1964.0	3011.0	-0.304549983394	279.272334773	0.0	1872.0	759.0	2631.0	0.423033067275	470.835803877	0.0	1806.0	825.0	2631.0	0.372862029647	365.777651083	0.0	none	0	1	0	0	0	0	0	0	0	0	0	0
11	73000009	496333	5508.0	0.00209436003651	0.00255775860158	0.00257085464799	1197.0	2018.0	3215.0	-0.255365474339	209.655054432	0.0	1181.0	2034.0	3215.0	-0.26531881804	226.316951788	0.0	1947.0	824.0	2771.0	0.405268856009	455.116925298	0.0	1931.0	840.0	2771.0	0.393720678455	429.549260195	0.0	none	0	1	0	0	0	0	0	0	0	0	0	0
11	73500002	495251	5999.0	0.0022877288486	0.00280665763421	0.00278848503082	1412.0	2083.0	3495.0	-0.191988555079	128.824320458	0.0	1330.0	2165.0	3495.0	-0.238912732475	199.492131617	0.0	2062.0	926.0	2988.0	0.380187416332	431.892904953	0.0	1980.0	1008.0	2988.0	0.325301204819	316.192771084	0.0	none	0	1	0	0	0	0	0	0	0	0	0	0
11	74000013	495581	4265.0	0.00167480189918	0.00197243235717	0.00193762472734	845.0	1606.0	2451.0	-0.310485516116	236.279477764	0.0	857.0	1594.0	2451.0	-0.300693594451	221.611179111	0.0	1481.0	687.0	2168.0	0.366236162362	290.791512915	0.0	1493.0	675.0	2168.0	0.377306273063	308.636531365	0.0	none	0	1	0	0	0	0	0	0	0	0	0	0
11	74389035	386637	3432.0	0.0017005615086	0.00225534545323	0.00210339413972	715.0	1329.0	2044.0	-0.300391389432	184.440313112	0.0	729.0	1315.0	2044.0	-0.286692759295	168.001956947	0.0	1151.0	433.0	1584.0	0.453282828283	325.457070707	0.0	1165.0	419.0	1584.0	0.47095959596	351.335858586	0.0	none	0	1	0	0	0	0	0	0	0	0	0	0
