#chrom	pos	AAAAA	AAABA	AABAA	AABBA	ABAAA	ABABA	ABBAA	ABBBA	BAAAA	BAABA	BABAA	BABBA	BBAAA	BBABA	BBBAA	BBBBA
28	500007	491234	73	33	3	42	3	0	2	19	1	1	4	0	2	2	32
28	1000027	493602	40	14	2	9	1	0	1	3	0	4	1	1	5	0	12
28	1500009	493539	23	13	0	10	1	0	0	6	0	0	0	1	1	3	4
28	2000102	493871	47	7	0	14	0	0	2	7	0	1	0	1	0	3	3
28	2500010	492274	70	49	2	44	1	4	2	26	0	3	0	4	2	7	35
28	3000148	492569	23	7	0	8	0	0	0	0	0	0	0	0	0	1	3
28	3500011	492789	35	19	0	16	3	1	0	8	4	1	0	0	2	1	17
28	4000067	493161	49	31	3	13	2	2	1	13	0	0	2	4	2	2	25
28	4500064	492360	17	19	0	23	0	1	2	9	1	0	1	0	0	3	15
28	5000313	492929	38	33	0	18	5	1	1	16	0	0	0	0	3	1	15
28	5500055	492301	68	61	2	49	2	3	3	37	6	1	2	5	7	2	51
28	6000036	493246	14	12	0	6	1	0	2	6	1	2	0	0	0	0	3
28	6500109	493886	26	5	0	11	0	3	0	5	1	1	0	0	0	1	15
28	7000024	493474	41	14	2	9	1	0	0	5	1	0	0	0	2	4	19
28	7500051	492939	33	8	0	5	0	0	0	4	0	1	1	1	0	0	8
28	8000150	492887	17	14	3	5	0	0	0	2	1	0	0	1	0	0	2
28	8500033	492516	36	32	0	12	0	1	2	14	0	1	1	3	7	2	10
28	9000242	492871	46	8	0	4	0	0	0	5	0	1	1	1	0	1	7
28	9500023	492251	16	16	0	15	4	0	0	14	0	0	1	0	0	1	14
28	10000022	493321	34	2	1	4	1	0	0	3	1	0	2	1	0	0	15
28	10500007	492889	22	6	0	4	0	0	0	2	0	0	1	0	0	0	5
28	11000477	493471	23	3	0	5	0	0	0	5	0	1	1	0	0	0	4
28	11500051	492939	0	0	0	0	0	0	0	0	0	0	0	0	2	0	5
28	12000057	493060	12	13	1	11	0	0	2	4	0	1	0	0	0	1	23
28	12500034	493439	26	15	2	14	1	0	0	5	1	0	1	2	2	2	14
28	13000020	492939	33	24	1	21	2	2	0	17	1	0	0	1	1	3	22
28	13500128	493666	3	0	0	1	0	0	0	0	0	0	0	0	0	0	1
28	14000123	493070	15	7	0	3	0	1	0	0	0	0	0	1	0	5	2
28	14500050	493822	11	3	0	1	0	0	0	1	0	0	0	0	0	1	7
28	15000014	493127	11	6	0	2	0	0	1	1	0	0	0	0	0	0	2
28	15500004	493336	12	2	0	4	0	0	1	0	1	0	0	0	0	1	9
28	16000003	492617	30	6	1	8	1	1	0	2	0	0	0	0	0	0	5
28	16500010	492610	21	3	0	2	0	0	0	3	3	1	1	0	0	0	3
28	17000005	492083	50	19	2	16	1	2	1	6	0	1	0	1	1	2	14
28	17500190	492840	40	8	0	12	2	0	0	3	1	0	0	1	0	1	3
28	18000076	492154	17	22	0	12	1	3	1	9	0	0	0	1	0	2	22
28	18500156	492475	9	7	0	10	0	0	0	7	0	0	1	2	0	0	11
28	19000021	492077	12	19	0	7	0	1	0	12	0	1	0	0	1	2	23
28	19500021	491812	50	33	3	37	1	1	2	19	3	2	3	3	2	1	38
28	20000058	491683	31	22	1	18	4	1	3	14	2	1	1	5	0	0	18
28	20500317	492413	26	35	1	20	2	2	4	18	3	3	0	2	1	1	28
28	21000443	491995	30	15	1	14	0	4	3	20	3	1	0	0	1	1	29
28	21500161	491925	29	22	1	32	4	2	1	13	1	0	1	0	1	2	17
28	22000027	492650	18	2	5	2	1	0	0	0	0	1	0	1	1	1	5
28	22500010	492606	30	13	1	11	0	0	2	10	0	0	0	1	0	0	10
28	23000013	492896	16	15	1	12	0	0	1	6	0	3	0	0	0	1	9
28	23500242	492725	24	27	0	30	1	1	0	14	0	1	1	2	0	0	21
28	24000255	493409	18	0	0	2	0	0	1	2	0	0	1	0	1	0	4
28	24500031	492569	10	3	0	4	0	0	0	4	0	0	0	0	0	0	9
28	25000455	493223	11	6	1	1	1	0	0	2	1	0	0	0	1	0	5
28	25500004	492126	36	8	0	8	0	0	0	6	0	0	0	0	0	0	10
28	26000011	493072	24	20	1	4	0	2	1	6	0	1	0	0	0	0	13
28	26500090	492695	81	47	3	33	5	4	0	17	1	1	1	1	3	2	36
28	27000001	492843	15	5	0	9	0	0	0	3	0	0	0	0	0	1	8
28	27500063	492452	6	6	0	7	0	0	0	4	1	0	0	2	0	2	3
28	28000006	492206	22	19	3	20	0	0	0	13	1	0	1	0	0	0	27
28	28500044	492528	4	13	1	6	0	0	0	1	0	0	0	0	0	0	6
28	29000036	492874	3	2	0	2	0	0	0	3	0	0	0	1	0	0	2
28	29500072	492474	8	0	0	1	0	0	0	1	0	0	0	0	0	0	2
28	30000131	493228	34	7	1	3	0	2	0	1	0	0	0	0	2	0	5
28	30500023	492065	19	13	0	9	1	0	0	5	0	0	0	1	0	1	9
28	31000048	492302	11	0	0	2	0	0	0	1	0	0	0	1	1	0	2
28	31500038	492287	11	2	0	0	0	0	1	5	0	0	0	0	0	0	3
28	32000018	491980	7	4	0	2	0	0	0	1	0	0	0	0	0	0	1
28	32500138	491759	12	2	0	4	0	1	1	2	1	0	0	0	0	0	1
28	33000083	492183	11	3	0	0	0	0	0	1	0	0	1	0	0	0	11
28	33500079	492076	15	13	1	11	0	1	0	3	0	1	0	0	0	1	9
28	34000111	491393	11	5	0	11	1	2	1	7	1	0	0	0	0	0	7
28	34500080	492643	15	1	0	4	2	0	0	6	0	0	0	1	0	0	0
28	35000264	492200	9	1	0	5	1	0	1	0	0	0	0	0	0	0	0
28	35500052	491828	3	1	0	2	0	0	0	0	0	0	0	0	0	0	3
28	36000221	491882	14	2	0	2	3	1	0	1	0	1	1	2	0	1	0
28	36500031	491470	9	3	0	3	0	0	0	0	0	0	1	1	0	0	3
28	37000007	491051	7	2	1	2	0	0	0	1	0	0	0	1	0	0	0
28	37500020	491084	0	2	0	7	1	0	0	0	0	0	0	0	0	0	0
28	38000032	491061	3	6	0	2	0	1	2	3	1	0	0	0	0	0	3
28	38500051	491320	7	1	0	2	0	0	0	0	0	0	0	0	0	0	3
28	39000027	490990	6	0	0	2	0	0	0	2	1	0	0	0	0	0	0
28	39500011	488844	12	18	1	4	4	0	1	3	0	0	0	0	0	3	4
28	40000065	489230	7	1	0	1	0	0	0	0	0	0	0	0	1	0	3
28	40500128	491015	4	4	0	1	0	0	0	2	0	0	0	1	0	0	2
28	41000280	491835	10	0	0	0	0	0	0	1	0	1	0	0	0	0	3
28	41182053	178839	8	3	0	2	0	0	0	1	0	1	1	0	0	1	3
