#chrom	pos	AAAAA	AAABA	AABAA	AABBA	ABAAA	ABABA	ABBAA	ABBBA	BAAAA	BAABA	BABAA	BABBA	BBAAA	BBABA	BBBAA	BBBBA
23	500177	492224	77	56	0	44	2	6	3	43	4	3	1	3	2	6	49
23	1000039	492099	57	27	0	36	2	3	1	29	1	5	4	0	2	1	50
23	1500139	492308	60	37	3	36	2	1	4	37	3	5	2	3	0	3	40
23	2000142	493176	39	7	1	13	4	1	0	18	0	5	1	1	0	3	10
23	2500099	493554	24	22	1	45	1	2	0	27	2	2	0	1	3	2	25
23	3000073	493316	48	15	1	15	2	0	0	11	1	0	0	0	1	4	16
23	3500088	492608	57	22	0	19	0	0	0	17	0	4	1	0	1	2	26
23	4000006	493067	9	8	0	5	0	1	0	2	0	0	0	0	0	0	10
23	4500098	493423	11	5	0	5	0	0	0	2	0	0	0	0	0	1	2
23	5000035	492629	55	28	1	46	0	0	5	16	5	1	0	0	2	1	35
23	5500272	493237	48	21	1	13	2	1	1	4	1	5	0	1	3	4	23
23	6000036	492610	54	22	0	18	1	0	1	15	0	7	0	1	1	4	36
23	6500090	492676	80	29	2	19	0	1	2	25	0	3	4	1	0	1	32
23	7000036	492555	69	34	5	15	0	2	2	15	1	2	2	2	6	1	37
23	7500104	493287	13	13	0	5	0	0	1	6	0	4	1	0	1	0	2
23	8000226	492968	21	3	0	5	1	0	0	0	0	0	0	0	0	1	0
23	8500015	492366	12	4	0	4	1	2	0	2	0	0	1	0	0	1	4
23	9000138	492573	16	28	1	24	0	0	2	18	0	1	1	2	1	0	22
23	9500162	492476	42	8	0	9	1	0	1	8	0	0	0	1	1	2	6
23	10000229	492629	14	8	0	5	0	0	0	8	0	2	0	1	0	1	5
23	10500101	492733	30	40	1	20	0	5	1	27	1	1	1	0	0	1	14
23	11000196	492463	37	16	0	27	1	2	0	20	0	1	1	2	1	7	38
23	11500013	491989	35	26	0	13	0	0	1	19	1	1	3	0	1	0	27
23	12000066	492955	12	15	0	11	1	2	1	7	0	0	1	0	0	1	13
23	12500066	492454	9	3	0	2	0	0	1	7	0	1	0	0	0	3	4
23	13000088	492443	17	1	0	1	0	0	0	0	0	0	0	0	0	0	2
23	13500209	492416	14	14	0	10	2	3	0	3	2	1	3	0	0	0	12
23	14000051	492374	6	2	0	5	1	0	0	4	0	0	0	1	0	0	11
23	14500062	493305	14	5	0	3	0	0	0	1	0	0	1	0	0	1	1
23	15000214	493719	17	4	0	17	0	1	0	1	1	0	0	0	0	0	12
23	15500026	492462	12	17	1	15	0	0	1	9	0	0	0	0	0	0	20
23	16000013	493468	29	19	1	8	0	0	2	10	1	0	2	1	1	0	20
23	16500032	492674	13	14	0	4	0	2	0	7	1	1	1	0	1	1	15
23	17000028	493417	12	13	0	13	0	1	0	1	0	2	0	2	0	1	18
23	17500011	492484	19	18	0	10	1	2	0	6	0	0	1	1	1	0	10
23	18000032	492804	8	12	1	6	1	2	0	13	0	0	2	0	0	0	6
23	18500110	493391	1	1	0	1	0	0	0	0	0	0	0	1	0	0	1
23	19000077	492812	22	4	0	4	0	0	0	3	0	0	0	0	0	3	4
23	19500043	493437	25	0	0	2	0	0	0	1	0	0	0	0	0	0	3
23	20000035	493241	16	4	0	5	0	0	0	0	0	0	0	0	0	0	0
23	20500142	493898	15	23	1	13	2	0	1	6	0	0	2	0	0	0	8
23	21000000	492048	43	30	0	25	0	2	1	23	1	1	1	3	1	4	21
23	21500104	492984	54	27	2	24	6	0	1	18	1	0	2	3	1	1	24
23	22000151	492798	10	3	0	5	1	0	0	5	0	1	0	1	0	2	8
23	22500072	492805	34	17	0	16	1	0	0	9	2	2	2	1	0	1	17
23	23000029	492958	56	38	2	50	1	1	2	28	2	0	1	0	0	3	27
23	23500146	493719	19	8	0	7	0	1	0	4	3	0	1	0	0	1	10
23	24000025	492853	9	12	1	7	0	1	0	4	0	0	1	1	2	0	11
23	24500014	493400	5	2	0	1	0	0	0	3	0	0	0	0	0	0	0
23	25000019	493424	21	6	0	4	0	0	0	3	0	0	1	0	1	2	6
23	25500109	493532	25	13	0	21	1	0	1	22	2	3	0	0	0	0	19
23	26001547	494732	6	8	0	3	0	0	0	4	0	0	0	0	3	0	4
23	26500040	492188	14	7	0	3	0	1	0	4	0	0	0	0	2	1	8
23	27000018	493536	13	5	0	3	0	1	0	3	0	0	0	1	1	0	1
23	27500094	493100	18	5	0	1	0	0	0	2	0	0	0	0	0	0	4
23	28000131	492426	6	4	0	1	0	0	0	1	0	0	0	0	0	0	2
23	28500154	492693	25	9	0	7	0	1	3	6	1	1	1	0	0	2	11
23	29000017	492530	6	0	0	0	0	0	0	1	0	0	0	0	0	0	0
23	29500001	492816	7	2	0	6	0	0	0	3	0	1	0	0	0	0	3
23	30000277	492736	68	43	1	37	2	2	2	19	2	0	0	1	1	3	28
23	30500194	493192	9	3	0	5	0	0	0	0	0	0	0	0	0	0	14
23	31000135	493161	20	3	0	0	0	1	0	0	0	0	0	0	0	0	2
23	31500104	492637	23	4	0	3	1	2	2	3	0	0	0	0	0	1	1
23	32000181	492126	13	5	1	5	0	0	0	3	0	0	2	1	0	0	5
23	32500103	493125	15	8	0	3	0	0	0	1	0	0	0	0	0	0	6
23	33000046	493165	37	24	0	26	0	2	1	15	1	2	0	0	1	3	26
23	33500005	493203	7	10	3	7	0	0	0	9	0	0	1	2	0	0	5
23	34000010	493042	21	8	0	7	0	0	0	1	1	0	1	0	0	1	2
23	34500148	493452	34	13	0	15	0	1	0	8	0	1	2	4	1	0	11
23	35000054	492619	24	22	1	18	1	0	0	9	1	1	0	1	1	1	12
23	35500066	492465	31	12	0	8	2	0	2	3	0	0	1	1	0	3	19
23	36000239	492032	10	8	0	12	1	0	0	4	0	1	0	2	1	0	11
23	36500073	491897	32	9	1	17	0	0	0	8	1	0	0	0	0	1	15
23	37000070	492644	14	16	2	14	1	0	0	11	2	1	0	3	2	2	10
23	37500069	493129	4	2	1	2	1	0	0	4	0	2	1	0	0	0	3
23	38000189	493382	13	7	0	0	0	2	1	8	0	1	0	0	5	1	5
23	38500160	493626	15	14	0	6	0	0	0	2	0	0	0	0	0	0	2
23	39000006	492557	9	4	0	4	0	0	0	2	0	0	0	3	1	0	4
23	39500030	493435	5	3	0	0	0	0	0	1	0	0	0	0	0	0	1
23	40000049	493176	6	8	0	2	1	0	0	1	0	0	0	0	0	0	3
23	40500166	492423	22	14	1	12	0	2	2	3	1	0	1	0	3	3	9
23	41000018	493035	13	7	0	6	1	0	0	3	0	0	0	0	0	0	7
23	41500095	494012	10	15	0	3	0	2	0	7	1	0	0	1	0	2	5
23	42000061	492769	14	17	2	29	2	0	0	16	1	3	3	0	1	3	10
23	42500013	493017	16	13	0	9	1	1	1	6	0	1	0	0	3	1	10
23	43000017	493382	5	0	0	3	0	1	0	1	0	0	0	0	0	0	3
23	43500162	493131	14	3	0	5	0	0	0	2	0	0	0	0	0	0	2
23	44000089	492844	35	23	2	17	3	1	0	13	0	2	0	0	1	3	35
23	44500163	492472	20	3	0	7	1	0	0	4	3	0	0	0	0	3	2
23	45000005	492770	13	1	0	1	0	0	0	1	0	0	0	0	0	0	1
23	45500117	492927	7	1	0	3	2	2	0	0	0	1	0	0	0	0	1
23	46000192	491863	22	0	0	7	0	1	0	8	0	0	0	1	0	0	5
23	46500013	492201	15	15	1	9	1	0	0	15	1	0	2	0	0	4	21
23	47000074	492727	10	1	0	3	0	0	1	4	0	0	1	0	0	0	9
23	47500149	492044	10	5	1	3	0	1	0	3	0	1	0	0	1	2	12
23	48000141	492603	20	5	0	2	0	0	0	2	0	0	0	0	4	0	3
23	48500076	492725	17	5	0	6	1	0	1	1	1	0	0	1	0	2	9
23	49000063	492626	11	16	0	4	1	1	0	10	0	1	0	0	1	0	8
23	49500114	491587	20	1	0	4	1	0	0	1	1	0	0	1	0	1	8
23	50000101	491399	38	4	0	8	1	0	1	2	0	1	1	0	0	1	2
23	50500009	492947	7	0	0	2	0	0	0	0	0	0	0	0	0	1	5
23	51000042	491669	10	7	0	4	0	0	0	2	0	0	0	0	1	1	5
23	51500244	491749	3	2	0	1	0	0	0	0	1	0	0	0	0	0	1
23	52000375	493320	21	10	0	4	0	1	0	5	0	0	2	0	0	0	8
23	52294420	289117	14	4	0	1	0	0	0	0	0	0	0	0	0	0	2
