#chrom	coord	total	dtotal	T12	T34	T1234	DFO_left	DFO_right	DFO_total	DFO_stat	DFO_chisq	DFO_Pvalue	DIL_left	DIL_right	DIL_total	DIL_stat	DIL_chisq	DIL_Pvalue	DFI_left	DFI_right	DFI_total	DFI_stat	DFI_chisq	DFI_Pvalue	DOL_left	DOL_right	DOL_total	DOL_stat	DOL_chisq	DOL_Pvalue	introgression	introgna	intrognone	introg13	introg14	introg23	introg24	introg31	introg41	introg32	introg42	introg123	introg124
1	500101	497031	9369.0	0.00406413282069	0.00379050803672	0.0043226680026	1834.0	3105.0	4939.0	-0.257339542417	327.078558413	0.0	1914.0	3025.0	4939.0	-0.224944320713	249.913140312	0.0	2975.0	2237.0	5212.0	0.141596316193	104.498081351	0.0	3055.0	2157.0	5212.0	0.172294704528	154.720644666	0.0	none	0	1	0	0	0	0	0	0	0	0	0	0
1	1000300	497337	3980.0	0.00164677070075	0.00212330874236	0.00193932886554	668.0	1649.0	2317.0	-0.423392317652	415.347863617	0.0	646.0	1671.0	2317.0	-0.442382391023	453.441950798	0.0	1429.0	350.0	1779.0	0.606520517144	654.435637999	0.0	1407.0	372.0	1779.0	0.581787521079	602.150084317	0.0	none	0	1	0	0	0	0	0	0	0	0	0	0
1	1500026	497298	3672.0	0.00145486207465	0.00197567655611	0.0017383942827	558.0	1638.0	2196.0	-0.491803278689	531.147540984	0.0	517.0	1679.0	2196.0	-0.529143897996	614.865209472	0.0	1330.0	275.0	1605.0	0.657320872274	693.473520249	0.0	1289.0	316.0	1605.0	0.606230529595	589.862305296	0.0	none	0	1	0	0	0	0	0	0	0	0	0	0
1	2000559	498456	4370.0	0.00178651676377	0.00222487039979	0.00202274624039	642.0	1817.0	2459.0	-0.47783651891	561.457909719	0.0	584.0	1875.0	2459.0	-0.525010166734	677.788125254	0.0	1764.0	319.0	2083.0	0.693710993759	1002.41238598	0.0	1706.0	377.0	2083.0	0.638022083533	847.931349016	0.0	none	0	1	0	0	0	0	0	0	0	0	0	0
1	2500024	497563	4146.0	0.00162291006365	0.00219369205508	0.00194749207638	618.0	1844.0	2462.0	-0.497969130788	610.510154346	0.0	573.0	1889.0	2462.0	-0.534524776604	703.434606011	0.0	1433.0	386.0	1819.0	0.575590984057	602.643760308	0.0	1388.0	431.0	1819.0	0.526113249038	503.490379329	0.0	none	0	1	0	0	0	0	0	0	0	0	0	0
1	3000178	498128	4724.0	0.00183486975235	0.0024230719815	0.00217213246395	981.0	1834.0	2815.0	-0.303019538188	258.475666075	0.0	855.0	1960.0	2815.0	-0.392539964476	433.756660746	0.0	1688.0	497.0	2185.0	0.545080091533	649.190389016	0.0	1562.0	623.0	2185.0	0.429748283753	403.533638444	0.0	none	0	1	0	0	0	0	0	0	0	0	0	0
1	3500029	497682	4153.0	0.00168682009797	0.00211580889001	0.00194551942807	829.0	1585.0	2414.0	-0.313173156587	236.758906379	0.0	735.0	1679.0	2414.0	-0.391052195526	369.153272577	0.0	1486.0	453.0	1939.0	0.532748839608	550.329551315	0.0	1392.0	547.0	1939.0	0.435791645178	368.243940175	0.0	none	0	1	0	0	0	0	0	0	0	0	0	0
1	4000095	498287	3891.0	0.00161954857341	0.0019958377401	0.00183478597676	635.0	1559.0	2194.0	-0.421148587056	389.141294439	0.0	648.0	1546.0	2194.0	-0.409298085688	367.549680948	0.0	1407.0	413.0	1820.0	0.546153846154	542.876923077	0.0	1420.0	400.0	1820.0	0.56043956044	571.648351648	0.0	none	0	1	0	0	0	0	0	0	0	0	0	0
1	4500004	497826	4339.0	0.00171847191589	0.00221563357478	0.00200320995689	807.0	1742.0	2549.0	-0.366810513927	342.967830522	0.0	719.0	1830.0	2549.0	-0.435857198902	484.23734798	0.0	1474.0	584.0	2058.0	0.432458697765	384.888241011	0.0	1386.0	672.0	2058.0	0.34693877551	247.714285714	0.0	none	0	1	0	0	0	0	0	0	0	0	0	0
1	5000024	498057	3743.0	0.00157512091989	0.00201683743025	0.00190138879686	654.0	1487.0	2141.0	-0.389070527791	324.09574965	0.0	640.0	1501.0	2141.0	-0.402148528725	346.249883232	0.0	1369.0	321.0	1690.0	0.620118343195	649.884023669	0.0	1355.0	335.0	1690.0	0.603550295858	615.621301775	0.0	none	0	1	0	0	0	0	0	0	0	0	0	0
1	5500071	497899	4664.0	0.0018216545926	0.00239606827891	0.00219120745372	990.0	1811.0	2801.0	-0.293109603713	240.642984648	0.0	982.0	1819.0	2801.0	-0.29882184934	250.113887897	0.0	1528.0	609.0	2137.0	0.430042115115	395.20870379	0.0	1520.0	617.0	2137.0	0.422554983622	381.567150211	0.0	none	0	1	0	0	0	0	0	0	0	0	0	0
1	6000065	497865	4306.0	0.00167314432627	0.0020828939572	0.00197342653129	1013.0	1535.0	2548.0	-0.204866562009	106.940345369	0.0	952.0	1596.0	2548.0	-0.252747252747	162.769230769	0.0	1570.0	459.0	2029.0	0.547560374569	608.339576146	0.0	1509.0	520.0	2029.0	0.487432232627	482.070478068	0.0	none	0	1	0	0	0	0	0	0	0	0	0	0
1	6500049	497669	4359.0	0.00182149179475	0.00208371427595	0.00205909952197	876.0	1567.0	2443.0	-0.282848956201	195.448628735	0.0	795.0	1648.0	2443.0	-0.349160867786	297.834220221	0.0	1591.0	588.0	2179.0	0.460302891235	461.683799908	0.0	1510.0	669.0	2179.0	0.385956860945	324.589720055	0.0	none	0	1	0	0	0	0	0	0	0	0	0	0
1	7000123	497349	4518.0	0.00175128531474	0.00228008903205	0.0021162201995	1097.0	1596.0	2693.0	-0.185295209803	92.4623096918	0.0	1064.0	1629.0	2693.0	-0.209803193465	118.538804307	0.0	1487.0	591.0	2078.0	0.431183830606	386.340712223	0.0	1454.0	624.0	2078.0	0.399422521655	331.520692974	0.0	none	0	1	0	0	0	0	0	0	0	0	0	0
1	7500007	497357	4171.0	0.00164670447988	0.0020066069242	0.00194628807878	974.0	1440.0	2414.0	-0.19304059652	89.9569179785	0.0	907.0	1507.0	2414.0	-0.248550124275	149.130074565	0.0	1501.0	549.0	2050.0	0.464390243902	442.099512195	0.0	1434.0	616.0	2050.0	0.399024390244	326.40195122	0.0	none	0	1	0	0	0	0	0	0	0	0	0	0
1	8000077	497737	4785.0	0.00180115201402	0.00238077538941	0.00220447746501	1074.0	1768.0	2842.0	-0.244194229416	169.470795215	0.0	962.0	1880.0	2842.0	-0.323011963406	296.524982407	0.0	1638.0	617.0	2255.0	0.452771618625	462.279822616	0.0	1526.0	729.0	2255.0	0.353436807095	281.689135255	0.0	none	0	1	0	0	0	0	0	0	0	0	0	0
1	8500000	497517	4159.0	0.00166325974791	0.00217781502944	0.00202807140259	886.0	1549.0	2435.0	-0.27227926078	180.521149897	0.0	879.0	1556.0	2435.0	-0.278028747433	188.225462012	0.0	1397.0	500.0	1897.0	0.472851871376	424.148128624	0.0	1390.0	507.0	1897.0	0.465471797575	411.011597259	0.0	none	0	1	0	0	0	0	0	0	0	0	0	0
1	9000183	497926	4487.0	0.00184866827601	0.00207058880235	0.00210824500026	874.0	1627.0	2501.0	-0.301079568173	226.712914834	0.0	835.0	1666.0	2501.0	-0.332267093163	276.113954418	0.0	1617.0	650.0	2267.0	0.426554918394	412.478606087	0.0	1578.0	689.0	2267.0	0.392148213498	348.6197618	0.0	none	0	1	0	0	0	0	0	0	0	0	0	0
1	9500063	497200	4296.0	0.0017608608206	0.00204243765084	0.00201025744167	838.0	1545.0	2383.0	-0.296684851028	209.756189677	0.0	817.0	1566.0	2383.0	-0.314309693663	235.417960554	0.0	1513.0	633.0	2146.0	0.410065237651	360.857409133	0.0	1492.0	654.0	2146.0	0.390493942218	327.233923579	0.0	none	0	1	0	0	0	0	0	0	0	0	0	0
1	10000093	497472	4367.0	0.00174180657404	0.00211670204554	0.00211117409623	914.0	1533.0	2447.0	-0.252962811606	156.583980384	0.0	892.0	1555.0	2447.0	-0.270944013077	179.63588067	0.0	1526.0	608.0	2134.0	0.430178069353	394.903467666	0.0	1504.0	630.0	2134.0	0.409559512652	357.955014058	0.0	none	0	1	0	0	0	0	0	0	0	0	0	0
1	10500164	497320	4625.0	0.00181472693638	0.00217968310142	0.00215806724041	1092.0	1571.0	2663.0	-0.179872324446	86.1588434097	0.0	1020.0	1643.0	2663.0	-0.23394667668	145.748779572	0.0	1578.0	702.0	2280.0	0.384210526316	336.568421053	0.0	1506.0	774.0	2280.0	0.321052631579	235.010526316	0.0	none	0	1	0	0	0	0	0	0	0	0	0	0
1	11000006	496825	4345.0	0.00168469783123	0.00215266945101	0.00211392341368	928.0	1615.0	2543.0	-0.270153362171	185.595359811	0.0	890.0	1653.0	2543.0	-0.300039323634	228.930003932	0.0	1481.0	583.0	2064.0	0.43507751938	390.699612403	0.0	1443.0	621.0	2064.0	0.398255813953	327.36627907	0.0	none	0	1	0	0	0	0	0	0	0	0	0	0
1	11500013	497350	4524.0	0.00168191414497	0.00222780737911	0.00211370262391	1095.0	1630.0	2725.0	-0.196330275229	105.036697248	0.0	997.0	1728.0	2725.0	-0.268256880734	196.095779817	0.0	1522.0	591.0	2113.0	0.440605773781	410.20397539	0.0	1424.0	689.0	2113.0	0.347846663512	255.667297681	0.0	none	0	1	0	0	0	0	0	0	0	0	0	0
1	12000027	497566	4417.0	0.00177061937512	0.00207108202731	0.00202837412524	853.0	1642.0	2495.0	-0.31623246493	249.50741483	0.0	803.0	1692.0	2495.0	-0.356312625251	316.761923848	0.0	1518.0	702.0	2220.0	0.367567567568	299.935135135	0.0	1468.0	752.0	2220.0	0.322522522523	230.926126126	0.0	none	0	1	0	0	0	0	0	0	0	0	0	0
1	12500062	497378	4635.0	0.00185372091246	0.00215932349239	0.00216535512226	1018.0	1608.0	2626.0	-0.224676313785	132.559025133	0.0	961.0	1665.0	2626.0	-0.268088347296	188.734196497	0.0	1704.0	644.0	2348.0	0.451448040886	478.534923339	0.0	1647.0	701.0	2348.0	0.402896081772	381.139693356	0.0	none	0	1	0	0	0	0	0	0	0	0	0	0
1	13000143	497549	4615.0	0.00182394095858	0.00224801979303	0.00217566511037	1039.0	1652.0	2691.0	-0.227796358231	139.639167596	0.0	942.0	1749.0	2691.0	-0.29988851728	242.010033445	0.0	1613.0	618.0	2231.0	0.445988346033	443.758404303	0.0	1516.0	715.0	2231.0	0.359031824294	287.58449126	0.0	none	0	1	0	0	0	0	0	0	0	0	0	0
1	13500014	497588	4883.0	0.00201471900448	0.00228401810333	0.00229406657717	997.0	1739.0	2736.0	-0.271198830409	201.229532164	0.0	916.0	1820.0	2736.0	-0.330409356725	298.69005848	0.0	1787.0	669.0	2456.0	0.455211726384	508.926710098	0.0	1706.0	750.0	2456.0	0.389250814332	372.123778502	0.0	none	0	1	0	0	0	0	0	0	0	0	0	0
1	14000035	497876	4739.0	0.00188500751191	0.00239617896826	0.00220988760254	902.0	1879.0	2781.0	-0.351312477526	343.232290543	0.0	804.0	1977.0	2781.0	-0.421790722762	494.760517799	0.0	1661.0	535.0	2196.0	0.512750455373	577.35701275	0.0	1563.0	633.0	2196.0	0.42349726776	393.852459016	0.0	none	0	1	0	0	0	0	0	0	0	0	0	0
1	14500089	497916	4331.0	0.00172920733618	0.00219113264085	0.00200937507531	904.0	1627.0	2531.0	-0.28565784275	206.530620308	0.0	804.0	1727.0	2531.0	-0.364677992888	336.597787436	0.0	1584.0	462.0	2046.0	0.548387096774	615.290322581	0.0	1484.0	562.0	2046.0	0.450635386119	415.485826002	0.0	none	0	1	0	0	0	0	0	0	0	0	0	0
1	15000027	497730	4119.0	0.00164547043578	0.00200912141121	0.00192373375123	867.0	1483.0	2350.0	-0.262127659574	161.470638298	0.0	778.0	1572.0	2350.0	-0.337872340426	268.270638298	0.0	1568.0	460.0	2028.0	0.546351084813	605.357001972	0.0	1479.0	549.0	2028.0	0.458579881657	426.479289941	0.0	none	0	1	0	0	0	0	0	0	0	0	0	0
1	15500000	497863	5000.0	0.00196540012011	0.00236812135065	0.00228526723215	1149.0	1797.0	2946.0	-0.219959266802	142.533604888	0.0	912.0	2034.0	2946.0	-0.380855397149	427.319755601	0.0	1896.0	595.0	2491.0	0.522280208752	679.486551586	0.0	1659.0	832.0	2491.0	0.331995182658	274.560016058	0.0	none	0	1	0	0	0	0	0	0	0	0	0	0
1	16000206	498100	4630.0	0.00194740012046	0.00213712106003	0.00215167637021	922.0	1614.0	2536.0	-0.272870662461	188.826498423	0.0	838.0	1698.0	2536.0	-0.339116719243	291.640378549	0.0	1784.0	616.0	2400.0	0.486666666667	568.426666667	0.0	1700.0	700.0	2400.0	0.416666666667	416.666666667	0.0	none	0	1	0	0	0	0	0	0	0	0	0	0
1	16500021	496975	4840.0	0.00196287539615	0.00227073796469	0.00226268927008	1043.0	1686.0	2729.0	-0.235617442287	151.50201539	0.0	982.0	1747.0	2729.0	-0.28032246244	214.446683767	0.0	1660.0	756.0	2416.0	0.37417218543	338.251655629	0.0	1599.0	817.0	2416.0	0.323675496689	253.114238411	0.0	none	0	1	0	0	0	0	0	0	0	0	0	0
1	17000012	497747	5034.0	0.00197489889442	0.00238775924315	0.00231694013224	1005.0	1909.0	2914.0	-0.310226492793	280.444749485	0.0	901.0	2013.0	2914.0	-0.381606039808	424.345916266	0.0	1813.0	697.0	2510.0	0.444621513944	496.197609562	0.0	1709.0	801.0	2510.0	0.361752988048	328.471713147	0.0	none	0	1	0	0	0	0	0	0	0	0	0	0
1	17500014	496936	4942.0	0.0019086964921	0.00241882254455	0.0022844994124	1099.0	1824.0	2923.0	-0.24803284297	179.823811153	0.0	949.0	1974.0	2923.0	-0.350667122819	359.433800889	0.0	1729.0	652.0	2381.0	0.452330953381	487.160436791	0.0	1579.0	802.0	2381.0	0.326333473331	253.561108778	0.0	none	0	1	0	0	0	0	0	0	0	0	0	0
1	18000011	497537	5120.0	0.0020028661185	0.00256362843366	0.0023797225131	1091.0	1930.0	3021.0	-0.277722608408	233.009268454	0.0	951.0	2070.0	3021.0	-0.37040714995	414.485600794	0.0	1788.0	645.0	2433.0	0.469790382244	536.970406905	0.0	1648.0	785.0	2433.0	0.354706124127	306.111385121	0.0	none	0	1	0	0	0	0	0	0	0	0	0	0
1	18500058	497318	4878.0	0.00195548924431	0.0023475924861	0.00227922576701	1075.0	1721.0	2796.0	-0.23104434907	149.254649499	0.0	990.0	1806.0	2796.0	-0.291845493562	238.145922747	0.0	1737.0	660.0	2397.0	0.449311639549	483.908635795	0.0	1652.0	745.0	2397.0	0.378389653734	343.199415937	0.0	none	0	1	0	0	0	0	0	0	0	0	0	0
1	19000031	497818	4473.0	0.00180085894845	0.00222872616097	0.00209815635433	847.0	1723.0	2570.0	-0.340856031128	298.589883268	0.0	746.0	1824.0	2570.0	-0.419455252918	452.172762646	0.0	1620.0	556.0	2176.0	0.488970588235	520.264705882	0.0	1519.0	657.0	2176.0	0.396139705882	341.472426471	0.0	none	0	1	0	0	0	0	0	0	0	0	0	0
1	19500074	497861	4104.0	0.00170127806757	0.00202365720553	0.00191368675192	855.0	1479.0	2334.0	-0.26735218509	166.827763496	0.0	718.0	1616.0	2334.0	-0.384747215081	345.502999143	0.0	1549.0	466.0	2015.0	0.53746898263	582.078908189	0.0	1412.0	603.0	2015.0	0.401488833747	324.804466501	0.0	none	0	1	0	0	0	0	0	0	0	0	0	0
1	20000175	498326	4463.0	0.00180203320718	0.00217026605074	0.00210755609782	926.0	1630.0	2556.0	-0.275430359937	193.902973396	0.0	859.0	1697.0	2556.0	-0.327856025039	274.743348983	0.0	1617.0	561.0	2178.0	0.484848484848	512.0	0.0	1550.0	628.0	2178.0	0.423324150597	390.30486685	0.0	none	0	1	0	0	0	0	0	0	0	0	0	0
1	20500072	497924	4341.0	0.00170206698211	0.00215093066412	0.00200281569075	932.0	1622.0	2554.0	-0.270164447925	186.413469068	0.0	800.0	1754.0	2554.0	-0.373531714957	356.349256069	0.0	1595.0	498.0	2093.0	0.524128045867	574.968466316	0.0	1463.0	630.0	2093.0	0.397993311037	331.528428094	0.0	none	0	1	0	0	0	0	0	0	0	0	0	0
1	21000001	497711	4798.0	0.00190672900539	0.00226135247162	0.00220961562031	1025.0	1739.0	2764.0	-0.258321273517	184.441389291	0.0	906.0	1858.0	2764.0	-0.344428364689	327.895803184	0.0	1701.0	696.0	2397.0	0.419274092616	421.370463079	0.0	1582.0	815.0	2397.0	0.319983312474	245.427200668	0.0	none	0	1	0	0	0	0	0	0	0	0	0	0
1	21500046	497598	4630.0	0.0017373462112	0.00227090944899	0.002072456079	1081.0	1712.0	2793.0	-0.225921947726	142.556749015	0.0	876.0	1917.0	2793.0	-0.372717508056	387.998925886	0.0	1714.0	512.0	2226.0	0.539982030548	649.058400719	0.0	1509.0	717.0	2226.0	0.355795148248	281.789757412	0.0	none	0	1	0	0	0	0	0	0	0	0	0	0
1	22000138	497844	4586.0	0.00180176922892	0.00207394284153	0.00199711154498	1100.0	1542.0	2642.0	-0.167297501893	73.9454958365	0.0	865.0	1777.0	2642.0	-0.345193035579	314.816048448	0.0	1813.0	568.0	2381.0	0.522889542209	650.99748005	0.0	1578.0	803.0	2381.0	0.32549349013	252.257454851	0.0	none	0	1	0	0	0	0	0	0	0	0	0	0
1	22500168	497541	4399.0	0.0016692091707	0.00209228988164	0.00193501641071	1085.0	1489.0	2574.0	-0.156954156954	63.4094794095	1.66533453694e-15	857.0	1717.0	2574.0	-0.33411033411	287.334887335	0.0	1643.0	552.0	2195.0	0.497038724374	542.269248292	0.0	1415.0	780.0	2195.0	0.289293849658	183.701594533	0.0	none	0	1	0	0	0	0	0	0	0	0	0	0
1	23000143	497787	4759.0	0.00191648235089	0.00220475826006	0.0021449937423	1097.0	1619.0	2716.0	-0.192194403535	100.325478645	0.0	927.0	1789.0	2716.0	-0.317378497791	273.580265096	0.0	1811.0	608.0	2419.0	0.497312939231	598.267465895	0.0	1641.0	778.0	2419.0	0.356758991319	307.883009508	0.0	none	0	1	0	0	0	0	0	0	0	0	0	0
1	23500018	497497	4954.0	0.00188543850516	0.00234172266365	0.002230164202	1159.0	1753.0	2912.0	-0.203983516484	121.166208791	0.0	942.0	1970.0	2912.0	-0.353021978022	362.906593407	0.0	1876.0	575.0	2451.0	0.53080375357	690.575683395	0.0	1659.0	792.0	2451.0	0.353733170135	306.686658507	0.0	none	0	1	0	0	0	0	0	0	0	0	0	0
1	24000106	497358	4424.0	0.0017170730138	0.00212422440174	0.00199303117674	1003.0	1605.0	2608.0	-0.230828220859	138.958588957	0.0	812.0	1796.0	2608.0	-0.377300613497	371.263803681	0.0	1686.0	521.0	2207.0	0.527865881287	614.963751699	0.0	1495.0	712.0	2207.0	0.354780244676	277.792931581	0.0	none	0	1	0	0	0	0	0	0	0	0	0	0
1	24500170	497481	4608.0	0.00177695228561	0.00215787135589	0.0020729434893	1121.0	1596.0	2717.0	-0.174825174825	83.041958042	0.0	867.0	1850.0	2717.0	-0.361796098638	355.645564961	0.0	1714.0	581.0	2295.0	0.493681917211	559.3416122	0.0	1460.0	835.0	2295.0	0.272331154684	170.206971678	0.0	none	0	1	0	0	0	0	0	0	0	0	0	0
1	25000238	495983	5004.0	0.00182768361012	0.00226015811026	0.00211146349774	1354.0	1639.0	2993.0	-0.0952221850986	27.1383227531	1.89405799156e-07	943.0	2050.0	2993.0	-0.369863013699	409.438356164	0.0	1976.0	628.0	2604.0	0.517665130568	697.812596006	0.0	1565.0	1039.0	2604.0	0.201996927803	106.250384025	0.0	none	0	1	0	0	0	0	0	0	0	0	0	0
1	25500037	497245	4923.0	0.00194169876017	0.00232480970146	0.00222475841889	1107.0	1741.0	2848.0	-0.222612359551	141.136235955	0.0	896.0	1952.0	2848.0	-0.370786516854	391.550561798	0.0	1761.0	709.0	2470.0	0.425910931174	448.058299595	0.0	1550.0	920.0	2470.0	0.255060728745	160.688259109	0.0	none	0	1	0	0	0	0	0	0	0	0	0	0
1	26000061	497549	4913.0	0.00202191140973	0.00226811831598	0.00225354688684	1095.0	1694.0	2789.0	-0.214772319828	128.648619577	0.0	874.0	1915.0	2789.0	-0.373252061671	388.555396199	0.0	1847.0	700.0	2547.0	0.450333725952	516.532783667	0.0	1626.0	921.0	2547.0	0.27679623086	195.141342756	0.0	none	0	1	0	0	0	0	0	0	0	0	0	0
1	26500034	497529	4634.0	0.00182401427856	0.00217675753574	0.00208178819727	1022.0	1665.0	2687.0	-0.239300334946	153.87011537	0.0	886.0	1801.0	2687.0	-0.340528470413	311.583550428	0.0	1718.0	587.0	2305.0	0.490672451193	554.950542299	0.0	1582.0	723.0	2305.0	0.372668112798	320.121908894	0.0	none	0	1	0	0	0	0	0	0	0	0	0	0
1	27000035	497599	4662.0	0.00196744768378	0.00218248027026	0.00216238376685	967.0	1602.0	2569.0	-0.24717789023	156.957960296	0.0	807.0	1762.0	2569.0	-0.371739976645	355.011677696	0.0	1707.0	680.0	2387.0	0.430247172183	441.863845832	0.0	1547.0	840.0	2387.0	0.296187683284	209.404692082	0.0	none	0	1	0	0	0	0	0	0	0	0	0	0
1	27500010	497669	4884.0	0.00199731146605	0.00238110069142	0.0022967072492	981.0	1820.0	2801.0	-0.299535880043	251.310603356	0.0	930.0	1871.0	2801.0	-0.335951445912	316.130310603	0.0	1679.0	697.0	2376.0	0.4132996633	405.86026936	0.0	1628.0	748.0	2376.0	0.37037037037	325.925925926	0.0	none	0	1	0	0	0	0	0	0	0	0	0	0
1	28000055	497597	4429.0	0.00172328209374	0.00220359045573	0.00210813168086	871.0	1716.0	2587.0	-0.326633165829	276.005025126	0.0	872.0	1715.0	2587.0	-0.325860069579	274.700038655	0.0	1505.0	596.0	2101.0	0.432651118515	393.27986673	0.0	1506.0	595.0	2101.0	0.433603046168	395.012375059	0.0	none	0	1	0	0	0	0	0	0	0	0	0	0
1	28500003	497403	3898.0	0.00164956785544	0.00199636914132	0.00188328176549	715.0	1500.0	2215.0	-0.354401805869	278.205417607	0.0	628.0	1587.0	2215.0	-0.432957110609	415.205869074	0.0	1450.0	402.0	1852.0	0.565874730022	593.036717063	0.0	1363.0	489.0	1852.0	0.47192224622	412.460043197	0.0	none	0	1	0	0	0	0	0	0	0	0	0	0
1	29000012	497828	4127.0	0.00170942574544	0.00206095277887	0.00194745976522	774.0	1572.0	2346.0	-0.340153452685	271.442455243	0.0	742.0	1604.0	2346.0	-0.367433930094	316.728047741	0.0	1445.0	534.0	1979.0	0.460333501769	419.363820111	0.0	1413.0	566.0	1979.0	0.427993936331	362.510864073	0.0	none	0	1	0	0	0	0	0	0	0	0	0	0
1	29500099	497869	4119.0	0.00160483982734	0.00210497138806	0.001980440638	811.0	1583.0	2394.0	-0.322472848789	248.949039265	0.0	773.0	1621.0	2394.0	-0.354218880535	300.377610693	0.0	1433.0	478.0	1911.0	0.499738356881	477.250130822	0.0	1395.0	516.0	1911.0	0.459968602826	404.312401884	0.0	none	0	1	0	0	0	0	0	0	0	0	0	0
1	30000008	497495	4757.0	0.00188645112011	0.00225328897778	0.00217539874773	933.0	1758.0	2691.0	-0.306577480491	252.926421405	0.0	944.0	1747.0	2691.0	-0.298402081011	239.616871052	0.0	1741.0	640.0	2381.0	0.462410751785	509.114237715	0.0	1752.0	629.0	2381.0	0.471650566989	529.663586728	0.0	none	0	1	0	0	0	0	0	0	0	0	0	0
1	30500167	498198	4704.0	0.00185167343105	0.00231735173566	0.00218286705286	885.0	1827.0	2712.0	-0.347345132743	327.199115044	0.0	902.0	1810.0	2712.0	-0.334808259587	304.005899705	0.0	1606.0	677.0	2283.0	0.406920718353	378.02934735	0.0	1623.0	660.0	2283.0	0.421813403417	406.20630749	0.0	none	0	1	0	0	0	0	0	0	0	0	0	0
1	31000448	497877	4717.0	0.00186893550013	0.00227465819871	0.00220335544723	989.0	1743.0	2732.0	-0.275988286969	208.095168375	0.0	926.0	1806.0	2732.0	-0.322108345534	283.45534407	0.0	1683.0	615.0	2298.0	0.464751958225	496.355091384	0.0	1620.0	678.0	2298.0	0.409921671018	386.146214099	0.0	none	0	1	0	0	0	0	0	0	0	0	0	0
1	31500055	497052	4226.0	0.00173120719764	0.00206517627934	0.00197766028504	834.0	1556.0	2390.0	-0.302092050209	218.110460251	0.0	761.0	1629.0	2390.0	-0.363179916318	315.240167364	0.0	1565.0	496.0	2061.0	0.518680252305	554.469189714	0.0	1492.0	569.0	2061.0	0.447840853954	413.3571082	0.0	none	0	1	0	0	0	0	0	0	0	0	0	0
1	32000042	498100	4469.0	0.00181489660711	0.00222846817908	0.00211202569765	841.0	1715.0	2556.0	-0.341940532081	298.856025039	0.0	847.0	1709.0	2556.0	-0.337245696401	290.705790297	0.0	1548.0	615.0	2163.0	0.431345353675	402.445214979	0.0	1554.0	609.0	2163.0	0.436893203883	412.86407767	0.0	none	0	1	0	0	0	0	0	0	0	0	0	0
1	32500098	497532	4403.0	0.00177576517691	0.0021707146475	0.00207072107925	918.0	1584.0	2502.0	-0.26618705036	177.28057554	0.0	855.0	1647.0	2502.0	-0.31654676259	250.705035971	0.0	1530.0	614.0	2144.0	0.42723880597	391.350746269	0.0	1467.0	677.0	2144.0	0.368470149254	291.09141791	0.0	none	0	1	0	0	0	0	0	0	0	0	0	0
1	33000042	497059	4450.0	0.00183680408161	0.00209230694948	0.00207621228063	952.0	1544.0	2496.0	-0.237179487179	140.41025641	0.0	871.0	1625.0	2496.0	-0.302083333333	227.770833333	0.0	1666.0	593.0	2259.0	0.474988933156	509.663125277	0.0	1585.0	674.0	2259.0	0.403275785746	367.384240815	0.0	none	0	1	0	0	0	0	0	0	0	0	0	0
1	33500009	497274	4256.0	0.00170730824455	0.00204716112244	0.00197878835411	888.0	1548.0	2436.0	-0.270935960591	178.81773399	0.0	807.0	1629.0	2436.0	-0.337438423645	277.374384236	0.0	1433.0	692.0	2125.0	0.348705882353	258.391058824	0.0	1352.0	773.0	2125.0	0.272470588235	157.760470588	0.0	none	0	1	0	0	0	0	0	0	0	0	0	0
1	34000074	497218	4374.0	0.00173565719664	0.00212080013193	0.00205593924596	857.0	1664.0	2521.0	-0.320111067037	258.329631099	0.0	903.0	1618.0	2521.0	-0.283617612059	202.786592622	0.0	1462.0	653.0	2115.0	0.382505910165	309.447281324	0.0	1508.0	607.0	2115.0	0.426004728132	383.830260047	0.0	none	0	1	0	0	0	0	0	0	0	0	0	0
1	34500097	498072	4207.0	0.00165437928653	0.00209909410688	0.0019530308871	847.0	1635.0	2482.0	-0.317485898469	250.178887994	0.0	795.0	1687.0	2482.0	-0.359387590653	320.573730862	0.0	1471.0	512.0	1983.0	0.483610690872	463.782652547	0.0	1419.0	564.0	1983.0	0.431164901664	368.645990923	0.0	none	0	1	0	0	0	0	0	0	0	0	0	0
1	35000074	497780	4355.0	0.00159608662461	0.0023152798425	0.00204206677649	1134.0	1577.0	2711.0	-0.163408336407	72.3898930284	0.0	1099.0	1612.0	2711.0	-0.189229066765	97.0745112505	0.0	1408.0	429.0	1837.0	0.532934131737	521.74251497	0.0	1373.0	464.0	1837.0	0.494828524769	449.799129015	0.0	none	0	1	0	0	0	0	0	0	0	0	0	0
1	35500127	497909	4327.0	0.00176237023231	0.00221124743678	0.00207517839605	951.0	1560.0	2511.0	-0.242532855436	147.702508961	0.0	930.0	1581.0	2511.0	-0.259259259259	168.777777778	0.0	1496.0	531.0	2027.0	0.476073014307	459.410458806	0.0	1475.0	552.0	2027.0	0.455352738037	420.290577208	0.0	none	0	1	0	0	0	0	0	0	0	0	0	0
1	36000098	497252	4133.0	0.00164001351427	0.00202513011511	0.00194720182121	912.0	1493.0	2405.0	-0.24158004158	140.358004158	0.0	844.0	1561.0	2405.0	-0.298128898129	213.758419958	0.0	1508.0	436.0	1944.0	0.551440329218	591.144032922	0.0	1440.0	504.0	1944.0	0.481481481481	450.666666667	0.0	none	0	1	0	0	0	0	0	0	0	0	0	0
1	36500008	497673	4797.0	0.00186367353664	0.00239816104149	0.00224042694701	1109.0	1730.0	2839.0	-0.218738992603	135.836914406	0.0	1098.0	1741.0	2839.0	-0.22648820007	145.631912645	0.0	1605.0	636.0	2241.0	0.432396251673	418.991967871	0.0	1594.0	647.0	2241.0	0.422579205712	400.182507809	0.0	none	0	1	0	0	0	0	0	0	0	0	0	0
1	37000116	497834	4905.0	0.00196049285505	0.00230900259926	0.00226933074077	1006.0	1809.0	2815.0	-0.285257548845	229.061811723	0.0	1052.0	1763.0	2815.0	-0.252575488455	179.581172291	0.0	1664.0	776.0	2440.0	0.36393442623	323.173770492	0.0	1710.0	730.0	2440.0	0.401639344262	393.606557377	0.0	none	0	1	0	0	0	0	0	0	0	0	0	0
1	37500010	497510	4052.0	0.00164016803682	0.0020160398786	0.0019054893369	872.0	1465.0	2337.0	-0.253744116389	150.470261018	0.0	857.0	1480.0	2337.0	-0.266581086864	166.080017116	0.0	1396.0	536.0	1932.0	0.445134575569	382.81573499	0.0	1381.0	551.0	1932.0	0.429606625259	356.573498965	0.0	none	0	1	0	0	0	0	0	0	0	0	0	0
1	38000328	497834	4345.0	0.00168630507358	0.00212821944664	0.00209005411442	994.0	1554.0	2548.0	-0.21978021978	123.076923077	0.0	955.0	1593.0	2548.0	-0.250392464678	159.750392465	0.0	1425.0	583.0	2008.0	0.419322709163	353.069721116	0.0	1386.0	622.0	2008.0	0.380478087649	290.685258964	0.0	none	0	1	0	0	0	0	0	0	0	0	0	0
1	38500155	497658	4425.0	0.0016758496799	0.00233594155022	0.00211339916167	1156.0	1556.0	2712.0	-0.147492625369	58.9970501475	1.57651669497e-14	1148.0	1564.0	2712.0	-0.153392330383	63.8112094395	1.33226762955e-15	1390.0	523.0	1913.0	0.453214845792	392.937271302	0.0	1382.0	531.0	1913.0	0.444851019341	378.568217459	0.0	none	0	1	0	0	0	0	0	0	0	0	0	0
1	39000114	497502	4867.0	0.00189848483021	0.00229546815892	0.00225375978388	1052.0	1803.0	2855.0	-0.263047285464	197.548511384	0.0	1004.0	1851.0	2855.0	-0.296672504378	251.281611208	0.0	1635.0	749.0	2384.0	0.371644295302	329.276845638	0.0	1587.0	797.0	2384.0	0.331375838926	261.786912752	0.0	none	0	1	0	0	0	0	0	0	0	0	0	0
1	39500112	497898	4646.0	0.00194417330457	0.00223539761156	0.00221933006359	896.0	1718.0	2614.0	-0.314460596787	258.486610559	0.0	926.0	1688.0	2614.0	-0.291507268554	222.128538638	0.0	1606.0	678.0	2284.0	0.406304728546	377.050788091	0.0	1636.0	648.0	2284.0	0.432574430823	427.383537653	0.0	none	0	1	0	0	0	0	0	0	0	0	0	0
1	40000012	497746	4498.0	0.00185636850924	0.00221498515307	0.00216526099657	827.0	1664.0	2491.0	-0.336009634685	281.240064231	0.0	848.0	1643.0	2491.0	-0.31914893617	253.723404255	0.0	1578.0	632.0	2210.0	0.428054298643	404.939366516	0.0	1599.0	611.0	2210.0	0.447058823529	441.694117647	0.0	none	0	1	0	0	0	0	0	0	0	0	0	0
1	40500176	497798	3961.0	0.00159803775829	0.0020520371717	0.00189735595563	776.0	1548.0	2324.0	-0.332185886403	256.447504303	0.0	756.0	1568.0	2324.0	-0.349397590361	283.710843373	0.0	1372.0	425.0	1797.0	0.526989426822	499.058987201	0.0	1352.0	445.0	1797.0	0.504730105732	457.790205899	0.0	none	0	1	0	0	0	0	0	0	0	0	0	0
1	41000030	497643	5184.0	0.00197129267366	0.00257714867887	0.00237670378163	1285.0	1823.0	3108.0	-0.173101673102	93.1287001287	0.0	1274.0	1834.0	3108.0	-0.18018018018	100.900900901	0.0	1745.0	668.0	2413.0	0.446332366349	480.699958558	0.0	1734.0	679.0	2413.0	0.437215084956	461.261914629	0.0	none	0	1	0	0	0	0	0	0	0	0	0	0
1	41500024	498008	4699.0	0.00183832388235	0.00236040384893	0.00220478385889	996.0	1784.0	2780.0	-0.28345323741	223.361151079	0.0	1031.0	1749.0	2780.0	-0.258273381295	185.44028777	0.0	1586.0	598.0	2184.0	0.452380952381	446.952380952	0.0	1621.0	563.0	2184.0	0.484432234432	512.529304029	0.0	none	0	1	0	0	0	0	0	0	0	0	0	0
1	42000004	497347	4343.0	0.00168795629611	0.0022398848289	0.00207450733592	920.0	1659.0	2579.0	-0.286545172547	211.756882513	0.0	849.0	1730.0	2579.0	-0.341605273362	300.954245832	0.0	1469.0	500.0	1969.0	0.492127983748	476.872016252	0.0	1398.0	571.0	1969.0	0.42001015744	347.348400203	0.0	none	0	1	0	0	0	0	0	0	0	0	0	0
1	42500010	497918	4035.0	0.0017091167622	0.00199430428303	0.00195514120799	770.0	1476.0	2246.0	-0.314336598397	221.921638468	0.0	668.0	1578.0	2246.0	-0.405164737311	368.699910953	0.0	1526.0	437.0	1963.0	0.554763117677	604.13703515	0.0	1424.0	539.0	1963.0	0.450840550178	398.993886908	0.0	none	0	1	0	0	0	0	0	0	0	0	0	0
1	43000009	497609	4227.0	0.00172625495118	0.00212817694214	0.00205683578874	788.0	1656.0	2444.0	-0.355155482815	308.274959083	0.0	837.0	1607.0	2444.0	-0.315057283142	242.59410802	0.0	1391.0	613.0	2004.0	0.388223552894	302.037924152	0.0	1440.0	564.0	2004.0	0.437125748503	382.922155689	0.0	none	0	1	0	0	0	0	0	0	0	0	0	0
1	43500210	497969	4117.0	0.00176818235673	0.00201317752712	0.00199610819147	814.0	1459.0	2273.0	-0.283765948086	183.029036516	0.0	771.0	1502.0	2273.0	-0.321601407831	235.090629125	0.0	1507.0	504.0	2011.0	0.498756837394	500.253107907	0.0	1464.0	547.0	2011.0	0.455992043759	418.144704127	0.0	none	0	1	0	0	0	0	0	0	0	0	0	0
1	44000018	497202	4283.0	0.00159090269146	0.00202935627773	0.00187750652652	1163.0	1439.0	2602.0	-0.106072252114	29.2759415834	6.27702130274e-08	936.0	1666.0	2602.0	-0.280553420446	204.803996925	0.0	1622.0	440.0	2062.0	0.573229873909	677.55771096	0.0	1395.0	667.0	2062.0	0.35305528613	257.024248303	0.0	none	0	1	0	0	0	0	0	0	0	0	0	0
1	44500153	497913	4498.0	0.00182562013846	0.00219717099172	0.002136919502	933.0	1646.0	2579.0	-0.276463745638	197.11865064	0.0	893.0	1686.0	2579.0	-0.307483520744	243.83443195	0.0	1562.0	603.0	2165.0	0.442956120092	424.794919169	0.0	1522.0	643.0	2165.0	0.406004618938	356.878060046	0.0	none	0	1	0	0	0	0	0	0	0	0	0	0
1	45000033	497502	4393.0	0.00173567141439	0.00216783048108	0.00209345892077	926.0	1595.0	2521.0	-0.26537088457	177.533121777	0.0	818.0	1703.0	2521.0	-0.351051170171	310.680285601	0.0	1599.0	533.0	2132.0	0.5	533.0	0.0	1491.0	641.0	2132.0	0.398686679174	338.883677298	0.0	none	0	1	0	0	0	0	0	0	0	0	0	0
1	45500129	498173	4402.0	0.00179054264282	0.00210970887623	0.00204447049519	847.0	1667.0	2514.0	-0.326173428799	267.462211615	0.0	813.0	1701.0	2514.0	-0.353221957041	313.661097852	0.0	1608.0	564.0	2172.0	0.480662983425	501.812154696	0.0	1574.0	598.0	2172.0	0.449355432781	438.570902394	0.0	none	0	1	0	0	0	0	0	0	0	0	0	0
1	46000084	497827	4521.0	0.00182693988072	0.00222969023376	0.0021237297294	931.0	1674.0	2605.0	-0.285220729367	211.919001919	0.0	867.0	1738.0	2605.0	-0.334357005758	291.224952015	0.0	1596.0	568.0	2164.0	0.475046210721	488.347504621	0.0	1532.0	632.0	2164.0	0.415896487985	374.306839187	0.0	none	0	1	0	0	0	0	0	0	0	0	0	0
1	46500029	497813	3996.0	0.00159798960654	0.00205297973335	0.00186967797145	724.0	1624.0	2348.0	-0.383304940375	344.974446337	0.0	779.0	1569.0	2348.0	-0.336456558773	265.800681431	0.0	1364.0	495.0	1859.0	0.467455621302	406.218934911	0.0	1419.0	440.0	1859.0	0.526627218935	515.568047337	0.0	none	0	1	0	0	0	0	0	0	0	0	0	0
1	47000032	497999	3923.0	0.00155221195223	0.00210341787835	0.00187098769275	683.0	1659.0	2342.0	-0.416737830914	406.736122972	0.0	665.0	1677.0	2342.0	-0.432109308284	437.294619983	0.0	1365.0	392.0	1757.0	0.553784860558	538.832669323	0.0	1347.0	410.0	1757.0	0.533295389869	499.697780307	0.0	none	0	1	0	0	0	0	0	0	0	0	0	0
1	47500080	497989	4838.0	0.00185044247965	0.00231531218561	0.00214311962714	889.0	2004.0	2893.0	-0.385413066021	429.735568614	0.0	820.0	2073.0	2893.0	-0.433114414103	542.692360871	0.0	1703.0	631.0	2334.0	0.459297343616	492.366752356	0.0	1634.0	700.0	2334.0	0.400171379606	373.760068552	0.0	none	0	1	0	0	0	0	0	0	0	0	0	0
1	48000177	497673	4416.0	0.00177827609696	0.00209073025862	0.00205205024183	805.0	1535.0	2340.0	-0.311965811966	227.735042735	0.0	731.0	1609.0	2340.0	-0.375213675214	329.437606838	0.0	1832.0	422.0	2254.0	0.625554569654	882.031943212	0.0	1758.0	496.0	2254.0	0.559893522626	706.585625555	0.0	none	0	1	0	0	0	0	0	0	0	0	0	0
1	48500171	497450	4362.0	0.00164137099206	0.0022685697055	0.00209267263042	872.0	1776.0	2648.0	-0.341389728097	308.616314199	0.0	864.0	1784.0	2648.0	-0.347432024169	319.637462236	0.0	1468.0	484.0	1952.0	0.504098360656	496.032786885	0.0	1460.0	492.0	1952.0	0.495901639344	480.032786885	0.0	none	0	1	0	0	0	0	0	0	0	0	0	0
1	49000420	498183	4389.0	0.00172526962983	0.00225017714374	0.00208407352318	882.0	1699.0	2581.0	-0.316543975203	258.616427741	0.0	786.0	1795.0	2581.0	-0.39093374661	394.452150329	0.0	1579.0	479.0	2058.0	0.534499514091	587.9494655	0.0	1483.0	575.0	2058.0	0.44120505345	400.614188533	0.0	none	0	1	0	0	0	0	0	0	0	0	0	0
1	49500010	497166	4761.0	0.00189172228189	0.00231009361058	0.00218438107192	960.0	1755.0	2715.0	-0.292817679558	232.790055249	0.0	933.0	1782.0	2715.0	-0.31270718232	265.48839779	0.0	1770.0	573.0	2343.0	0.510883482714	611.527528809	0.0	1743.0	600.0	2343.0	0.487836107554	557.596670935	0.0	none	0	1	0	0	0	0	0	0	0	0	0	0
1	50000090	497527	4534.0	0.00184814090492	0.0022189750506	0.00216922900667	823.0	1721.0	2544.0	-0.352987421384	316.982704403	0.0	791.0	1753.0	2544.0	-0.378144654088	363.775157233	0.0	1592.0	628.0	2220.0	0.434234234234	418.601801802	0.0	1560.0	660.0	2220.0	0.405405405405	364.864864865	0.0	none	0	1	0	0	0	0	0	0	0	0	0	0
1	50500041	497773	4499.0	0.00181106649015	0.00220080237377	0.00220582474341	846.0	1698.0	2544.0	-0.334905660377	285.339622642	0.0	813.0	1731.0	2544.0	-0.360849056604	331.259433962	0.0	1687.0	499.0	2186.0	0.543458371455	645.628545288	0.0	1654.0	532.0	2186.0	0.513266239707	575.884720952	0.0	none	0	1	0	0	0	0	0	0	0	0	0	0
1	51000058	497506	4197.0	0.00178992816167	0.00200600595772	0.00194218763191	821.0	1465.0	2286.0	-0.281714785652	181.42432196	0.0	680.0	1606.0	2286.0	-0.405074365704	375.098862642	0.0	1835.0	309.0	2144.0	0.711753731343	1086.13619403	0.0	1694.0	450.0	2144.0	0.580223880597	721.798507463	0.0	none	0	1	0	0	0	0	0	0	0	0	0	0
1	51500278	497990	4183.0	0.00174200285146	0.00202112492219	0.0019548585313	589.0	1667.0	2256.0	-0.477836879433	515.108156028	0.0	676.0	1580.0	2256.0	-0.400709219858	362.241134752	0.0	1553.0	561.0	2114.0	0.469252601703	465.498580889	0.0	1640.0	474.0	2114.0	0.55156102176	643.120151372	0.0	none	0	1	0	0	0	0	0	0	0	0	0	0
1	52000220	497913	3969.0	0.00162679022239	0.00200737879911	0.00188938629841	742.0	1514.0	2256.0	-0.34219858156	264.177304965	0.0	772.0	1484.0	2256.0	-0.315602836879	224.709219858	0.0	1344.0	547.0	1891.0	0.421470121629	335.911686938	0.0	1374.0	517.0	1891.0	0.453199365415	388.391856161	0.0	none	0	1	0	0	0	0	0	0	0	0	0	0
1	52500145	497774	4580.0	0.00184621936863	0.00227613334565	0.00221285161539	856.0	1786.0	2642.0	-0.352006056018	327.365632097	0.0	827.0	1815.0	2642.0	-0.373959121877	369.471612415	0.0	1677.0	506.0	2183.0	0.536417773706	628.14521301	0.0	1648.0	535.0	2183.0	0.509848831883	567.461749885	0.0	none	0	1	0	0	0	0	0	0	0	0	0	0
1	53000012	497230	4451.0	0.0017064537538	0.00223538402751	0.00209460410675	927.0	1706.0	2633.0	-0.295860235473	230.475123433	0.0	879.0	1754.0	2633.0	-0.332320546905	290.780478542	0.0	1515.0	571.0	2086.0	0.452540747843	427.198465964	0.0	1467.0	619.0	2086.0	0.406519654842	344.728667306	0.0	none	0	1	0	0	0	0	0	0	0	0	0	0
1	53500023	497635	4805.0	0.00196529584937	0.00226672159314	0.0022586835733	1034.0	1701.0	2735.0	-0.243875685558	162.665082267	0.0	988.0	1747.0	2735.0	-0.277513711152	210.632906764	0.0	1709.0	677.0	2386.0	0.432523051132	446.363788768	0.0	1663.0	723.0	2386.0	0.393964794635	370.326906957	0.0	none	0	1	0	0	0	0	0	0	0	0	0	0
1	54000001	497765	4685.0	0.00181712253774	0.00229425532129	0.00216618283728	1012.0	1740.0	2752.0	-0.264534883721	192.581395349	0.0	911.0	1841.0	2752.0	-0.337936046512	314.280523256	0.0	1670.0	582.0	2252.0	0.483126110124	525.641207815	0.0	1569.0	683.0	2252.0	0.393428063943	348.577264654	0.0	none	0	1	0	0	0	0	0	0	0	0	0	0
1	54500066	496867	5188.0	0.00195424530106	0.00255199077419	0.00237588730988	1051.0	2023.0	3074.0	-0.316200390371	307.34677944	0.0	1066.0	2008.0	3074.0	-0.306441119063	288.667534157	0.0	1715.0	764.0	2479.0	0.383622428399	364.824929407	0.0	1730.0	749.0	2479.0	0.395724082291	388.205324728	0.0	none	0	1	0	0	0	0	0	0	0	0	0	0
1	55000013	497131	5145.0	0.00208898660514	0.00242189684409	0.00244251515194	975.0	1933.0	2908.0	-0.329436038514	315.599724897	0.0	925.0	1983.0	2908.0	-0.363823933975	384.925722146	0.0	1860.0	715.0	2575.0	0.444660194175	509.13592233	0.0	1810.0	765.0	2575.0	0.405825242718	424.087378641	0.0	none	0	1	0	0	0	0	0	0	0	0	0	0
1	55500025	496867	5418.0	0.00207802087883	0.00252482052541	0.00240205125315	1264.0	1923.0	3187.0	-0.206777533731	136.266394729	0.0	1122.0	2065.0	3187.0	-0.295889551302	279.023846878	0.0	2026.0	699.0	2725.0	0.486972477064	646.212477064	0.0	1884.0	841.0	2725.0	0.382752293578	399.210642202	0.0	none	0	1	0	0	0	0	0	0	0	0	0	0
1	56000013	496587	5267.0	0.00209832315385	0.00247388675096	0.00243008777918	1034.0	1977.0	3011.0	-0.313184988376	295.333444039	0.0	961.0	2050.0	3011.0	-0.361673862504	393.862836267	0.0	1912.0	723.0	2635.0	0.451233396584	536.516508539	0.0	1839.0	796.0	2635.0	0.395825426945	412.845920304	0.0	none	0	1	0	0	0	0	0	0	0	0	0	0
1	56500022	497171	5552.0	0.00222156964103	0.00257959535049	0.00253333360152	1046.0	2102.0	3148.0	-0.335451080051	354.236340534	0.0	960.0	2188.0	3148.0	-0.390088945362	479.029224905	0.0	1974.0	792.0	2766.0	0.427331887202	505.106290672	0.0	1888.0	878.0	2766.0	0.365148228489	368.799710774	0.0	none	0	1	0	0	0	0	0	0	0	0	0	0
1	57000173	497660	4720.0	0.00191797612828	0.00219527388177	0.00219929268979	909.0	1759.0	2668.0	-0.318590704648	270.802098951	0.0	937.0	1731.0	2668.0	-0.2976011994	236.295352324	0.0	1580.0	788.0	2368.0	0.334459459459	264.891891892	0.0	1608.0	760.0	2368.0	0.358108108108	303.675675676	0.0	none	0	1	0	0	0	0	0	0	0	0	0	0
1	57500068	497539	4070.0	0.00166218125614	0.00201692731625	0.00192597967195	821.0	1488.0	2309.0	-0.288869640537	192.676050238	0.0	803.0	1506.0	2309.0	-0.304460805544	214.035946297	0.0	1474.0	465.0	1939.0	0.520371325425	525.054667354	0.0	1456.0	483.0	1939.0	0.501805054152	488.25631769	0.0	none	0	1	0	0	0	0	0	0	0	0	0	0
1	58000069	497593	4214.0	0.00169013631623	0.00210312444106	0.00203429308692	826.0	1588.0	2414.0	-0.315658657829	240.531897266	0.0	872.0	1542.0	2414.0	-0.277547638774	185.956917978	0.0	1400.0	626.0	2026.0	0.382033563672	295.693978282	0.0	1446.0	580.0	2026.0	0.427443237907	370.165844028	0.0	none	0	1	0	0	0	0	0	0	0	0	0	0
1	58500078	498081	4381.0	0.00178485025528	0.00216229890319	0.00208098682744	745.0	1724.0	2469.0	-0.396516808424	388.189955448	0.0	812.0	1657.0	2469.0	-0.34224382341	289.196030782	0.0	1566.0	553.0	2119.0	0.478055686645	484.270410571	0.0	1633.0	486.0	2119.0	0.541293062765	620.863142992	0.0	none	0	1	0	0	0	0	0	0	0	0	0	0
1	59000009	497863	3910.0	0.00151648144168	0.00201059327566	0.00180571763718	843.0	1449.0	2292.0	-0.264397905759	160.22513089	0.0	742.0	1550.0	2292.0	-0.352530541012	284.844677138	0.0	1434.0	395.0	1829.0	0.568069983598	590.224712958	0.0	1333.0	496.0	1829.0	0.457627118644	383.033898305	0.0	none	0	1	0	0	0	0	0	0	0	0	0	0
1	59500087	497972	4234.0	0.0017330291663	0.00213365410103	0.00201366743512	736.0	1683.0	2419.0	-0.391484084332	370.735427863	0.0	717.0	1702.0	2419.0	-0.407193054981	401.085159157	0.0	1547.0	429.0	1976.0	0.565789473684	632.552631579	0.0	1528.0	448.0	1976.0	0.546558704453	590.28340081	0.0	none	0	1	0	0	0	0	0	0	0	0	0	0
1	60000008	497594	4244.0	0.00165697335579	0.00211819274348	0.00204333251607	871.0	1586.0	2457.0	-0.291005291005	208.068783069	0.0	871.0	1586.0	2457.0	-0.291005291005	208.068783069	0.0	1416.0	597.0	2013.0	0.406855439642	333.214605067	0.0	1416.0	597.0	2013.0	0.406855439642	333.214605067	0.0	none	0	1	0	0	0	0	0	0	0	0	0	0
1	60500038	497382	3902.0	0.00162149012228	0.00193613761656	0.00188939286102	730.0	1478.0	2208.0	-0.338768115942	253.398550725	0.0	691.0	1517.0	2208.0	-0.374094202899	309.001811594	0.0	1409.0	462.0	1871.0	0.506146445751	479.320684126	0.0	1370.0	501.0	1871.0	0.464457509353	403.613575628	0.0	none	0	1	0	0	0	0	0	0	0	0	0	0
1	61000016	497406	4058.0	0.00162342231497	0.0019903258103	0.0018531139552	724.0	1593.0	2317.0	-0.375053949072	325.921881744	0.0	725.0	1592.0	2317.0	-0.374190763919	324.423392318	0.0	1423.0	553.0	1976.0	0.44028340081	383.046558704	0.0	1424.0	552.0	1976.0	0.441295546559	384.809716599	0.0	none	0	1	0	0	0	0	0	0	0	0	0	0
1	61500048	498184	4006.0	0.00164898912851	0.00201331235046	0.00196563920158	742.0	1514.0	2256.0	-0.34219858156	264.177304965	0.0	770.0	1486.0	2256.0	-0.317375886525	227.241134752	0.0	1421.0	485.0	1906.0	0.491080797482	459.651626443	0.0	1449.0	457.0	1906.0	0.520461699895	516.298006296	0.0	none	0	1	0	0	0	0	0	0	0	0	0	0
1	62000017	497609	4055.0	0.0016539089928	0.00208898954802	0.00203925170164	798.0	1559.0	2357.0	-0.322868052609	245.702588036	0.0	825.0	1532.0	2357.0	-0.299957573186	212.070004243	0.0	1314.0	535.0	1849.0	0.421308815576	328.199567334	0.0	1341.0	508.0	1849.0	0.450513791239	375.277988102	0.0	none	0	1	0	0	0	0	0	0	0	0	0	0
1	62500085	498148	4053.0	0.00164509342605	0.00200442438793	0.00187092992444	836.0	1503.0	2339.0	-0.285164600257	190.204788371	0.0	747.0	1592.0	2339.0	-0.361265498076	305.269345874	0.0	1600.0	367.0	1967.0	0.626842907982	772.897305541	0.0	1511.0	456.0	1967.0	0.536349771225	565.849008643	0.0	none	0	1	0	0	0	0	0	0	0	0	0	0
1	63000032	497635	4425.0	0.00177539763079	0.00219236990967	0.00211450159253	843.0	1724.0	2567.0	-0.343202181535	302.361121932	0.0	916.0	1651.0	2567.0	-0.28632645111	210.449941566	0.0	1494.0	613.0	2107.0	0.418130042715	368.372567632	0.0	1567.0	540.0	2107.0	0.487422876127	500.583293783	0.0	none	0	1	0	0	0	0	0	0	0	0	0	0
1	63500013	497541	4181.0	0.0016531300938	0.0021023393047	0.00196717456451	904.0	1535.0	2439.0	-0.258712587126	163.247642476	0.0	788.0	1651.0	2439.0	-0.353833538335	305.358343583	0.0	1459.0	525.0	1984.0	0.470766129032	439.695564516	0.0	1343.0	641.0	1984.0	0.353830645161	248.389112903	0.0	none	0	1	0	0	0	0	0	0	0	0	0	0
1	64000034	497739	4448.0	0.00171374957558	0.00224414803743	0.00209748482638	910.0	1697.0	2607.0	-0.301879555044	237.57920982	0.0	935.0	1672.0	2607.0	-0.282700421941	208.35021097	0.0	1514.0	556.0	2070.0	0.462801932367	443.364251208	0.0	1539.0	531.0	2070.0	0.486956521739	490.852173913	0.0	none	0	1	0	0	0	0	0	0	0	0	0	0
1	64500068	497549	4404.0	0.00177771435577	0.00215657151356	0.00208270944168	858.0	1658.0	2516.0	-0.317965023847	254.372019078	0.0	875.0	1641.0	2516.0	-0.304451510334	233.209856916	0.0	1561.0	586.0	2147.0	0.454122030741	442.768979972	0.0	1578.0	569.0	2147.0	0.469958081043	474.187703773	0.0	none	0	1	0	0	0	0	0	0	0	0	0	0
1	65000052	497742	4144.0	0.00168963037075	0.00202514555734	0.00193975995596	770.0	1582.0	2352.0	-0.345238095238	280.333333333	0.0	722.0	1630.0	2352.0	-0.386054421769	350.537414966	0.0	1561.0	437.0	1998.0	0.562562562563	632.32032032	0.0	1513.0	485.0	1998.0	0.514514514515	528.920920921	0.0	none	0	1	0	0	0	0	0	0	0	0	0	0
1	65500007	497719	3859.0	0.00158422724469	0.0018775654536	0.00178815757486	805.0	1379.0	2184.0	-0.262820512821	150.858974359	0.0	679.0	1505.0	2184.0	-0.378205128205	312.397435897	0.0	1478.0	453.0	1931.0	0.530813050233	544.083376489	0.0	1352.0	579.0	1931.0	0.400310719834	309.440186432	0.0	none	0	1	0	0	0	0	0	0	0	0	0	0
1	66000035	497892	4100.0	0.00162786307071	0.00208177677087	0.00193214592723	866.0	1525.0	2391.0	-0.275616896696	181.631534923	0.0	733.0	1658.0	2391.0	-0.38686741949	357.852363028	0.0	1540.0	406.0	1946.0	0.58273381295	660.820143885	0.0	1407.0	539.0	1946.0	0.446043165468	387.165467626	0.0	none	0	1	0	0	0	0	0	0	0	0	0	0
1	66500023	497515	4236.0	0.00160497673437	0.00199893470549	0.00192557008331	1084.0	1413.0	2497.0	-0.131758109732	43.3484181017	4.58106885759e-11	794.0	1703.0	2497.0	-0.364036844213	330.90949139	0.0	1729.0	388.0	2117.0	0.633443552197	849.447803496	0.0	1439.0	678.0	2117.0	0.359470949457	273.557392537	0.0	none	0	1	0	0	0	0	0	0	0	0	0	0
1	67000000	497516	4376.0	0.0017014528176	0.00217781940681	0.00205420529189	933.0	1677.0	2610.0	-0.285057471264	212.082758621	0.0	886.0	1724.0	2610.0	-0.321072796935	269.059003831	0.0	1443.0	600.0	2043.0	0.412628487518	347.845814978	0.0	1396.0	647.0	2043.0	0.366617719041	274.596671561	0.0	none	0	1	0	0	0	0	0	0	0	0	0	0
1	67500064	497443	4164.0	0.00161023474046	0.00203741936262	0.00194846444718	870.0	1559.0	2429.0	-0.283655825443	195.43886373	0.0	855.0	1574.0	2429.0	-0.296006587073	212.828736105	0.0	1406.0	606.0	2012.0	0.397614314115	318.091451292	0.0	1391.0	621.0	2012.0	0.382703777336	294.681908549	0.0	none	0	1	0	0	0	0	0	0	0	0	0	0
1	68000113	497877	4113.0	0.00162489932252	0.00207681816995	0.00194023825162	762.0	1631.0	2393.0	-0.363142498955	315.570831592	0.0	775.0	1618.0	2393.0	-0.352277475972	296.969912244	0.0	1392.0	535.0	1927.0	0.4447327452	381.135962636	0.0	1405.0	522.0	1927.0	0.45822522055	404.612869746	0.0	none	0	1	0	0	0	0	0	0	0	0	0	0
1	68500055	497223	3993.0	0.00157072379999	0.00205742694928	0.00191262270651	781.0	1538.0	2319.0	-0.326433807676	247.110392411	0.0	712.0	1607.0	2319.0	-0.385942216473	345.418283743	0.0	1408.0	451.0	1859.0	0.514792899408	492.656804734	0.0	1339.0	520.0	1859.0	0.440559440559	360.818181818	0.0	none	0	1	0	0	0	0	0	0	0	0	0	0
1	69000000	496953	4455.0	0.0017164601079	0.00224166068019	0.00213802914964	852.0	1782.0	2634.0	-0.353075170843	328.359908884	0.0	806.0	1828.0	2634.0	-0.388003037206	396.539104024	0.0	1440.0	643.0	2083.0	0.382621219395	304.949111858	0.0	1394.0	689.0	2083.0	0.338454152664	238.610177628	0.0	none	0	1	0	0	0	0	0	0	0	0	0	0
1	69500409	497641	3882.0	0.00157141393093	0.00191603987614	0.00179295918142	711.0	1505.0	2216.0	-0.358303249097	284.492779783	0.0	723.0	1493.0	2216.0	-0.347472924188	267.554151625	0.0	1380.0	524.0	1904.0	0.449579831933	384.840336134	0.0	1392.0	512.0	1904.0	0.46218487395	406.722689076	0.0	none	0	1	0	0	0	0	0	0	0	0	0	0
1	70000035	496754	6074.0	0.00259887187622	0.00268040116436	0.00283993687016	1071.0	2224.0	3295.0	-0.349924127466	403.462518968	0.0	1135.0	2160.0	3295.0	-0.311077389985	318.854324734	0.0	2110.0	1091.0	3201.0	0.318338019369	324.386441737	0.0	2174.0	1027.0	3201.0	0.358325523274	410.999375195	0.0	none	0	1	0	0	0	0	0	0	0	0	0	0
1	70500148	497428	4361.0	0.00181131741679	0.00220835980283	0.00213246942271	903.0	1610.0	2513.0	-0.281337047354	198.905292479	0.0	880.0	1633.0	2513.0	-0.299641862316	225.630322324	0.0	1502.0	533.0	2035.0	0.476167076167	461.405896806	0.0	1479.0	556.0	2035.0	0.453562653563	418.638329238	0.0	none	0	1	0	0	0	0	0	0	0	0	0	0
1	71000022	497465	4360.0	0.00174082598776	0.00220317007227	0.00208758405114	979.0	1577.0	2556.0	-0.233959311424	139.907668232	0.0	946.0	1610.0	2556.0	-0.259780907668	172.494522692	0.0	1531.0	466.0	1997.0	0.533299949925	567.96444667	0.0	1498.0	499.0	1997.0	0.500250375563	499.750125188	0.0	none	0	1	0	0	0	0	0	0	0	0	0	0
1	71500223	498217	4493.0	0.00180142387755	0.00228615241953	0.00210199571673	784.0	1825.0	2609.0	-0.399003449598	415.362591031	0.0	837.0	1772.0	2609.0	-0.358374856267	335.080490609	0.0	1520.0	553.0	2073.0	0.4664737096	451.080077183	0.0	1573.0	500.0	2073.0	0.517607332369	555.392667631	0.0	none	0	1	0	0	0	0	0	0	0	0	0	0
1	72000064	497785	3527.0	0.00143937643762	0.00194561909258	0.00171660455819	580.0	1469.0	2049.0	-0.433870180576	385.710590532	0.0	579.0	1470.0	2049.0	-0.434846266471	387.448023426	0.0	1239.0	310.0	1549.0	0.599741768883	557.160103292	0.0	1238.0	311.0	1549.0	0.598450613299	554.763718528	0.0	none	0	1	0	0	0	0	0	0	0	0	0	0
1	72500013	497616	4871.0	0.00190307385615	0.00241149802257	0.0022969518665	963.0	1874.0	2837.0	-0.321113852661	292.534719774	0.0	906.0	1931.0	2837.0	-0.361297144871	370.329573493	0.0	1765.0	554.0	2319.0	0.52220784821	632.393704183	0.0	1708.0	611.0	2319.0	0.4730487279	518.934454506	0.0	none	0	1	0	0	0	0	0	0	0	0	0	0
1	73000155	497612	4773.0	0.00191615153975	0.00231003271625	0.00219247124265	960.0	1773.0	2733.0	-0.297475301866	241.847420417	0.0	907.0	1826.0	2733.0	-0.336260519576	309.02341749	0.0	1762.0	615.0	2377.0	0.48254101809	553.474547749	0.0	1709.0	668.0	2377.0	0.437946992007	455.902818679	0.0	none	0	1	0	0	0	0	0	0	0	0	0	0
1	73500012	497764	4572.0	0.0018452519668	0.00224805329433	0.00213705691854	937.0	1690.0	2627.0	-0.286638751427	215.838979825	0.0	851.0	1776.0	2627.0	-0.352112676056	325.704225352	0.0	1711.0	518.0	2229.0	0.535217586362	638.514580529	0.0	1625.0	604.0	2229.0	0.458052938537	467.672050247	0.0	none	0	1	0	0	0	0	0	0	0	0	0	0
1	74000024	497569	4100.0	0.00178970152883	0.00205097182501	0.00204293273898	693.0	1530.0	2223.0	-0.376518218623	315.145748988	0.0	692.0	1531.0	2223.0	-0.377417903734	316.653621233	0.0	1447.0	553.0	2000.0	0.447	399.618	0.0	1446.0	554.0	2000.0	0.446	397.832	0.0	none	0	1	0	0	0	0	0	0	0	0	0	0
1	74500069	498028	4464.0	0.00184427381593	0.0022087111568	0.00212688844804	819.0	1735.0	2554.0	-0.358653093187	328.526233359	0.0	794.0	1760.0	2554.0	-0.378230227095	365.370399374	0.0	1620.0	551.0	2171.0	0.492399815753	526.37540304	0.0	1595.0	576.0	2171.0	0.469368954399	478.286964532	0.0	none	0	1	0	0	0	0	0	0	0	0	0	0
1	75000054	498152	4736.0	0.0019632561949	0.00229347668985	0.00226286354366	934.0	1737.0	2671.0	-0.300636465743	241.411081992	0.0	903.0	1768.0	2671.0	-0.323848745788	280.129165107	0.0	1667.0	633.0	2300.0	0.449565217391	464.850434783	0.0	1636.0	664.0	2300.0	0.422608695652	410.775652174	0.0	none	0	1	0	0	0	0	0	0	0	0	0	0
1	75500114	497334	4746.0	0.00189711541942	0.00228820068606	0.00218112978401	909.0	1804.0	2713.0	-0.329893107261	295.254330999	0.0	981.0	1732.0	2713.0	-0.276815333579	207.888315518	0.0	1632.0	735.0	2367.0	0.378960709759	339.927756654	0.0	1704.0	663.0	2367.0	0.43979721166	457.828897338	0.0	none	0	1	0	0	0	0	0	0	0	0	0	0
1	76000131	497438	4220.0	0.00175700288277	0.00208769736128	0.00201683425874	832.0	1532.0	2364.0	-0.296108291032	207.275803723	0.0	810.0	1554.0	2364.0	-0.314720812183	234.152284264	0.0	1525.0	535.0	2060.0	0.480582524272	475.776699029	0.0	1503.0	557.0	2060.0	0.459223300971	434.425242718	0.0	none	0	1	0	0	0	0	0	0	0	0	0	0
1	76500017	497579	4666.0	0.00185498182198	0.00228305455013	0.00219362151538	1005.0	1705.0	2710.0	-0.258302583026	180.811808118	0.0	1012.0	1698.0	2710.0	-0.253136531365	173.651660517	0.0	1608.0	649.0	2257.0	0.424900310146	407.47939743	0.0	1615.0	642.0	2257.0	0.431103234382	419.463447054	0.0	none	0	1	0	0	0	0	0	0	0	0	0	0
1	77000004	498034	4409.0	0.00181814896172	0.00219663717738	0.00208068123863	916.0	1609.0	2525.0	-0.274455445545	190.197623762	0.0	889.0	1636.0	2525.0	-0.295841584158	220.993663366	0.0	1608.0	523.0	2131.0	0.509150633505	552.428437353	0.0	1581.0	550.0	2131.0	0.483810417644	498.808540591	0.0	none	0	1	0	0	0	0	0	0	0	0	0	0
1	77500005	497567	4674.0	0.00185301677965	0.00220673798704	0.00211328323623	1064.0	1628.0	2692.0	-0.209509658247	118.163447251	0.0	894.0	1798.0	2692.0	-0.335809806835	303.572065379	0.0	1774.0	552.0	2326.0	0.525365434222	641.996560619	0.0	1604.0	722.0	2326.0	0.379191745486	334.447119518	0.0	none	0	1	0	0	0	0	0	0	0	0	0	0
1	78000058	498045	4042.0	0.00161832766116	0.00204399200875	0.00190344246002	817.0	1512.0	2329.0	-0.298411335337	207.395878059	0.0	735.0	1594.0	2329.0	-0.3688278231	316.823100043	0.0	1509.0	402.0	1911.0	0.579277864992	641.260596546	0.0	1427.0	484.0	1911.0	0.49345892203	465.331763475	0.0	none	0	1	0	0	0	0	0	0	0	0	0	0
1	78500011	497679	4201.0	0.00165166703839	0.00200430397907	0.00191940990076	797.0	1589.0	2386.0	-0.331936295054	262.893545683	0.0	779.0	1607.0	2386.0	-0.347024308466	287.33612741	0.0	1581.0	512.0	2093.0	0.510750119446	545.991877688	0.0	1563.0	530.0	2093.0	0.493549928333	509.837075968	0.0	none	0	1	0	0	0	0	0	0	0	0	0	0
1	79000065	497474	4382.0	0.00179004329875	0.00209558690504	0.002098602138	856.0	1580.0	2436.0	-0.297208538588	215.178981938	0.0	857.0	1579.0	2436.0	-0.296387520525	213.991789819	0.0	1571.0	590.0	2161.0	0.45395650162	445.331328089	0.0	1572.0	589.0	2161.0	0.454881999075	447.14900509	0.0	none	0	1	0	0	0	0	0	0	0	0	0	0
1	79500041	497781	4281.0	0.00175679666359	0.00209228556333	0.00203000918074	716.0	1707.0	2423.0	-0.408997111019	405.31613702	0.0	784.0	1639.0	2423.0	-0.352868345027	301.702434998	0.0	1492.0	578.0	2070.0	0.44154589372	403.57294686	0.0	1560.0	510.0	2070.0	0.507246376812	532.608695652	0.0	none	0	1	0	0	0	0	0	0	0	0	0	0
1	80000158	498125	4467.0	0.00177766624843	0.00225947302384	0.00209987452949	852.0	1765.0	2617.0	-0.348872755063	318.520825373	0.0	830.0	1787.0	2617.0	-0.365685899885	349.96140619	0.0	1554.0	538.0	2092.0	0.485659655832	493.430210325	0.0	1532.0	560.0	2092.0	0.464627151052	451.617590822	0.0	none	0	1	0	0	0	0	0	0	0	0	0	0
1	80500049	497452	4746.0	0.00195697273305	0.00232585254457	0.0022720785121	890.0	1771.0	2661.0	-0.331078541902	291.680195415	0.0	893.0	1768.0	2661.0	-0.32882375047	287.720781661	0.0	1611.0	741.0	2352.0	0.369897959184	321.81122449	0.0	1614.0	738.0	2352.0	0.372448979592	326.265306122	0.0	none	0	1	0	0	0	0	0	0	0	0	0	0
1	81000030	498029	3941.0	0.00160231633098	0.00203000226894	0.0018623413496	807.0	1479.0	2286.0	-0.293963254593	197.543307087	0.0	747.0	1539.0	2286.0	-0.346456692913	274.393700787	0.0	1440.0	401.0	1841.0	0.564367191744	586.377512222	0.0	1380.0	461.0	1841.0	0.499185225421	458.751222162	0.0	none	0	1	0	0	0	0	0	0	0	0	0	0
1	81500002	497562	3850.0	0.00153046253532	0.00199874588493	0.00183796190224	792.0	1446.0	2238.0	-0.292225201072	191.115281501	0.0	682.0	1556.0	2238.0	-0.390527256479	341.320822163	0.0	1407.0	397.0	1804.0	0.559866962306	565.465631929	0.0	1297.0	507.0	1804.0	0.437915742794	345.953436807	0.0	none	0	1	0	0	0	0	0	0	0	0	0	0
1	82000084	497920	4743.0	0.00190994537275	0.0022845035347	0.00220065472365	860.0	1851.0	2711.0	-0.365547768351	362.257838436	0.0	862.0	1849.0	2711.0	-0.364072298045	359.33935817	0.0	1681.0	653.0	2334.0	0.440445586975	452.77806341	0.0	1683.0	651.0	2334.0	0.442159383033	456.30848329	0.0	none	0	1	0	0	0	0	0	0	0	0	0	0
1	82500034	497621	4670.0	0.00188597346173	0.00226477580327	0.00221503915631	946.0	1740.0	2686.0	-0.295606850335	234.711839166	0.0	949.0	1737.0	2686.0	-0.293373045421	231.177959792	0.0	1607.0	668.0	2275.0	0.412747252747	387.56967033	0.0	1610.0	665.0	2275.0	0.415384615385	392.538461538	0.0	none	0	1	0	0	0	0	0	0	0	0	0	0
1	83000025	497762	4510.0	0.00181512449725	0.00220687798586	0.00210843736565	909.0	1691.0	2600.0	-0.300769230769	235.201538462	0.0	881.0	1719.0	2600.0	-0.322307692308	270.093846154	0.0	1577.0	605.0	2182.0	0.445462878093	432.989917507	0.0	1549.0	633.0	2182.0	0.419798350137	384.535288726	0.0	none	0	1	0	0	0	0	0	0	0	0	0	0
1	83500078	497686	4766.0	0.00188773644426	0.00234987522253	0.00223233122893	1124.0	1639.0	2763.0	-0.18639160333	95.9916757148	0.0	989.0	1774.0	2763.0	-0.284111473037	223.027506334	0.0	1753.0	545.0	2298.0	0.525674499565	635.014795474	0.0	1618.0	680.0	2298.0	0.40818102698	382.873803307	0.0	none	0	1	0	0	0	0	0	0	0	0	0	0
1	84000131	497694	4498.0	0.00180331689753	0.00220717951191	0.00209265130783	872.0	1716.0	2588.0	-0.326120556414	275.245749614	0.0	928.0	1660.0	2588.0	-0.2828438949	207.041731066	0.0	1583.0	589.0	2172.0	0.457642725599	454.896869245	0.0	1639.0	533.0	2172.0	0.509208103131	563.184162063	0.0	none	0	1	0	0	0	0	0	0	0	0	0	0
1	84500088	497295	4050.0	0.00159965412884	0.00197166671694	0.00191737298786	845.0	1499.0	2344.0	-0.279010238908	182.472696246	0.0	827.0	1517.0	2344.0	-0.294368600683	203.114334471	0.0	1425.0	529.0	1954.0	0.458546571136	410.857727738	0.0	1407.0	547.0	1954.0	0.440122824974	378.505629478	0.0	none	0	1	0	0	0	0	0	0	0	0	0	0
1	85000042	497729	4167.0	0.00174793913957	0.00200410263416	0.00197044978291	765.0	1545.0	2310.0	-0.337662337662	263.376623377	0.0	745.0	1565.0	2310.0	-0.354978354978	291.082251082	0.0	1534.0	531.0	2065.0	0.485714285714	487.171428571	0.0	1514.0	551.0	2065.0	0.466343825666	449.089104116	0.0	none	0	1	0	0	0	0	0	0	0	0	0	0
1	85500025	497646	4491.0	0.00185774626944	0.00218528833749	0.0021109382975	837.0	1709.0	2546.0	-0.342498036135	298.65828751	0.0	838.0	1708.0	2546.0	-0.341712490181	297.289866457	0.0	1599.0	617.0	2216.0	0.443140794224	435.164259928	0.0	1600.0	616.0	2216.0	0.4440433213	436.938628159	0.0	none	0	1	0	0	0	0	0	0	0	0	0	0
1	86000080	496537	4382.0	0.00170782841963	0.00217909239392	0.00205624152883	955.0	1617.0	2572.0	-0.257387247278	170.390357698	0.0	957.0	1615.0	2572.0	-0.255832037325	168.33748056	0.0	1415.0	643.0	2058.0	0.375121477162	289.593780369	0.0	1417.0	641.0	2058.0	0.377065111759	292.602526725	0.0	none	0	1	0	0	0	0	0	0	0	0	0	0
1	86500184	497778	4906.0	0.00185926256283	0.00238158375822	0.00225100345937	994.0	1894.0	2888.0	-0.31163434903	280.470914127	0.0	986.0	1902.0	2888.0	-0.317174515235	290.531855956	0.0	1693.0	675.0	2368.0	0.429898648649	437.636824324	0.0	1685.0	683.0	2368.0	0.423141891892	423.988175676	0.0	none	0	1	0	0	0	0	0	0	0	0	0	0
1	87000224	497833	4589.0	0.00182993092061	0.00220756759797	0.00216136736616	949.0	1688.0	2637.0	-0.280242700038	207.099355328	0.0	886.0	1751.0	2637.0	-0.328024270004	283.740993553	0.0	1686.0	561.0	2247.0	0.500667556742	563.251001335	0.0	1623.0	624.0	2247.0	0.444592790387	444.148197597	0.0	none	0	1	0	0	0	0	0	0	0	0	0	0
1	87500005	497470	4678.0	0.00183830180714	0.00227350392989	0.00210917241241	1006.0	1718.0	2724.0	-0.261380323054	186.102790015	0.0	823.0	1901.0	2724.0	-0.395741556535	426.609397944	0.0	1768.0	521.0	2289.0	0.544779379642	679.339886413	0.0	1585.0	704.0	2289.0	0.384884228921	339.083005679	0.0	none	0	1	0	0	0	0	0	0	0	0	0	0
1	88000045	497564	4440.0	0.00181785659734	0.00214846733285	0.00203039207017	962.0	1578.0	2540.0	-0.242519685039	149.392125984	0.0	837.0	1703.0	2540.0	-0.34094488189	295.258267717	0.0	1708.0	485.0	2193.0	0.557683538532	682.046967624	0.0	1583.0	610.0	2193.0	0.443684450524	431.70497036	0.0	none	0	1	0	0	0	0	0	0	0	0	0	0
1	88500176	496748	4540.0	0.00175843687342	0.00224459887106	0.00214042130014	934.0	1725.0	2659.0	-0.297480255735	235.306882287	0.0	815.0	1844.0	2659.0	-0.386987589319	398.21022941	0.0	1620.0	550.0	2170.0	0.493087557604	527.603686636	0.0	1501.0	669.0	2170.0	0.383410138249	318.997235023	0.0	none	0	1	0	0	0	0	0	0	0	0	0	0
1	89000017	497571	4490.0	0.00186204581859	0.00218159820408	0.00212331506458	883.0	1638.0	2521.0	-0.299484331614	226.110670369	0.0	785.0	1736.0	2521.0	-0.377231257438	358.746925823	0.0	1671.0	564.0	2235.0	0.495302013423	548.299328859	0.0	1573.0	662.0	2235.0	0.407606263982	371.329306488	0.0	none	0	1	0	0	0	0	0	0	0	0	0	0
1	89500000	497502	4797.0	0.00187335930308	0.00235576942404	0.00221205140884	1065.0	1738.0	2803.0	-0.240099892972	161.58722797	0.0	987.0	1816.0	2803.0	-0.295754548698	245.18052087	0.0	1725.0	559.0	2284.0	0.510507880911	595.252189142	0.0	1647.0	637.0	2284.0	0.442206654991	446.628721541	0.0	none	0	1	0	0	0	0	0	0	0	0	0	0
1	90000022	497358	4925.0	0.00188697075346	0.0024107383414	0.00227250793191	1011.0	1897.0	2908.0	-0.304676753783	269.943603851	0.0	977.0	1931.0	2908.0	-0.328060522696	312.969738652	0.0	1692.0	649.0	2341.0	0.445536095686	464.6941478	0.0	1658.0	683.0	2341.0	0.416488680051	406.07646305	0.0	none	0	1	0	0	0	0	0	0	0	0	0	0
1	90500112	498079	4468.0	0.00181999241084	0.00217836929483	0.00211562824371	916.0	1641.0	2557.0	-0.283535393039	205.563159953	0.0	840.0	1717.0	2557.0	-0.342980054752	300.793508017	0.0	1634.0	519.0	2153.0	0.517882025081	577.438457966	0.0	1558.0	595.0	2153.0	0.447282861124	430.733395262	0.0	none	0	1	0	0	0	0	0	0	0	0	0	0
1	91000103	497874	4791.0	0.00189204497523	0.0023961885939	0.00225759931228	902.0	1878.0	2780.0	-0.351079136691	342.65323741	0.0	914.0	1866.0	2780.0	-0.342446043165	326.008633094	0.0	1674.0	601.0	2275.0	0.471648351648	506.078681319	0.0	1686.0	589.0	2275.0	0.482197802198	528.970989011	0.0	none	0	1	0	0	0	0	0	0	0	0	0	0
1	91500025	497779	4649.0	0.00186428113681	0.00226204801729	0.00217767322446	956.0	1748.0	2704.0	-0.292899408284	231.976331361	0.0	957.0	1747.0	2704.0	-0.292159763314	230.806213018	0.0	1636.0	576.0	2212.0	0.479204339964	507.956600362	0.0	1637.0	575.0	2212.0	0.480108499096	509.87522604	0.0	none	0	1	0	0	0	0	0	0	0	0	0	0
1	92000380	498369	4300.0	0.00176074354545	0.0021961638866	0.00209984970975	828.0	1657.0	2485.0	-0.333601609658	276.555734406	0.0	821.0	1664.0	2485.0	-0.339235412475	285.975452716	0.0	1491.0	493.0	1984.0	0.503024193548	502.018145161	0.0	1484.0	500.0	1984.0	0.495967741935	488.032258065	0.0	none	0	1	0	0	0	0	0	0	0	0	0	0
1	92500084	497926	4575.0	0.00180147250796	0.00234673425368	0.00216548242108	861.0	1841.0	2702.0	-0.362694300518	355.440414508	0.0	820.0	1882.0	2702.0	-0.39304219097	417.41080681	0.0	1588.0	524.0	2112.0	0.503787878788	536.03030303	0.0	1547.0	565.0	2112.0	0.464962121212	456.59280303	0.0	none	0	1	0	0	0	0	0	0	0	0	0	0
1	93000145	498352	4153.0	0.00181799210197	0.00206681221305	0.00197852120589	751.0	1519.0	2270.0	-0.338325991189	259.834361233	0.0	636.0	1634.0	2270.0	-0.439647577093	438.768281938	0.0	1725.0	319.0	2044.0	0.687866927593	967.140900196	0.0	1610.0	434.0	2044.0	0.575342465753	676.602739726	0.0	none	0	1	0	0	0	0	0	0	0	0	0	0
1	93500061	496923	4138.0	0.00162500025155	0.00216130064416	0.00196056531897	849.0	1614.0	2463.0	-0.31059683313	237.606577345	0.0	854.0	1609.0	2463.0	-0.306536743808	231.435241575	0.0	1342.0	540.0	1882.0	0.4261424017	341.766206164	0.0	1347.0	535.0	1882.0	0.431455897981	350.34218916	0.0	none	0	1	0	0	0	0	0	0	0	0	0	0
1	94000187	498082	4140.0	0.00168245389313	0.00211109817259	0.00203329973779	732.0	1660.0	2392.0	-0.387959866221	360.026755853	0.0	720.0	1672.0	2392.0	-0.397993311037	378.889632107	0.0	1503.0	417.0	1920.0	0.565625	614.26875	0.0	1491.0	429.0	1920.0	0.553125	587.41875	0.0	none	0	1	0	0	0	0	0	0	0	0	0	0
1	94500053	497826	4958.0	0.00189524050572	0.00241449823834	0.00227539341055	1004.0	1878.0	2882.0	-0.303261623872	265.050659264	0.0	1004.0	1878.0	2882.0	-0.303261623872	265.050659264	0.0	1660.0	724.0	2384.0	0.392617449664	367.489932886	0.0	1660.0	724.0	2384.0	0.392617449664	367.489932886	0.0	none	0	1	0	0	0	0	0	0	0	0	0	0
1	95000028	497591	4804.0	0.00189312105725	0.0023402754471	0.0023025938974	992.0	1761.0	2753.0	-0.279331638213	214.806029786	0.0	910.0	1843.0	2753.0	-0.338903014893	316.196512895	0.0	1673.0	648.0	2321.0	0.441619991383	452.660491168	0.0	1591.0	730.0	2321.0	0.370960792762	319.397242568	0.0	none	0	1	0	0	0	0	0	0	0	0	0	0
1	95500042	497473	4968.0	0.00199508315024	0.00237098294782	0.00227349021957	926.0	1908.0	2834.0	-0.346506704305	340.269583627	0.0	846.0	1988.0	2834.0	-0.402964008469	460.184897671	0.0	1855.0	609.0	2464.0	0.505681818182	630.079545455	0.0	1775.0	689.0	2464.0	0.440746753247	478.650974026	0.0	none	0	1	0	0	0	0	0	0	0	0	0	0
1	96000021	497509	4683.0	0.00184318273639	0.00232759608369	0.00227332570868	990.0	1731.0	2721.0	-0.272326350606	201.793825799	0.0	904.0	1817.0	2721.0	-0.335538404998	306.346563763	0.0	1707.0	543.0	2250.0	0.517333333333	602.176	0.0	1621.0	629.0	2250.0	0.440888888889	437.361777778	0.0	none	0	1	0	0	0	0	0	0	0	0	0	0
1	96500034	497455	5446.0	0.00200118603693	0.00245750871938	0.00235699711532	1455.0	1811.0	3266.0	-0.10900183711	38.804654011	4.68409755428e-10	1121.0	2145.0	3266.0	-0.313533374158	321.058175138	0.0	2156.0	586.0	2742.0	0.572574762947	898.942377826	0.0	1822.0	920.0	2742.0	0.328956965718	296.719183078	0.0	none	0	1	0	0	0	0	0	0	0	0	0	0
1	97000027	496781	4884.0	0.00187406523196	0.00227162471995	0.00216846054901	1035.0	1804.0	2839.0	-0.270870024657	208.299048961	0.0	846.0	1993.0	2839.0	-0.404015498415	463.405776682	0.0	1954.0	512.0	2466.0	0.584752635848	843.213300892	0.0	1765.0	701.0	2466.0	0.431467964315	459.081914031	0.0	none	0	1	0	0	0	0	0	0	0	0	0	0
1	97500028	497403	4980.0	0.00181844500335	0.00246379696142	0.00219942380725	1226.0	1784.0	3010.0	-0.185382059801	103.443189369	0.0	1102.0	1908.0	3010.0	-0.267774086379	215.825913621	0.0	1884.0	452.0	2336.0	0.61301369863	877.835616438	0.0	1760.0	576.0	2336.0	0.506849315068	600.109589041	0.0	none	0	1	0	0	0	0	0	0	0	0	0	0
1	98000012	497550	4196.0	0.00167621344588	0.00203497135966	0.00191387800221	939.0	1489.0	2428.0	-0.226523887974	124.588138386	0.0	720.0	1708.0	2428.0	-0.406919275124	402.036243822	0.0	1616.0	463.0	2079.0	0.554593554594	639.446368446	0.0	1397.0	682.0	2079.0	0.343915343915	245.899470899	0.0	none	0	1	0	0	0	0	0	0	0	0	0	0
1	98500017	497383	3753.0	0.00151895018527	0.00191100218544	0.00179037080077	762.0	1429.0	2191.0	-0.304427202191	203.052943861	0.0	678.0	1513.0	2191.0	-0.381104518485	318.222272935	0.0	1429.0	281.0	1710.0	0.67134502924	770.704093567	0.0	1345.0	365.0	1710.0	0.573099415205	561.637426901	0.0	none	0	1	0	0	0	0	0	0	0	0	0	0
1	99000117	497319	3739.0	0.00148898393184	0.00194945296681	0.00176848260372	729.0	1478.0	2207.0	-0.33937471681	254.191662891	0.0	626.0	1581.0	2207.0	-0.432714091527	413.241957408	0.0	1402.0	279.0	1681.0	0.668054729328	750.225461035	0.0	1299.0	382.0	1681.0	0.545508625818	500.231409875	0.0	none	0	1	0	0	0	0	0	0	0	0	0	0
1	99500167	497273	3907.0	0.00160475231915	0.00205822556222	0.00192198249251	665.0	1605.0	2270.0	-0.4140969163	389.251101322	0.0	681.0	1589.0	2270.0	-0.4	363.2	0.0	1345.0	398.0	1743.0	0.543316121629	514.520367183	0.0	1361.0	382.0	1743.0	0.561675272519	549.880091796	0.0	none	0	1	0	0	0	0	0	0	0	0	0	0
1	100000047	497098	3970.0	0.00160531726139	0.00215953393496	0.00194177003327	704.0	1654.0	2358.0	-0.40288379983	382.739609839	0.0	697.0	1661.0	2358.0	-0.408821034775	394.103477523	0.0	1346.0	367.0	1713.0	0.571511967309	559.510215995	0.0	1339.0	374.0	1713.0	0.563339171045	543.622300058	0.0	none	0	1	0	0	0	0	0	0	0	0	0	0
1	100500259	497645	4048.0	0.00155934451265	0.00212098986225	0.00189341799877	810.0	1666.0	2476.0	-0.345718901454	295.935379645	0.0	742.0	1734.0	2476.0	-0.400646203554	397.441033926	0.0	1398.0	356.0	1754.0	0.594070695553	619.021664766	0.0	1330.0	424.0	1754.0	0.5165336374	467.979475485	0.0	none	0	1	0	0	0	0	0	0	0	0	0	0
1	101000052	497475	4147.0	0.00155786722951	0.00205638474295	0.00186743052415	1047.0	1527.0	2574.0	-0.18648018648	89.5104895105	0.0	1043.0	1531.0	2574.0	-0.189588189588	92.519036519	0.0	1338.0	351.0	1689.0	0.584369449378	576.772646536	0.0	1334.0	355.0	1689.0	0.579632918887	567.46062759	0.0	none	0	1	0	0	0	0	0	0	0	0	0	0
1	101500002	497619	3915.0	0.00156444991047	0.0020768901509	0.00195430640711	714.0	1595.0	2309.0	-0.381550454742	336.145950628	0.0	766.0	1543.0	2309.0	-0.33650931139	261.46773495	0.0	1276.0	432.0	1708.0	0.494145199063	417.058548009	0.0	1328.0	380.0	1708.0	0.555035128806	526.173302108	0.0	none	0	1	0	0	0	0	0	0	0	0	0	0
1	102000021	497201	4215.0	0.00164319862591	0.00215204716	0.00193483118497	1076.0	1492.0	2568.0	-0.16199376947	67.3894080997	2.22044604925e-16	1035.0	1533.0	2568.0	-0.193925233645	96.5747663551	0.0	1403.0	379.0	1782.0	0.574635241302	588.426487093	0.0	1362.0	420.0	1782.0	0.52861952862	497.95959596	0.0	none	0	1	0	0	0	0	0	0	0	0	0	0
1	102500196	497259	4033.0	0.00155150535234	0.00208945438896	0.00186371689602	997.0	1476.0	2473.0	-0.19369187222	92.7784067934	0.0	1029.0	1444.0	2473.0	-0.167812373635	69.6421350586	1.11022302463e-16	1309.0	395.0	1704.0	0.536384976526	490.255868545	0.0	1341.0	363.0	1704.0	0.573943661972	561.316901408	0.0	none	0	1	0	0	0	0	0	0	0	0	0	0
1	103000074	496704	4857.0	0.00188341547481	0.00244109167633	0.00233640155908	1212.0	1726.0	2938.0	-0.17494894486	89.9237576583	0.0	1167.0	1771.0	2938.0	-0.205582028591	124.171545269	0.0	1642.0	484.0	2126.0	0.544684854186	630.745061148	0.0	1597.0	529.0	2126.0	0.502351834431	536.511759172	0.0	none	0	1	0	0	0	0	0	0	0	0	0	0
1	103675352	671739	3571.0	0.00106589017461	0.00130035623955	0.00126574458235	664.0	1402.0	2066.0	-0.357212003872	263.622458858	0.0	643.0	1423.0	2066.0	-0.377541142304	294.482090997	0.0	1230.0	466.0	1696.0	0.450471698113	344.160377358	0.0	1209.0	487.0	1696.0	0.42570754717	307.360849057	0.0	none	0	1	0	0	0	0	0	0	0	0	0	0
1	104000136	322565	2871.0	0.00180583758312	0.00221660750546	0.00209182645358	500.0	1120.0	1620.0	-0.382716049383	237.283950617	0.0	508.0	1112.0	1620.0	-0.372839506173	225.195061728	0.0	1025.0	372.0	1397.0	0.467430207588	305.231925555	0.0	1033.0	364.0	1397.0	0.478883321403	320.372942019	0.0	none	0	1	0	0	0	0	0	0	0	0	0	0
1	104500100	495693	5629.0	0.00207789902218	0.00249347882661	0.00254996540197	1320.0	1982.0	3302.0	-0.200484554815	132.720775288	0.0	1358.0	1944.0	3302.0	-0.17746820109	103.996365839	0.0	1800.0	1097.0	2897.0	0.242664825682	170.593372454	0.0	1838.0	1059.0	2897.0	0.268898860891	209.472212634	0.0	none	0	1	0	0	0	0	0	0	0	0	0	0
1	105000064	497061	4471.0	0.00183076121442	0.00219288980628	0.00211945817515	899.0	1660.0	2559.0	-0.297381789762	226.307542009	0.0	939.0	1620.0	2559.0	-0.26611957796	181.227432591	0.0	1430.0	716.0	2146.0	0.332712022367	237.55638397	0.0	1470.0	676.0	2146.0	0.369990680336	293.772600186	0.0	none	0	1	0	0	0	0	0	0	0	0	0	0
1	105500375	497583	4470.0	0.0017615151643	0.00232222563874	0.00214838529451	897.0	1738.0	2635.0	-0.319165085389	268.417836812	0.0	838.0	1797.0	2635.0	-0.36394686907	349.025047438	0.0	1508.0	536.0	2044.0	0.47553816047	462.223091977	0.0	1449.0	595.0	2044.0	0.417808219178	356.808219178	0.0	none	0	1	0	0	0	0	0	0	0	0	0	0
1	106000051	496762	4593.0	0.00186608476494	0.00231096581462	0.00218515103812	879.0	1744.0	2623.0	-0.329775066717	285.255432711	0.0	868.0	1755.0	2623.0	-0.338162409455	299.950057186	0.0	1613.0	554.0	2167.0	0.48869404707	517.526995847	0.0	1602.0	565.0	2167.0	0.478541762806	496.24780803	0.0	none	0	1	0	0	0	0	0	0	0	0	0	0
1	106500036	497080	4039.0	0.00166773959926	0.0020469542126	0.00196899895389	695.0	1606.0	2301.0	-0.395914819644	360.678400695	0.0	696.0	1605.0	2301.0	-0.395045632334	359.096479791	0.0	1451.0	464.0	1915.0	0.515404699739	508.704438642	0.0	1452.0	463.0	1915.0	0.516449086162	510.768146214	0.0	none	0	1	0	0	0	0	0	0	0	0	0	0
1	107000076	497090	3753.0	0.00153895672816	0.00194029250236	0.00182311050313	701.0	1469.0	2170.0	-0.353917050691	271.808294931	0.0	692.0	1478.0	2170.0	-0.362211981567	284.698617512	0.0	1353.0	391.0	1744.0	0.551605504587	530.644495413	0.0	1344.0	400.0	1744.0	0.54128440367	510.972477064	0.0	none	0	1	0	0	0	0	0	0	0	0	0	0
1	107500044	496250	3828.0	0.00154156171285	0.0020161209068	0.00188362720403	680.0	1560.0	2240.0	-0.392857142857	345.714285714	0.0	642.0	1598.0	2240.0	-0.426785714286	408.007142857	0.0	1326.0	402.0	1728.0	0.534722222222	494.083333333	0.0	1288.0	440.0	1728.0	0.490740740741	416.148148148	0.0	none	0	1	0	0	0	0	0	0	0	0	0	0
1	108000026	496446	3940.0	0.00152383139355	0.00203748242508	0.00185619382571	808.0	1510.0	2318.0	-0.30284728214	212.598792062	0.0	758.0	1560.0	2318.0	-0.345987920621	277.482312338	0.0	1413.0	395.0	1808.0	0.563053097345	573.188053097	0.0	1363.0	445.0	1808.0	0.507743362832	466.10840708	0.0	none	0	1	0	0	0	0	0	0	0	0	0	0
1	108500094	496977	3883.0	0.00152220324079	0.00202926896013	0.00186024705369	841.0	1463.0	2304.0	-0.269965277778	167.918402778	0.0	782.0	1522.0	2304.0	-0.321180555556	237.673611111	0.0	1388.0	360.0	1748.0	0.588100686499	604.567505721	0.0	1329.0	419.0	1748.0	0.520594965675	473.741418764	0.0	none	0	1	0	0	0	0	0	0	0	0	0	0
1	109000043	496476	3876.0	0.00159222198052	0.00200311797549	0.0018611171537	733.0	1502.0	2235.0	-0.344071588367	264.591051454	0.0	655.0	1580.0	2235.0	-0.413870246085	382.829977629	0.0	1454.0	353.0	1807.0	0.609297177643	670.836192584	0.0	1376.0	431.0	1807.0	0.522966242391	494.203099059	0.0	none	0	1	0	0	0	0	0	0	0	0	0	0
1	109500078	496510	4179.0	0.0016756963606	0.00211677509013	0.00197478399227	886.0	1547.0	2433.0	-0.271681052199	179.581175503	0.0	875.0	1558.0	2433.0	-0.280723386765	191.734073161	0.0	1413.0	510.0	1923.0	0.469578783151	424.029641186	0.0	1402.0	521.0	1923.0	0.458138325533	403.619864795	0.0	none	0	1	0	0	0	0	0	0	0	0	0	0
1	110000001	496983	3707.0	0.00148797846204	0.00201616554289	0.0018033816046	712.0	1482.0	2194.0	-0.35095715588	270.237010027	0.0	718.0	1476.0	2194.0	-0.34548769371	261.879671832	0.0	1284.0	323.0	1607.0	0.598008711886	574.686372122	0.0	1290.0	317.0	1607.0	0.605476042315	589.128189172	0.0	none	0	1	0	0	0	0	0	0	0	0	0	0
1	110500315	497438	3689.0	0.00149867923239	0.00193189905074	0.00179871662398	716.0	1442.0	2158.0	-0.336422613531	244.242817424	0.0	697.0	1461.0	2158.0	-0.354031510658	270.480074143	0.0	1312.0	352.0	1664.0	0.576923076923	553.846153846	0.0	1293.0	371.0	1664.0	0.554086538462	510.867788462	0.0	none	0	1	0	0	0	0	0	0	0	0	0	0
1	111000178	496603	4688.0	0.00199958518172	0.00226539106691	0.00228653471687	908.0	1692.0	2600.0	-0.301538461538	236.406153846	0.0	889.0	1711.0	2600.0	-0.316153846154	259.878461538	0.0	1672.0	647.0	2319.0	0.442000862441	453.050884002	0.0	1653.0	666.0	2319.0	0.425614489004	420.081500647	0.0	none	0	1	0	0	0	0	0	0	0	0	0	0
1	111500022	496692	4742.0	0.00185728781619	0.00235357122724	0.00221918210883	1133.0	1690.0	2823.0	-0.197307828551	109.900460503	0.0	1111.0	1712.0	2823.0	-0.212894084307	127.949344669	0.0	1565.0	644.0	2209.0	0.41693073789	383.993209597	0.0	1543.0	666.0	2209.0	0.397012222725	348.17971933	0.0	none	0	1	0	0	0	0	0	0	0	0	0	0
1	112000036	496642	4947.0	0.00205782032128	0.00223400356796	0.0023220951913	1019.0	1662.0	2681.0	-0.239835882134	154.214472212	0.0	903.0	1778.0	2681.0	-0.32637075718	285.574412533	0.0	1933.0	637.0	2570.0	0.504280155642	653.547081712	0.0	1817.0	753.0	2570.0	0.414007782101	440.504280156	0.0	none	0	1	0	0	0	0	0	0	0	0	0	0
1	112500049	497279	4082.0	0.00167913786828	0.00200491072416	0.00188827599798	862.0	1495.0	2357.0	-0.268561731014	169.999575732	0.0	802.0	1555.0	2357.0	-0.31947390751	240.563852355	0.0	1474.0	455.0	1929.0	0.528252980819	538.289787455	0.0	1414.0	515.0	1929.0	0.466044582685	418.974079834	0.0	none	0	1	0	0	0	0	0	0	0	0	0	0
1	113000041	496564	4338.0	0.00170672863921	0.00201182526321	0.00187840842268	1003.0	1580.0	2583.0	-0.223383662408	128.892373209	0.0	585.0	1998.0	2583.0	-0.547038327526	772.965156794	0.0	1849.0	432.0	2281.0	0.6212187637	880.266988163	0.0	1431.0	850.0	2281.0	0.254712845243	147.988163086	0.0	none	0	1	0	0	0	0	0	0	0	0	0	0
1	113500008	496950	3821.0	0.00149914478318	0.00195291276788	0.00175520676124	779.0	1481.0	2260.0	-0.310619469027	218.054867257	0.0	700.0	1560.0	2260.0	-0.380530973451	327.256637168	0.0	1380.0	394.0	1774.0	0.555806087937	548.024802706	0.0	1301.0	473.0	1774.0	0.466741826381	386.462232244	0.0	none	0	1	0	0	0	0	0	0	0	0	0	0
1	114000231	497198	3943.0	0.00155370697388	0.00203741768873	0.00186997936436	826.0	1495.0	2321.0	-0.288237828522	192.831107281	0.0	800.0	1521.0	2321.0	-0.31064196467	223.972856527	0.0	1359.0	433.0	1792.0	0.516741071429	478.502232143	0.0	1333.0	459.0	1792.0	0.487723214286	426.270089286	0.0	none	0	1	0	0	0	0	0	0	0	0	0	0
1	114500166	496589	3903.0	0.00147002853466	0.00209630096518	0.00185465243894	769.0	1610.0	2379.0	-0.3535098781	297.301807482	0.0	789.0	1590.0	2379.0	-0.336696090794	269.693568726	0.0	1283.0	391.0	1674.0	0.532855436081	475.307048984	0.0	1303.0	371.0	1674.0	0.556750298686	518.891278375	0.0	none	0	1	0	0	0	0	0	0	0	0	0	0
1	115000296	497116	4276.0	0.00174104233217	0.00210111925587	0.00197639987448	852.0	1571.0	2423.0	-0.296739579034	213.355757326	0.0	891.0	1532.0	2423.0	-0.264548080891	169.575319851	0.0	1507.0	543.0	2050.0	0.470243902439	453.315121951	0.0	1546.0	504.0	2050.0	0.508292682927	529.64097561	0.0	none	0	1	0	0	0	0	0	0	0	0	0	0
1	115500292	497078	4292.0	0.00172809901062	0.00221393825516	0.00210681221056	886.0	1596.0	2482.0	-0.286059629331	203.102336825	0.0	888.0	1594.0	2482.0	-0.284448025786	200.820306205	0.0	1361.0	619.0	1980.0	0.374747474747	278.062626263	0.0	1363.0	617.0	1980.0	0.376767676768	281.068686869	0.0	none	0	1	0	0	0	0	0	0	0	0	0	0
1	116000030	496754	4014.0	0.00164870338236	0.00202816685925	0.00189077491072	862.0	1468.0	2330.0	-0.26008583691	157.612017167	0.0	889.0	1441.0	2330.0	-0.236909871245	130.774248927	0.0	1326.0	491.0	1817.0	0.459548706659	383.723170061	0.0	1353.0	464.0	1817.0	0.489268024216	434.959273528	0.0	none	0	1	0	0	0	0	0	0	0	0	0	0
1	116500195	496540	4075.0	0.00154871712249	0.00204817335965	0.0018951141902	820.0	1647.0	2467.0	-0.335224969599	277.231049858	0.0	991.0	1476.0	2467.0	-0.196595054722	95.3486015403	0.0	1294.0	603.0	1897.0	0.364259356879	251.703215604	0.0	1465.0	432.0	1897.0	0.544544016869	562.513969425	0.0	none	0	1	0	0	0	0	0	0	0	0	0	0
1	117000003	496520	4333.0	0.00170587287521	0.00217815999356	0.00207896962862	924.0	1610.0	2534.0	-0.270718232044	185.712707182	0.0	919.0	1615.0	2534.0	-0.274664561957	191.166535122	0.0	1510.0	462.0	1972.0	0.531440162272	556.949290061	0.0	1505.0	467.0	1972.0	0.526369168357	546.371196755	0.0	none	0	1	0	0	0	0	0	0	0	0	0	0
1	117500185	496959	4693.0	0.00191263263167	0.00225370704626	0.00218277564145	965.0	1735.0	2700.0	-0.285185185185	219.592592593	0.0	910.0	1790.0	2700.0	-0.325925925926	286.814814815	0.0	1577.0	691.0	2268.0	0.390652557319	346.118165785	0.0	1522.0	746.0	2268.0	0.342151675485	265.509700176	0.0	none	0	1	0	0	0	0	0	0	0	0	0	0
1	118000044	496295	4479.0	0.00174795232674	0.00223758047129	0.002081423347	1034.0	1603.0	2637.0	-0.215775502465	122.776260903	0.0	1020.0	1617.0	2637.0	-0.226393629124	135.156996587	0.0	1571.0	569.0	2140.0	0.468224299065	469.160747664	0.0	1557.0	583.0	2140.0	0.455140186916	443.306542056	0.0	none	0	1	0	0	0	0	0	0	0	0	0	0
1	118500023	496633	4593.0	0.00173065422555	0.00227834235743	0.00212027795173	1051.0	1677.0	2728.0	-0.229472140762	143.649560117	0.0	1024.0	1704.0	2728.0	-0.24926686217	169.501466276	0.0	1537.0	633.0	2170.0	0.416589861751	376.597235023	0.0	1510.0	660.0	2170.0	0.391705069124	332.949308756	0.0	none	0	1	0	0	0	0	0	0	0	0	0	0
1	119000195	496454	4482.0	0.00176652821812	0.00216132813916	0.00220161384539	873.0	1716.0	2589.0	-0.32560834299	274.48783314	0.0	845.0	1744.0	2589.0	-0.347238315952	312.167246041	0.0	1546.0	629.0	2175.0	0.421609195402	386.615632184	0.0	1518.0	657.0	2175.0	0.395862068966	340.837241379	0.0	none	0	1	0	0	0	0	0	0	0	0	0	0
1	119500079	496507	4760.0	0.00185797984721	0.00232725822597	0.00227388536315	1035.0	1773.0	2808.0	-0.262820512821	193.961538462	0.0	1042.0	1766.0	2808.0	-0.257834757835	186.672364672	0.0	1535.0	708.0	2243.0	0.368702630406	304.917075346	0.0	1542.0	701.0	2243.0	0.374944271066	315.328131966	0.0	none	0	1	0	0	0	0	0	0	0	0	0	0
1	120000032	496409	4767.0	0.00186539728329	0.00230052235153	0.00224915341986	1015.0	1763.0	2778.0	-0.269258459323	201.405327574	0.0	978.0	1800.0	2778.0	-0.295896328294	243.226781857	0.0	1655.0	645.0	2300.0	0.439130434783	443.52173913	0.0	1618.0	682.0	2300.0	0.406956521739	380.911304348	0.0	none	0	1	0	0	0	0	0	0	0	0	0	0
1	120500035	496368	5007.0	0.00195419527447	0.00234503432937	0.00234100506076	1025.0	1883.0	2908.0	-0.295048143054	253.15130674	0.0	990.0	1918.0	2908.0	-0.319119669876	296.143053645	0.0	1703.0	789.0	2492.0	0.366773675762	335.231139647	0.0	1668.0	824.0	2492.0	0.338683788122	285.849117175	0.0	none	0	1	0	0	0	0	0	0	0	0	0	0
1	121000004	495945	5262.0	0.00203147526439	0.00246700743026	0.00242365584893	1148.0	1941.0	3089.0	-0.256717384267	203.576885724	0.0	1066.0	2023.0	3089.0	-0.309808999676	296.48721269	0.0	1830.0	781.0	2611.0	0.401761777097	421.448104175	0.0	1748.0	863.0	2611.0	0.338950593642	299.971275373	0.0	none	0	1	0	0	0	0	0	0	0	0	0	0
1	121500562	494839	4223.0	0.00162275002577	0.0019693273974	0.00192840499637	982.0	1486.0	2468.0	-0.204213938412	102.923824959	0.0	873.0	1595.0	2468.0	-0.292544570502	211.217179903	0.0	1548.0	564.0	2112.0	0.465909090909	458.454545455	0.0	1439.0	673.0	2112.0	0.362689393939	277.820075758	0.0	none	0	1	0	0	0	0	0	0	0	0	0	0
1	122000005	494021	4287.0	0.00164871533801	0.00194829774443	0.00198675764795	1052.0	1461.0	2513.0	-0.16275368086	66.5662554715	3.33066907388e-16	903.0	1610.0	2513.0	-0.281337047354	198.905292479	0.0	1555.0	600.0	2155.0	0.443155452436	423.213457077	0.0	1406.0	749.0	2155.0	0.304872389791	200.301160093	0.0	none	0	1	0	0	0	0	0	0	0	0	0	0
1	122500053	495238	5628.0	0.00203639462238	0.00256240433892	0.00256088991556	1454.0	1924.0	3378.0	-0.139135583185	65.3937240971	6.66133814775e-16	1338.0	2040.0	3378.0	-0.207815275311	145.886323268	0.0	1899.0	893.0	2792.0	0.360315186246	362.477077364	0.0	1783.0	1009.0	2792.0	0.277220630372	214.568767908	0.0	none	0	1	0	0	0	0	0	0	0	0	0	0
1	122678406	177538	1713.0	0.0020699793847	0.0023769559193	0.00234738478523	312.0	629.0	941.0	-0.336875664187	106.789585547	0.0	310.0	631.0	941.0	-0.341126461211	109.501594049	0.0	631.0	203.0	834.0	0.513189448441	219.645083933	0.0	629.0	205.0	834.0	0.508393285372	215.558752998	0.0	none	0	1	0	0	0	0	0	0	0	0	0	0
