#chrom	coord	total	dtotal	T12	T34	T1234	DFO_left	DFO_right	DFO_total	DFO_stat	DFO_chisq	DFO_Pvalue	DIL_left	DIL_right	DIL_total	DIL_stat	DIL_chisq	DIL_Pvalue	DFI_left	DFI_right	DFI_total	DFI_stat	DFI_chisq	DFI_Pvalue	DOL_left	DOL_right	DOL_total	DOL_stat	DOL_chisq	DOL_Pvalue	introgression	introgna	intrognone	introg13	introg14	introg23	introg24	introg31	introg41	introg32	introg42	introg123	introg124
3	500115	482478	332.0	0.000140939068724	0.000149229602179	0.000158556452315	87.0	94.0	181.0	-0.0386740331492	0.270718232044	0.602850382681	80.0	101.0	181.0	-0.116022099448	2.4364640884	0.118543168801	99.0	73.0	172.0	0.151162790698	3.93023255814	0.0474253855087	92.0	80.0	172.0	0.0697674418605	0.837209302326	0.360196133386	none	0	1	0	0	0	0	0	0	0	0	0	0
3	1000218	494017	61.0	2.02422183852e-05	3.64359930934e-05	2.83391057393e-05	30.0	11.0	41.0	0.463414634146	8.80487804878	0.0030042622394	29.0	12.0	41.0	0.414634146341	7.0487804878	0.0079319235328	11.0	10.0	21.0	0.047619047619	0.047619047619	0.827259346563	10.0	11.0	21.0	-0.047619047619	0.047619047619	0.827259346563	123	0	0	0	0	0	0	0	0	0	0	1	0
3	1500006	493566	31.0	6.07821446372e-06	2.02607148791e-05	1.31694646714e-05	12.0	13.0	25.0	-0.04	0.04	0.841480581122	9.0	16.0	25.0	-0.28	1.96	0.161513318468	8.0	1.0	9.0	0.777777777778	0	1.0	5.0	4.0	9.0	0.111111111111	0	1.0	na	1	0	0	0	0	0	0	0	0	0	0	0
3	2000075	494057	53.0	1.51804346462e-05	3.33969562217e-05	2.53007244103e-05	28.0	10.0	38.0	0.473684210526	8.52631578947	0.00350047582176	24.0	14.0	38.0	0.263157894737	2.63157894737	0.10475748985	13.0	6.0	19.0	0.368421052632	2.57894736842	0.108293655899	9.0	10.0	19.0	-0.0526315789474	0.0526315789474	0.818545808382	none	0	1	0	0	0	0	0	0	0	0	0	0
3	2500088	493065	17.0	4.05626033079e-06	1.0140650827e-05	9.12658574427e-06	3.0	10.0	13.0	-0.538461538462	3.76923076923	0.0522036353413	0.0	13.0	13.0	-1.0	13.0	0.000311490976767	6.0	1.0	7.0	0.714285714286	0	1.0	3.0	4.0	7.0	-0.142857142857	0	1.0	na	1	0	0	0	0	0	0	0	0	0	0	0
3	3000039	493534	7.0	0.0	7.09170999364e-06	3.54585499682e-06	5.0	2.0	7.0	0.428571428571	0	1.0	5.0	2.0	7.0	0.428571428571	0	1.0	0.0	0.0	0.0	0	0	1.0	0.0	0.0	0.0	0	0	1.0	na	1	0	0	0	0	0	0	0	0	0	0	0
3	3500045	493840	18.0	0.0	1.82245261623e-05	9.11226308116e-06	16.0	2.0	18.0	0.777777777778	10.8888888889	0.000967428450248	16.0	2.0	18.0	0.777777777778	10.8888888889	0.000967428450248	0.0	0.0	0.0	0	0	1.0	0.0	0.0	0.0	0	0	1.0	na	1	0	0	0	0	0	0	0	0	0	0	0
3	4000110	493803	39.0	1.11380449288e-05	2.53137384747e-05	1.92384412407e-05	24.0	3.0	27.0	0.777777777778	16.3333333333	5.31212815941e-05	22.0	5.0	27.0	0.62962962963	10.7037037037	0.00106921275492	10.0	4.0	14.0	0.428571428571	2.57142857143	0.108809430041	8.0	6.0	14.0	0.142857142857	0.285714285714	0.592980098017	123	0	0	0	0	0	0	0	0	0	0	1	0
3	4500240	493269	28.0	7.09551988874e-06	1.82456225711e-05	1.87524454202e-05	14.0	7.0	21.0	0.333333333333	2.33333333333	0.126630457948	16.0	5.0	21.0	0.52380952381	5.7619047619	0.0163773083415	3.0	6.0	9.0	-0.333333333333	0	1.0	5.0	4.0	9.0	0.111111111111	0	1.0	na	1	0	0	0	0	0	0	0	0	0	0	0
3	5000015	493527	38.0	1.92492001451e-05	1.51967369566e-05	1.8236084348e-05	12.0	6.0	18.0	0.333333333333	2.0	0.15729920705	11.0	7.0	18.0	0.222222222222	0.888888888889	0.345778586151	11.0	10.0	21.0	0.047619047619	0.047619047619	0.827259346563	10.0	11.0	21.0	-0.047619047619	0.047619047619	0.827259346563	none	0	1	0	0	0	0	0	0	0	0	0	0
3	5500092	493836	57.0	1.92371556549e-05	3.3411901927e-05	2.63245287909e-05	26.0	10.0	36.0	0.444444444444	7.11111111111	0.00766076113518	26.0	10.0	36.0	0.444444444444	7.11111111111	0.00766076113518	11.0	12.0	23.0	-0.0434782608696	0.0434782608696	0.834827329185	11.0	12.0	23.0	-0.0434782608696	0.0434782608696	0.834827329185	123	0	0	0	0	0	0	0	0	0	0	1	0
3	6000018	493344	34.0	1.72293572031e-05	1.52023740027e-05	1.72293572031e-05	7.0	10.0	17.0	-0.176470588235	0.529411764706	0.466854270823	7.0	10.0	17.0	-0.176470588235	0.529411764706	0.466854270823	14.0	5.0	19.0	0.473684210526	4.26315789474	0.038947455742	14.0	5.0	19.0	0.473684210526	4.26315789474	0.038947455742	none	0	1	0	0	0	0	0	0	0	0	0	0
3	6500048	493374	10.0	3.04028992205e-06	6.08057984409e-06	5.57386485709e-06	6.0	0.0	6.0	1.0	0	1.0	6.0	0.0	6.0	1.0	0	1.0	3.0	1.0	4.0	0.5	0	1.0	3.0	1.0	4.0	0.5	0	1.0	na	1	0	0	0	0	0	0	0	0	0	0	0
3	7000026	493303	18.0	0.0	1.41900616862e-05	7.09503084311e-06	17.0	1.0	18.0	0.888888888889	14.2222222222	0.000162440845187	15.0	3.0	18.0	0.666666666667	8.0	0.00467773498105	3.0	1.0	4.0	0.5	0	1.0	1.0	3.0	4.0	-0.5	0	1.0	na	1	0	0	0	0	0	0	0	0	0	0	0
3	7500154	493937	86.0	3.13805201878e-05	4.85891925488e-05	4.20094060579e-05	29.0	25.0	54.0	0.0740740740741	0.296296296296	0.586213681073	33.0	21.0	54.0	0.222222222222	2.66666666667	0.10247043486	21.0	15.0	36.0	0.166666666667	1.0	0.317310507863	25.0	11.0	36.0	0.388888888889	5.44444444444	0.0196306572573	none	0	1	0	0	0	0	0	0	0	0	0	0
3	8000002	493418	23.0	5.06669801264e-06	1.11467356278e-05	8.10671682022e-06	12.0	3.0	15.0	0.6	5.4	0.0201367515503	9.0	6.0	15.0	0.2	0.6	0.438578026081	7.0	4.0	11.0	0.272727272727	0.818181818182	0.365712296282	4.0	7.0	11.0	-0.272727272727	0.818181818182	0.365712296282	none	0	1	0	0	0	0	0	0	0	0	0	0
3	8500091	493866	14.0	3.03726111941e-06	1.11366241045e-05	9.11178335824e-06	11.0	0.0	11.0	1.0	11.0	0.000911118877154	11.0	0.0	11.0	1.0	11.0	0.000911118877154	2.0	1.0	3.0	0.333333333333	0	1.0	2.0	1.0	3.0	0.333333333333	0	1.0	na	1	0	0	0	0	0	0	0	0	0	0	0
3	9000001	493564	24.0	8.10431879148e-06	1.41825578851e-05	1.31695180362e-05	10.0	5.0	15.0	0.333333333333	1.66666666667	0.196705602459	9.0	6.0	15.0	0.2	0.6	0.438578026081	9.0	1.0	10.0	0.8	6.4	0.011412036386	8.0	2.0	10.0	0.6	3.6	0.0577795711236	none	0	1	0	0	0	0	0	0	0	0	0	0
3	9500002	492896	55.0	1.82594299812e-05	3.14467960787e-05	2.48531130299e-05	20.0	16.0	36.0	0.111111111111	0.444444444444	0.504985075094	21.0	15.0	36.0	0.166666666667	1.0	0.317310507863	8.0	14.0	22.0	-0.272727272727	1.63636363636	0.200825122695	9.0	13.0	22.0	-0.181818181818	0.727272727273	0.393768634643	none	0	1	0	0	0	0	0	0	0	0	0	0
3	10000032	493529	84.0	3.34326858199e-05	4.7616249501e-05	4.3563802735e-05	33.0	18.0	51.0	0.294117647059	4.41176470588	0.0356919001168	36.0	15.0	51.0	0.411764705882	8.64705882353	0.00327589748291	21.0	15.0	36.0	0.166666666667	1.0	0.317310507863	24.0	12.0	36.0	0.333333333333	4.0	0.0455002638964	none	0	1	0	0	0	0	0	0	0	0	0	0
3	10500234	493182	74.0	2.94009108199e-05	4.25806294634e-05	3.80184191637e-05	31.0	13.0	44.0	0.409090909091	7.36363636364	0.00665560548295	30.0	14.0	44.0	0.363636363636	5.81818181818	0.0158613327398	14.0	17.0	31.0	-0.0967741935484	0.290322580645	0.590013887163	13.0	18.0	31.0	-0.161290322581	0.806451612903	0.369171416333	none	0	1	0	0	0	0	0	0	0	0	0	0
3	11000036	492469	49.0	1.92905543293e-05	2.74128929943e-05	2.43670159949e-05	15.0	13.0	28.0	0.0714285714286	0.142857142857	0.705456986111	14.0	14.0	28.0	0.0	0	1	18.0	4.0	22.0	0.636363636364	8.90909090909	0.00283754488879	17.0	5.0	22.0	0.545454545455	6.54545454545	0.0105152459359	na	1	0	0	0	0	0	0	0	0	0	0	0
3	11500088	493305	57.0	1.72307193319e-05	3.85157255653e-05	3.19275093502e-05	26.0	13.0	39.0	0.333333333333	4.33333333333	0.0373729883407	25.0	14.0	39.0	0.282051282051	3.10256410256	0.0781690858243	11.0	8.0	19.0	0.157894736842	0.473684210526	0.491297124216	10.0	9.0	19.0	0.0526315789474	0.0526315789474	0.818545808382	none	0	1	0	0	0	0	0	0	0	0	0	0
3	12000009	493017	40.0	5.07081905898e-06	3.04249143539e-05	1.87620305182e-05	26.0	8.0	34.0	0.529411764706	9.52941176471	0.0020220491969	27.0	7.0	34.0	0.588235294118	11.7647058824	0.000603644198133	3.0	4.0	7.0	-0.142857142857	0	1.0	4.0	3.0	7.0	0.142857142857	0	1.0	na	1	0	0	0	0	0	0	0	0	0	0	0
3	12500008	493354	98.0	2.4323305375e-05	6.79025608387e-05	4.81398752214e-05	41.0	30.0	71.0	0.154929577465	1.70422535211	0.191736319002	40.0	31.0	71.0	0.12676056338	1.14084507042	0.285473830699	17.0	13.0	30.0	0.133333333333	0.533333333333	0.465208818452	16.0	14.0	30.0	0.0666666666667	0.133333333333	0.715000654688	none	0	1	0	0	0	0	0	0	0	0	0	0
3	13000018	493500	72.0	2.02634245187e-05	4.96453900709e-05	3.79939209726e-05	38.0	14.0	52.0	0.461538461538	11.0769230769	0.000874087211298	35.0	17.0	52.0	0.346153846154	6.23076923077	0.012554918597	17.0	6.0	23.0	0.478260869565	5.26086956522	0.0218101191437	14.0	9.0	23.0	0.217391304348	1.08695652174	0.297146530348	none	0	1	0	0	0	0	0	0	0	0	0	0
3	13500009	493246	39.0	1.31780085393e-05	2.43286311496e-05	2.07807057736e-05	20.0	6.0	26.0	0.538461538462	7.53846153846	0.00603955904866	20.0	6.0	26.0	0.538461538462	7.53846153846	0.00603955904866	10.0	5.0	15.0	0.333333333333	1.66666666667	0.196705602459	10.0	5.0	15.0	0.333333333333	1.66666666667	0.196705602459	123	0	0	0	0	0	0	0	0	0	0	1	0
3	14000057	493271	59.0	2.4327398124e-05	3.24365308319e-05	2.83819644779e-05	17.0	18.0	35.0	-0.0285714285714	0.0285714285714	0.865772374993	14.0	21.0	35.0	-0.2	1.4	0.236723570638	20.0	7.0	27.0	0.481481481481	6.25925925926	0.0123545850179	17.0	10.0	27.0	0.259259259259	1.81481481481	0.177931725268	none	0	1	0	0	0	0	0	0	0	0	0	0
3	14500109	493254	10.0	4.05470609463e-06	6.08205914194e-06	5.06838261829e-06	6.0	0.0	6.0	1.0	0	1.0	6.0	0.0	6.0	1.0	0	1.0	4.0	0.0	4.0	1.0	0	1.0	4.0	0.0	4.0	1.0	0	1.0	na	1	0	0	0	0	0	0	0	0	0	0	0
3	15000105	493772	19.0	3.03783932665e-06	1.62018097421e-05	9.6198245344e-06	11.0	5.0	16.0	0.375	2.25	0.133614402538	11.0	5.0	16.0	0.375	2.25	0.133614402538	2.0	1.0	3.0	0.333333333333	0	1.0	2.0	1.0	3.0	0.333333333333	0	1.0	na	1	0	0	0	0	0	0	0	0	0	0	0
3	15500074	493985	27.0	9.10958834782e-06	1.41704707633e-05	1.16400295556e-05	12.0	4.0	16.0	0.5	4.0	0.0455002638964	10.0	6.0	16.0	0.25	1.0	0.317310507863	10.0	3.0	13.0	0.538461538462	3.76923076923	0.0522036353413	8.0	5.0	13.0	0.230769230769	0.692307692308	0.405380556459	none	0	1	0	0	0	0	0	0	0	0	0	0
3	16000032	494118	12.0	4.04761615646e-06	8.09523231293e-06	6.0714242347e-06	8.0	0.0	8.0	1.0	0	1.0	8.0	0.0	8.0	1.0	0	1.0	4.0	0.0	4.0	1.0	0	1.0	4.0	0.0	4.0	1.0	0	1.0	na	1	0	0	0	0	0	0	0	0	0	0	0
3	16500040	493998	33.0	1.31579480079e-05	1.41700978546e-05	1.4676172778e-05	7.0	13.0	20.0	-0.3	1.8	0.179712494879	11.0	9.0	20.0	0.1	0.2	0.654720846019	11.0	8.0	19.0	0.157894736842	0.473684210526	0.491297124216	15.0	4.0	19.0	0.578947368421	6.36842105263	0.0116168914342	none	0	1	0	0	0	0	0	0	0	0	0	0
3	17000134	493276	42.0	1.72317323365e-05	2.33135202199e-05	2.12862575921e-05	11.0	13.0	24.0	-0.0833333333333	0.166666666667	0.68309139831	12.0	12.0	24.0	0.0	0	1	7.0	12.0	19.0	-0.263157894737	1.31578947368	0.25134910881	8.0	11.0	19.0	-0.157894736842	0.473684210526	0.491297124216	na	1	0	0	0	0	0	0	0	0	0	0	0
3	17500136	493632	30.0	1.11419032802e-05	1.21548035784e-05	1.16483534293e-05	12.0	4.0	16.0	0.5	4.0	0.0455002638964	9.0	7.0	16.0	0.125	0.25	0.617075077452	5.0	12.0	17.0	-0.411764705882	2.88235294118	0.0895550744136	2.0	15.0	17.0	-0.764705882353	9.94117647059	0.00161622221506	none	0	1	0	0	0	0	0	0	0	0	0	0
3	18000013	493645	75.0	2.22832197227e-05	4.76050603166e-05	3.59570136434e-05	37.0	16.0	53.0	0.396226415094	8.32075471698	0.00391946316926	36.0	17.0	53.0	0.358490566038	6.81132075472	0.00905817422147	18.0	9.0	27.0	0.333333333333	3.0	0.0832645166636	17.0	10.0	27.0	0.259259259259	1.81481481481	0.177931725268	123	0	0	0	0	0	0	0	0	0	0	1	0
3	18500075	493828	43.0	3.03749483626e-06	4.04999311501e-05	2.17687129932e-05	40.0	0.0	40.0	1.0	40.0	2.53962850749e-10	40.0	0.0	40.0	1.0	40.0	2.53962850749e-10	2.0	1.0	3.0	0.333333333333	0	1.0	2.0	1.0	3.0	0.333333333333	0	1.0	na	1	0	0	0	0	0	0	0	0	0	0	0
3	19000221	494362	70.0	2.4273710358e-05	4.045618393e-05	3.2364947144e-05	32.0	13.0	45.0	0.422222222222	8.02222222222	0.00462068396336	33.0	12.0	45.0	0.466666666667	9.8	0.00174511869953	10.0	16.0	26.0	-0.230769230769	1.38461538462	0.239316541221	11.0	15.0	26.0	-0.153846153846	0.615384615385	0.432767580668	123	0	0	0	0	0	0	0	0	0	0	1	0
3	19500152	493972	41.0	1.31586405707e-05	2.83416873831e-05	2.37867733394e-05	22.0	6.0	28.0	0.571428571429	9.14285714286	0.00249690891514	22.0	6.0	28.0	0.571428571429	9.14285714286	0.00249690891514	10.0	3.0	13.0	0.538461538462	3.76923076923	0.0522036353413	10.0	3.0	13.0	0.538461538462	3.76923076923	0.0522036353413	123	0	0	0	0	0	0	0	0	0	0	1	0
3	20000353	494498	2.0	1.01112643529e-06	1.01112643529e-06	1.01112643529e-06	1.0	0.0	1.0	1.0	0	1.0	1.0	0.0	1.0	1.0	0	1.0	1.0	0.0	1.0	1.0	0	1.0	1.0	0.0	1.0	1.0	0	1.0	na	1	0	0	0	0	0	0	0	0	0	0	0
3	20500033	493500	25.0	1.11448834853e-05	1.21580547112e-05	1.16514690983e-05	13.0	1.0	14.0	0.857142857143	10.2857142857	0.00134064111723	12.0	2.0	14.0	0.714285714286	7.14285714286	0.00752631516646	9.0	3.0	12.0	0.5	3.0	0.0832645166636	8.0	4.0	12.0	0.333333333333	1.33333333333	0.24821307899	123	0	0	0	0	0	0	0	0	0	0	1	0
3	21000047	493922	37.0	1.11353614538e-05	1.92338061475e-05	1.72091949741e-05	11.0	13.0	24.0	-0.0833333333333	0.166666666667	0.68309139831	10.0	14.0	24.0	-0.166666666667	0.666666666667	0.414216178243	10.0	8.0	18.0	0.111111111111	0.222222222222	0.637351888234	9.0	9.0	18.0	0.0	0	1	na	1	0	0	0	0	0	0	0	0	0	0	0
3	21500023	493674	47.0	2.32947248589e-05	2.0256282486e-05	2.27883177968e-05	15.0	8.0	23.0	0.304347826087	2.13043478261	0.144399792213	14.0	9.0	23.0	0.217391304348	1.08695652174	0.297146530348	15.0	10.0	25.0	0.2	1.0	0.317310507863	14.0	11.0	25.0	0.12	0.36	0.5485062355	none	0	1	0	0	0	0	0	0	0	0	0	0
3	22000124	493432	28.0	9.11979766209e-06	1.62129736215e-05	1.26663856418e-05	9.0	9.0	18.0	0.0	0	1	11.0	7.0	18.0	0.222222222222	0.888888888889	0.345778586151	2.0	10.0	12.0	-0.666666666667	5.33333333333	0.0209213353378	4.0	8.0	12.0	-0.333333333333	1.33333333333	0.24821307899	na	1	0	0	0	0	0	0	0	0	0	0	0
3	22500035	493030	58.0	1.52120560615e-05	3.54947974768e-05	2.53534267692e-05	24.0	19.0	43.0	0.116279069767	0.581395348837	0.445765907915	28.0	15.0	43.0	0.302325581395	3.93023255814	0.0474253855087	8.0	13.0	21.0	-0.238095238095	1.19047619048	0.275233524075	12.0	9.0	21.0	0.142857142857	0.428571428571	0.512690760262	none	0	1	0	0	0	0	0	0	0	0	0	0
3	23000213	492847	139.0	5.0725681601e-05	7.20304678734e-05	6.34071020012e-05	44.0	39.0	83.0	0.0602409638554	0.301204819277	0.58312809138	43.0	40.0	83.0	0.0361445783133	0.10843373494	0.741934400848	31.0	32.0	63.0	-0.015873015873	0.015873015873	0.899741298687	30.0	33.0	63.0	-0.047619047619	0.142857142857	0.705456986111	none	0	1	0	0	0	0	0	0	0	0	0	0
3	23500091	493005	39.0	2.23121469356e-05	1.11560734678e-05	1.67341102017e-05	5.0	10.0	15.0	-0.333333333333	1.66666666667	0.196705602459	6.0	9.0	15.0	-0.2	0.6	0.438578026081	15.0	12.0	27.0	0.111111111111	0.333333333333	0.563702861651	16.0	11.0	27.0	0.185185185185	0.925925925926	0.335923813152	none	0	1	0	0	0	0	0	0	0	0	0	0
3	24000002	492970	35.0	1.11568655293e-05	2.23137310587e-05	1.6735298294e-05	16.0	8.0	24.0	0.333333333333	2.66666666667	0.10247043486	16.0	8.0	24.0	0.333333333333	2.66666666667	0.10247043486	7.0	6.0	13.0	0.0769230769231	0.0769230769231	0.781511294999	7.0	6.0	13.0	0.0769230769231	0.0769230769231	0.781511294999	none	0	1	0	0	0	0	0	0	0	0	0	0
3	24500076	494005	11.0	1.0121355047e-06	9.10921954231e-06	5.06067752351e-06	4.0	6.0	10.0	-0.2	0.4	0.527089256866	5.0	5.0	10.0	0.0	0	1	1.0	1.0	2.0	0.0	0	1.0	2.0	0.0	2.0	1.0	0	1.0	na	1	0	0	0	0	0	0	0	0	0	0	0
3	25000026	493321	59.0	1.92572381877e-05	3.64873986715e-05	2.88858572816e-05	24.0	14.0	38.0	0.263157894737	2.63157894737	0.10475748985	25.0	13.0	38.0	0.315789473684	3.78947368421	0.0515758636209	9.0	13.0	22.0	-0.181818181818	0.727272727273	0.393768634643	10.0	12.0	22.0	-0.0909090909091	0.181818181818	0.669815357599	none	0	1	0	0	0	0	0	0	0	0	0	0
3	25500030	493747	43.0	7.08865066522e-06	3.03799314224e-05	1.87342910438e-05	27.0	7.0	34.0	0.588235294118	11.7647058824	0.000603644198133	26.0	8.0	34.0	0.529411764706	9.52941176471	0.0020220491969	7.0	5.0	12.0	0.166666666667	0.333333333333	0.563702861651	6.0	6.0	12.0	0.0	0	1	na	1	0	0	0	0	0	0	0	0	0	0	0
3	26000189	494286	30.0	3.03468032677e-06	2.6300562832e-05	1.56791816883e-05	25.0	2.0	27.0	0.851851851852	19.5925925926	9.58400566642e-06	24.0	3.0	27.0	0.777777777778	16.3333333333	5.31212815941e-05	4.0	0.0	4.0	1.0	0	1.0	3.0	1.0	4.0	0.5	0	1.0	na	1	0	0	0	0	0	0	0	0	0	0	0
3	26500038	492659	48.0	1.21788092778e-05	2.53725193288e-05	2.18203666228e-05	25.0	9.0	34.0	0.470588235294	7.52941176471	0.00606997236202	26.0	8.0	34.0	0.529411764706	9.52941176471	0.0020220491969	11.0	8.0	19.0	0.157894736842	0.473684210526	0.491297124216	12.0	7.0	19.0	0.263157894737	1.31578947368	0.25134910881	123	0	0	0	0	0	0	0	0	0	0	1	0
3	27000028	492930	54.0	1.21721136875e-05	4.05737122918e-05	2.7387255797e-05	29.0	12.0	41.0	0.414634146341	7.0487804878	0.0079319235328	28.0	13.0	41.0	0.365853658537	5.48780487805	0.0191495715008	10.0	4.0	14.0	0.428571428571	2.57142857143	0.108809430041	9.0	5.0	14.0	0.285714285714	1.14285714286	0.285049407403	none	0	1	0	0	0	0	0	0	0	0	0	0
3	27500036	493738	46.0	1.92409739578e-05	2.63297538371e-05	2.37980467373e-05	15.0	12.0	27.0	0.111111111111	0.333333333333	0.563702861651	15.0	12.0	27.0	0.111111111111	0.333333333333	0.563702861651	13.0	6.0	19.0	0.368421052632	2.57894736842	0.108293655899	13.0	6.0	19.0	0.368421052632	2.57894736842	0.108293655899	none	0	1	0	0	0	0	0	0	0	0	0	0
3	28000010	492842	40.0	8.11619139603e-06	3.04357177351e-05	1.92759545656e-05	28.0	4.0	32.0	0.75	18.0	2.20904969986e-05	28.0	4.0	32.0	0.75	18.0	2.20904969986e-05	4.0	4.0	8.0	0.0	0	1.0	4.0	4.0	8.0	0.0	0	1.0	na	1	0	0	0	0	0	0	0	0	0	0	0
3	28500053	492767	57.0	1.31908183787e-05	3.85577767992e-05	2.58742975889e-05	38.0	4.0	42.0	0.809523809524	27.5238095238	1.55172436567e-07	37.0	5.0	42.0	0.761904761905	24.380952381	7.90464039224e-07	11.0	5.0	16.0	0.375	2.25	0.133614402538	10.0	6.0	16.0	0.25	1.0	0.317310507863	123	0	0	0	0	0	0	0	0	0	0	1	0
3	29000248	494178	33.0	5.0589059003e-06	2.83298730417e-05	1.6694389471e-05	24.0	4.0	28.0	0.714285714286	14.2857142857	0.000157052284231	24.0	4.0	28.0	0.714285714286	14.2857142857	0.000157052284231	2.0	3.0	5.0	-0.2	0	1.0	2.0	3.0	5.0	-0.2	0	1.0	na	1	0	0	0	0	0	0	0	0	0	0	0
3	29500243	493097	123.0	5.17139629728e-05	5.67839593427e-05	5.62769597057e-05	38.0	32.0	70.0	0.0857142857143	0.514285714286	0.47328946538	34.0	36.0	70.0	-0.0285714285714	0.0571428571429	0.811070129334	34.0	27.0	61.0	0.114754098361	0.803278688525	0.370114899917	30.0	31.0	61.0	-0.016393442623	0.016393442623	0.898119787254	none	0	1	0	0	0	0	0	0	0	0	0	0
3	30000050	492373	23.0	4.06196115547e-06	1.82788251996e-05	1.11703931775e-05	16.0	3.0	19.0	0.684210526316	8.89473684211	0.00285993820846	16.0	3.0	19.0	0.684210526316	8.89473684211	0.00285993820846	2.0	2.0	4.0	0.0	0	1.0	2.0	2.0	4.0	0.0	0	1.0	na	1	0	0	0	0	0	0	0	0	0	0	0
3	30500094	492829	49.0	1.21746082313e-05	3.04365205781e-05	2.13055644047e-05	21.0	16.0	37.0	0.135135135135	0.675675675676	0.411079778723	26.0	11.0	37.0	0.405405405405	6.08108108108	0.0136637128682	8.0	9.0	17.0	-0.0588235294118	0.0588235294118	0.808365155915	13.0	4.0	17.0	0.529411764706	4.76470588235	0.0290490221619	none	0	1	0	0	0	0	0	0	0	0	0	0
3	31000006	493308	44.0	7.09495893032e-06	3.44612290901e-05	2.07780940102e-05	35.0	2.0	37.0	0.891891891892	29.4324324324	5.79005156043e-08	36.0	1.0	37.0	0.945945945946	33.1081081081	8.71744409991e-09	2.0	6.0	8.0	-0.5	0	1.0	3.0	5.0	8.0	-0.25	0	1.0	na	1	0	0	0	0	0	0	0	0	0	0	0
3	31500012	489959	329.0	0.000117356758423	0.000172463410204	0.000158176500483	119.0	85.0	204.0	0.166666666667	5.66666666667	0.0172902805929	120.0	84.0	204.0	0.176470588235	6.35294117647	0.0117186855998	100.0	48.0	148.0	0.351351351351	18.2702702703	1.91675345567e-05	101.0	47.0	148.0	0.364864864865	19.7027027027	9.0473319071e-06	none	0	1	0	0	0	0	0	0	0	0	0	0
3	32000008	490969	224.0	8.04531446996e-05	0.000116096942984	0.000102348620789	74.0	60.0	134.0	0.10447761194	1.46268656716	0.226503143137	72.0	62.0	134.0	0.0746268656716	0.746268656716	0.387660173635	62.0	40.0	102.0	0.21568627451	4.74509803922	0.0293818793701	60.0	42.0	102.0	0.176470588235	3.17647058824	0.0747059333121	none	0	1	0	0	0	0	0	0	0	0	0	0
3	32500100	491940	137.0	4.3704516811e-05	9.14745700695e-05	7.36878481116e-05	57.0	36.0	93.0	0.225806451613	4.74193548387	0.0294359369344	57.0	36.0	93.0	0.225806451613	4.74193548387	0.0294359369344	29.0	17.0	46.0	0.260869565217	3.13043478261	0.0768432440337	29.0	17.0	46.0	0.260869565217	3.13043478261	0.0768432440337	none	0	1	0	0	0	0	0	0	0	0	0	0
3	33000018	491584	181.0	4.98388881656e-05	0.000113917458664	8.89980145814e-05	87.0	42.0	129.0	0.348837209302	15.6976744186	7.43154866361e-05	86.0	43.0	129.0	0.333333333333	14.3333333333	0.000153129301395	36.0	27.0	63.0	0.142857142857	1.28571428571	0.256839257958	35.0	28.0	63.0	0.111111111111	0.777777777778	0.3778216371	123	0	0	0	0	0	0	0	0	0	0	1	0
3	33500201	491818	128.0	3.65989044728e-05	8.43808075345e-05	6.55730371804e-05	57.0	35.0	92.0	0.239130434783	5.26086956522	0.0218101191437	53.0	39.0	92.0	0.152173913043	2.13043478261	0.144399792213	27.0	17.0	44.0	0.227272727273	2.27272727273	0.131668016023	23.0	21.0	44.0	0.0454545454545	0.0909090909091	0.763024600553	none	0	1	0	0	0	0	0	0	0	0	0	0
3	34000071	492299	53.0	1.62502869191e-05	3.25005738383e-05	2.43754303787e-05	22.0	15.0	37.0	0.189189189189	1.32432432432	0.249817441836	23.0	14.0	37.0	0.243243243243	2.18918918919	0.138982460293	10.0	9.0	19.0	0.0526315789474	0.0526315789474	0.818545808382	11.0	8.0	19.0	0.157894736842	0.473684210526	0.491297124216	none	0	1	0	0	0	0	0	0	0	0	0	0
3	34500060	492624	159.0	5.98833999156e-05	8.22128032739e-05	7.61229659943e-05	73.0	26.0	99.0	0.474747474747	22.3131313131	2.31617353164e-06	69.0	30.0	99.0	0.393939393939	15.3636363636	8.86785829959e-05	46.0	24.0	70.0	0.314285714286	6.91428571429	0.00855097923713	42.0	28.0	70.0	0.2	2.8	0.0942643068412	13	0	0	1	0	0	0	0	0	0	0	0	0
3	35000025	492232	113.0	4.26628094069e-05	5.89153082286e-05	5.18048399941e-05	39.0	31.0	70.0	0.114285714286	0.914285714286	0.338979843979	37.0	33.0	70.0	0.0571428571429	0.228571428571	0.632585121696	29.0	26.0	55.0	0.0545454545455	0.163636363636	0.685830434452	27.0	28.0	55.0	-0.0181818181818	0.0181818181818	0.892738400944	none	0	1	0	0	0	0	0	0	0	0	0	0
3	35500337	492698	171.0	6.39336875733e-05	9.03190189528e-05	8.01708145761e-05	54.0	53.0	107.0	0.00934579439252	0.00934579439252	0.922985566918	54.0	53.0	107.0	0.00934579439252	0.00934579439252	0.922985566918	41.0	33.0	74.0	0.108108108108	0.864864864865	0.352380865109	41.0	33.0	74.0	0.108108108108	0.864864864865	0.352380865109	none	0	1	0	0	0	0	0	0	0	0	0	0
3	36000053	492015	126.0	3.86167088402e-05	7.62171885004e-05	6.35143237503e-05	64.0	21.0	85.0	0.505882352941	21.7529411765	3.10114077084e-06	66.0	19.0	85.0	0.552941176471	25.9882352941	3.43504265921e-07	22.0	25.0	47.0	-0.063829787234	0.191489361702	0.661679914866	24.0	23.0	47.0	0.0212765957447	0.0212765957447	0.884027968681	123	0	0	0	0	0	0	0	0	0	0	1	0
3	36500068	492123	228.0	8.73765298513e-05	0.000125984763972	0.000115824702361	84.0	57.0	141.0	0.191489361702	5.17021276596	0.0229774015032	81.0	60.0	141.0	0.148936170213	3.12765957447	0.0769741729813	61.0	35.0	96.0	0.270833333333	7.04166666667	0.00796348920655	58.0	38.0	96.0	0.208333333333	4.16666666667	0.0412268333372	none	0	1	0	0	0	0	0	0	0	0	0	0
3	37000005	491447	195.0	6.91834521322e-05	0.00010275777449	9.10576318504e-05	74.0	50.0	124.0	0.193548387097	4.64516129032	0.0311412105958	72.0	52.0	124.0	0.161290322581	3.22580645161	0.0724860850868	52.0	37.0	89.0	0.168539325843	2.52808988764	0.111835521837	50.0	39.0	89.0	0.123595505618	1.3595505618	0.24361538833	none	0	1	0	0	0	0	0	0	0	0	0	0
3	37500044	492445	199.0	7.20892688524e-05	0.000114733625075	9.54421305933e-05	76.0	52.0	128.0	0.1875	4.5	0.0338948535247	75.0	53.0	128.0	0.171875	3.78125	0.0518299272179	52.0	28.0	80.0	0.3	7.2	0.00729035809154	51.0	29.0	80.0	0.275	6.05	0.0139062968953	none	0	1	0	0	0	0	0	0	0	0	0	0
3	38000003	493193	43.0	1.52070284858e-05	2.43312455773e-05	2.07829389306e-05	18.0	9.0	27.0	0.333333333333	3.0	0.0832645166636	19.0	8.0	27.0	0.407407407407	4.48148148148	0.0342640077349	10.0	9.0	19.0	0.0526315789474	0.0526315789474	0.818545808382	11.0	8.0	19.0	0.157894736842	0.473684210526	0.491297124216	none	0	1	0	0	0	0	0	0	0	0	0	0
3	38500102	492698	80.0	3.04446131302e-05	4.56669196952e-05	4.21150481634e-05	27.0	22.0	49.0	0.102040816327	0.510204081633	0.475050524054	25.0	24.0	49.0	0.0204081632653	0.0204081632653	0.886403006367	19.0	14.0	33.0	0.151515151515	0.757575757576	0.384088249474	17.0	16.0	33.0	0.030303030303	0.030303030303	0.861804433049	none	0	1	0	0	0	0	0	0	0	0	0	0
3	39000050	492637	134.0	5.58220352917e-05	6.90163345425e-05	6.34341310133e-05	52.0	23.0	75.0	0.386666666667	11.2133333333	0.000812117134894	48.0	27.0	75.0	0.28	5.88	0.0153138217134	39.0	26.0	65.0	0.2	2.6	0.106863714993	35.0	30.0	65.0	0.0769230769231	0.384615384615	0.535143452398	none	0	1	0	0	0	0	0	0	0	0	0	0
3	39500183	493561	54.0	1.51956900971e-05	3.84957482459e-05	2.68457191715e-05	22.0	17.0	39.0	0.128205128205	0.641025641026	0.423339641582	22.0	17.0	39.0	0.128205128205	0.641025641026	0.423339641582	10.0	5.0	15.0	0.333333333333	1.66666666667	0.196705602459	10.0	5.0	15.0	0.333333333333	1.66666666667	0.196705602459	none	0	1	0	0	0	0	0	0	0	0	0	0
3	40000195	493368	48.0	2.22957305703e-05	2.33091728689e-05	2.38158940183e-05	16.0	9.0	25.0	0.28	1.96	0.161513318468	16.0	9.0	25.0	0.28	1.96	0.161513318468	12.0	11.0	23.0	0.0434782608696	0.0434782608696	0.834827329185	12.0	11.0	23.0	0.0434782608696	0.0434782608696	0.834827329185	none	0	1	0	0	0	0	0	0	0	0	0	0
3	40500020	493806	29.0	3.03763016245e-06	2.43010412996e-05	1.3669335731e-05	18.0	8.0	26.0	0.384615384615	3.84615384615	0.0498602037569	18.0	8.0	26.0	0.384615384615	3.84615384615	0.0498602037569	3.0	2.0	5.0	0.2	0	1.0	3.0	2.0	5.0	0.2	0	1.0	na	1	0	0	0	0	0	0	0	0	0	0	0
3	41000022	493417	72.0	1.82401498124e-05	4.86403994998e-05	3.44536163124e-05	27.0	26.0	53.0	0.0188679245283	0.0188679245283	0.890745800932	26.0	27.0	53.0	-0.0188679245283	0.0188679245283	0.890745800932	15.0	7.0	22.0	0.363636363636	2.90909090909	0.0880815116622	14.0	8.0	22.0	0.272727272727	1.63636363636	0.200825122695	none	0	1	0	0	0	0	0	0	0	0	0	0
3	41500066	493717	121.0	3.94963106395e-05	7.69671694513e-05	6.12699177869e-05	51.0	30.0	81.0	0.259259259259	5.44444444444	0.0196306572573	49.0	32.0	81.0	0.20987654321	3.56790123457	0.0589067186157	29.0	13.0	42.0	0.380952380952	6.09523809524	0.0135546660648	27.0	15.0	42.0	0.285714285714	3.42857142857	0.0640775064511	none	0	1	0	0	0	0	0	0	0	0	0	0
3	42000020	493966	5.0	3.03664624691e-06	2.02443083127e-06	2.53053853909e-06	2.0	0.0	2.0	1.0	0	1.0	2.0	0.0	2.0	1.0	0	1.0	2.0	1.0	3.0	0.333333333333	0	1.0	2.0	1.0	3.0	0.333333333333	0	1.0	na	1	0	0	0	0	0	0	0	0	0	0	0
3	42500095	493163	56.0	2.02772714093e-05	3.44713613957e-05	2.8388179973e-05	25.0	11.0	36.0	0.388888888889	5.44444444444	0.0196306572573	25.0	11.0	36.0	0.388888888889	5.44444444444	0.0196306572573	12.0	8.0	20.0	0.2	0.8	0.371093369523	12.0	8.0	20.0	0.2	0.8	0.371093369523	none	0	1	0	0	0	0	0	0	0	0	0	0
3	43000043	493007	46.0	1.01418438278e-05	3.34680846317e-05	2.18049642297e-05	28.0	6.0	34.0	0.647058823529	14.2352941176	0.000161316420309	27.0	7.0	34.0	0.588235294118	11.7647058824	0.000603644198133	10.0	3.0	13.0	0.538461538462	3.76923076923	0.0522036353413	9.0	4.0	13.0	0.384615384615	1.92307692308	0.165517858697	123	0	0	0	0	0	0	0	0	0	0	1	0
3	43500055	492808	31.0	5.07296959465e-06	2.23210662165e-05	1.36970179056e-05	20.0	4.0	24.0	0.666666666667	10.6666666667	0.00109083517613	21.0	3.0	24.0	0.75	13.5	0.000238563454029	1.0	7.0	8.0	-0.75	0	1.0	2.0	6.0	8.0	-0.5	0	1.0	na	1	0	0	0	0	0	0	0	0	0	0	0
3	44000028	493019	59.0	2.12973536517e-05	3.34672700241e-05	2.73823118379e-05	14.0	22.0	36.0	-0.222222222222	1.77777777778	0.182422439452	15.0	21.0	36.0	-0.166666666667	1.0	0.317310507863	15.0	11.0	26.0	0.153846153846	0.615384615385	0.432767580668	16.0	10.0	26.0	0.230769230769	1.38461538462	0.239316541221	none	0	1	0	0	0	0	0	0	0	0	0	0
3	44500059	493387	19.0	1.01340327167e-06	1.62144523467e-05	8.6139278092e-06	15.0	3.0	18.0	0.666666666667	8.0	0.00467773498105	17.0	1.0	18.0	0.888888888889	14.2222222222	0.000162440845187	1.0	2.0	3.0	-0.333333333333	0	1.0	3.0	0.0	3.0	1.0	0	1.0	na	1	0	0	0	0	0	0	0	0	0	0	0
3	45000041	493714	48.0	1.8229177216e-05	2.9369229959e-05	2.48119356551e-05	18.0	12.0	30.0	0.2	1.2	0.273321678292	18.0	12.0	30.0	0.2	1.2	0.273321678292	10.0	8.0	18.0	0.111111111111	0.222222222222	0.637351888234	10.0	8.0	18.0	0.111111111111	0.222222222222	0.637351888234	none	0	1	0	0	0	0	0	0	0	0	0	0
3	45500207	493867	40.0	1.61986931704e-05	2.22732031093e-05	2.0248366463e-05	8.0	16.0	24.0	-0.333333333333	2.66666666667	0.10247043486	9.0	15.0	24.0	-0.25	1.5	0.22067136192	8.0	9.0	17.0	-0.0588235294118	0.0588235294118	0.808365155915	9.0	8.0	17.0	0.0588235294118	0.0588235294118	0.808365155915	none	0	1	0	0	0	0	0	0	0	0	0	0
3	46000041	493244	4.0	0.0	4.0547882995e-06	2.02739414975e-06	2.0	2.0	4.0	0.0	0	1.0	2.0	2.0	4.0	0.0	0	1.0	0.0	0.0	0.0	0	0	1.0	0.0	0.0	0.0	0	0	1.0	na	1	0	0	0	0	0	0	0	0	0	0	0
3	46500104	492872	96.0	3.65206382184e-05	5.57954195004e-05	4.81869532049e-05	36.0	23.0	59.0	0.220338983051	2.86440677966	0.0905590926654	35.0	24.0	59.0	0.186440677966	2.05084745763	0.152121493884	24.0	16.0	40.0	0.2	1.6	0.205903210732	23.0	17.0	40.0	0.15	0.9	0.342781711148	none	0	1	0	0	0	0	0	0	0	0	0	0
3	47000111	492867	38.0	4.0578898567e-06	3.14486463894e-05	1.87677405872e-05	29.0	5.0	34.0	0.705882352941	16.9411764706	3.85561071562e-05	27.0	7.0	34.0	0.588235294118	11.7647058824	0.000603644198133	5.0	1.0	6.0	0.666666666667	0	1.0	3.0	3.0	6.0	0.0	0	1.0	na	1	0	0	0	0	0	0	0	0	0	0	0
3	47500100	493186	82.0	2.33177746327e-05	5.67737121492e-05	4.10595596793e-05	49.0	9.0	58.0	0.689655172414	27.5862068966	1.5024636113e-07	49.0	9.0	58.0	0.689655172414	27.5862068966	1.5024636113e-07	11.0	15.0	26.0	-0.153846153846	0.615384615385	0.432767580668	11.0	15.0	26.0	-0.153846153846	0.615384615385	0.432767580668	123	0	0	0	0	0	0	0	0	0	0	1	0
3	48000005	492926	35.0	1.31865635004e-05	1.92726697314e-05	1.82583186929e-05	20.0	2.0	22.0	0.818181818182	14.7272727273	0.000124236123431	19.0	3.0	22.0	0.727272727273	11.6363636364	0.000646749122576	9.0	5.0	14.0	0.285714285714	1.14285714286	0.285049407403	8.0	6.0	14.0	0.142857142857	0.285714285714	0.592980098017	123	0	0	0	0	0	0	0	0	0	0	1	0
3	48500004	492733	24.0	1.31917285832e-05	1.11622318781e-05	1.21769802307e-05	2.0	9.0	11.0	-0.636363636364	4.45454545455	0.0348084788119	2.0	9.0	11.0	-0.636363636364	4.45454545455	0.0348084788119	6.0	7.0	13.0	-0.0769230769231	0.0769230769231	0.781511294999	6.0	7.0	13.0	-0.0769230769231	0.0769230769231	0.781511294999	none	0	1	0	0	0	0	0	0	0	0	0	0
3	49000401	493174	14.0	1.01384095674e-06	1.11522505242e-05	6.08304574045e-06	13.0	0.0	13.0	1.0	13.0	0.000311490976767	11.0	2.0	13.0	0.692307692308	6.23076923077	0.012554918597	3.0	0.0	3.0	1.0	0	1.0	1.0	2.0	3.0	-0.333333333333	0	1.0	na	1	0	0	0	0	0	0	0	0	0	0	0
3	49500196	493318	34.0	6.08127009353e-06	2.53386253897e-05	1.67234927572e-05	16.0	12.0	28.0	0.142857142857	0.571428571429	0.449691797969	15.0	13.0	28.0	0.0714285714286	0.142857142857	0.705456986111	3.0	4.0	7.0	-0.142857142857	0	1.0	2.0	5.0	7.0	-0.428571428571	0	1.0	na	1	0	0	0	0	0	0	0	0	0	0	0
3	50000077	492651	11.0	3.04475176139e-06	7.10442077657e-06	6.08950352278e-06	5.0	3.0	8.0	0.25	0	1.0	4.0	4.0	8.0	0.0	0	1.0	4.0	0.0	4.0	1.0	0	1.0	3.0	1.0	4.0	0.5	0	1.0	na	1	0	0	0	0	0	0	0	0	0	0	0
3	50500003	493001	27.0	5.07098362884e-06	2.23123279669e-05	1.47058525236e-05	12.0	10.0	22.0	0.0909090909091	0.181818181818	0.669815357599	12.0	10.0	22.0	0.0909090909091	0.181818181818	0.669815357599	3.0	2.0	5.0	0.2	0	1.0	3.0	2.0	5.0	0.2	0	1.0	na	1	0	0	0	0	0	0	0	0	0	0	0
3	51000012	492845	26.0	7.10162424292e-06	1.92758372308e-05	1.31887307368e-05	15.0	4.0	19.0	0.578947368421	6.36842105263	0.0116168914342	15.0	4.0	19.0	0.578947368421	6.36842105263	0.0116168914342	4.0	3.0	7.0	0.142857142857	0	1.0	4.0	3.0	7.0	0.142857142857	0	1.0	na	1	0	0	0	0	0	0	0	0	0	0	0
3	51500001	492624	26.0	1.01497287992e-05	1.42096203189e-05	1.21796745591e-05	11.0	5.0	16.0	0.375	2.25	0.133614402538	10.0	6.0	16.0	0.25	1.0	0.317310507863	6.0	5.0	11.0	0.0909090909091	0.0909090909091	0.763024600553	5.0	6.0	11.0	-0.0909090909091	0.0909090909091	0.763024600553	none	0	1	0	0	0	0	0	0	0	0	0	0
3	52000080	493401	50.0	1.01337451687e-05	3.54681080906e-05	2.38143011465e-05	35.0	4.0	39.0	0.794871794872	24.641025641	6.90656316471e-07	31.0	8.0	39.0	0.589743589744	13.5641025641	0.000230552620796	9.0	6.0	15.0	0.2	0.6	0.438578026081	5.0	10.0	15.0	-0.333333333333	1.66666666667	0.196705602459	123	0	0	0	0	0	0	0	0	0	0	1	0
3	52500012	493320	37.0	1.01354090651e-05	2.53385226628e-05	1.87505067705e-05	18.0	9.0	27.0	0.333333333333	3.0	0.0832645166636	16.0	11.0	27.0	0.185185185185	0.925925925926	0.335923813152	8.0	4.0	12.0	0.333333333333	1.33333333333	0.24821307899	6.0	6.0	12.0	0.0	0	1	na	1	0	0	0	0	0	0	0	0	0	0	0
3	53000095	492967	51.0	8.11413340041e-06	4.05706670021e-05	2.43424002012e-05	30.0	13.0	43.0	0.395348837209	6.72093023256	0.00952879138632	32.0	11.0	43.0	0.488372093023	10.2558139535	0.00136254502278	3.0	7.0	10.0	-0.4	1.6	0.205903210732	5.0	5.0	10.0	0.0	0	1	na	1	0	0	0	0	0	0	0	0	0	0	0
3	53500002	493089	25.0	5.07007862678e-06	1.62242516057e-05	1.06471651162e-05	15.0	5.0	20.0	0.5	5.0	0.0253473186775	14.0	6.0	20.0	0.4	3.2	0.0736382701203	6.0	2.0	8.0	0.5	0	1.0	5.0	3.0	8.0	0.25	0	1.0	na	1	0	0	0	0	0	0	0	0	0	0	0
3	54000157	493559	24.0	5.06525055768e-06	1.51957516731e-05	1.01305011154e-05	11.0	6.0	17.0	0.294117647059	1.47058823529	0.225252906361	12.0	5.0	17.0	0.411764705882	2.88235294118	0.0895550744136	3.0	5.0	8.0	-0.25	0	1.0	4.0	4.0	8.0	0.0	0	1.0	na	1	0	0	0	0	0	0	0	0	0	0	0
3	54500078	493721	53.0	1.21526125079e-05	3.44324021056e-05	2.32925073068e-05	27.0	10.0	37.0	0.459459459459	7.81081081081	0.00519345973807	28.0	9.0	37.0	0.513513513514	9.75675675676	0.00178664827337	15.0	2.0	17.0	0.764705882353	9.94117647059	0.00161622221506	16.0	1.0	17.0	0.882352941176	13.2352941176	0.000274726763808	none	0	1	0	0	0	0	0	0	0	0	0	0
3	55000122	493197	59.0	9.12414309089e-06	4.86620964848e-05	2.99069134646e-05	30.0	20.0	50.0	0.2	2.0	0.15729920705	28.0	22.0	50.0	0.12	0.72	0.396143909152	7.0	4.0	11.0	0.272727272727	0.818181818182	0.365712296282	5.0	6.0	11.0	-0.0909090909091	0.0909090909091	0.763024600553	none	0	1	0	0	0	0	0	0	0	0	0	0
3	55500143	493462	54.0	1.9251735696e-05	3.34372251561e-05	2.83709789204e-05	25.0	9.0	34.0	0.470588235294	7.52941176471	0.00606997236202	25.0	9.0	34.0	0.470588235294	7.52941176471	0.00606997236202	9.0	11.0	20.0	-0.1	0.2	0.654720846019	9.0	11.0	20.0	-0.1	0.2	0.654720846019	123	0	0	0	0	0	0	0	0	0	0	1	0
3	56000126	493081	26.0	1.01403217727e-05	1.41964504818e-05	1.21683861272e-05	13.0	3.0	16.0	0.625	6.25	0.0124193306516	11.0	5.0	16.0	0.375	2.25	0.133614402538	11.0	1.0	12.0	0.833333333333	8.33333333333	0.00389241712278	9.0	3.0	12.0	0.5	3.0	0.0832645166636	none	0	1	0	0	0	0	0	0	0	0	0	0
3	56500023	492375	71.0	3.3511043412e-05	3.6557501904e-05	3.6049758822e-05	29.0	9.0	38.0	0.526315789474	10.5263157895	0.00117686591062	31.0	7.0	38.0	0.631578947368	15.1578947368	9.88839817462e-05	17.0	18.0	35.0	-0.0285714285714	0.0285714285714	0.865772374993	19.0	16.0	35.0	0.0857142857143	0.257142857143	0.612089880089	123	0	0	0	0	0	0	0	0	0	0	1	0
3	57000256	492524	36.0	3.04553686724e-06	3.14705476281e-05	1.82732212034e-05	30.0	2.0	32.0	0.875	24.5	7.43098372391e-07	29.0	3.0	32.0	0.8125	21.125	4.30277946373e-06	4.0	1.0	5.0	0.6	0	1.0	3.0	2.0	5.0	0.2	0	1.0	na	1	0	0	0	0	0	0	0	0	0	0	0
3	57500017	491904	31.0	5.08229247983e-06	2.54114623992e-05	1.82962529274e-05	23.0	3.0	26.0	0.769230769231	15.3846153846	8.76994237559e-05	23.0	3.0	26.0	0.769230769231	15.3846153846	8.76994237559e-05	4.0	1.0	5.0	0.6	0	1.0	4.0	1.0	5.0	0.6	0	1.0	na	1	0	0	0	0	0	0	0	0	0	0	0
3	58000059	492099	25.0	6.0963342742e-06	1.62568913979e-05	1.1176612836e-05	16.0	2.0	18.0	0.777777777778	10.8888888889	0.000967428450248	15.0	3.0	18.0	0.666666666667	8.0	0.00467773498105	4.0	4.0	8.0	0.0	0	1.0	3.0	5.0	8.0	-0.25	0	1.0	na	1	0	0	0	0	0	0	0	0	0	0	0
3	58500112	492636	8.0	2.0298963129e-06	6.08968893869e-06	4.05979262579e-06	6.0	0.0	6.0	1.0	0	1.0	6.0	0.0	6.0	1.0	0	1.0	1.0	1.0	2.0	0.0	0	1.0	1.0	1.0	2.0	0.0	0	1.0	na	1	0	0	0	0	0	0	0	0	0	0	0
3	59000140	492505	26.0	8.1217449569e-06	1.3197835555e-05	1.16750083755e-05	14.0	4.0	18.0	0.555555555556	5.55555555556	0.0184221254541	16.0	2.0	18.0	0.777777777778	10.8888888889	0.000967428450248	6.0	6.0	12.0	0.0	0	1	8.0	4.0	12.0	0.333333333333	1.33333333333	0.24821307899	na	1	0	0	0	0	0	0	0	0	0	0	0
3	59500016	491725	16.0	4.06731404749e-06	1.11851136306e-05	7.62621383904e-06	9.0	3.0	12.0	0.5	3.0	0.0832645166636	8.0	4.0	12.0	0.333333333333	1.33333333333	0.24821307899	4.0	1.0	5.0	0.6	0	1.0	3.0	2.0	5.0	0.2	0	1.0	na	1	0	0	0	0	0	0	0	0	0	0	0
3	60000017	491894	35.0	1.11812707616e-05	2.23625415232e-05	1.88048644627e-05	9.0	15.0	24.0	-0.25	1.5	0.22067136192	10.0	14.0	24.0	-0.166666666667	0.666666666667	0.414216178243	7.0	5.0	12.0	0.166666666667	0.333333333333	0.563702861651	8.0	4.0	12.0	0.333333333333	1.33333333333	0.24821307899	none	0	1	0	0	0	0	0	0	0	0	0	0
3	60500151	492148	9.0	8.12763640206e-06	0.0	4.06381820103e-06	1.0	0.0	1.0	1.0	0	1.0	0.0	1.0	1.0	-1.0	0	1.0	9.0	0.0	9.0	1.0	0	1.0	8.0	1.0	9.0	0.777777777778	0	1.0	na	1	0	0	0	0	0	0	0	0	0	0	0
3	61000034	492298	5.0	2.03128999102e-06	3.04693498653e-06	2.53911248878e-06	3.0	0.0	3.0	1.0	0	1.0	3.0	0.0	3.0	1.0	0	1.0	2.0	0.0	2.0	1.0	0	1.0	2.0	0.0	2.0	1.0	0	1.0	na	1	0	0	0	0	0	0	0	0	0	0	0
3	61500048	493091	29.0	6.08406967477e-06	2.12942438617e-05	1.36891567682e-05	17.0	5.0	22.0	0.545454545455	6.54545454545	0.0105152459359	16.0	6.0	22.0	0.454545454545	4.54545454545	0.0330062576612	2.0	6.0	8.0	-0.5	0	1.0	1.0	7.0	8.0	-0.75	0	1.0	na	1	0	0	0	0	0	0	0	0	0	0	0
3	62000010	493487	19.0	4.05279166422e-06	1.51979687408e-05	9.62538020252e-06	12.0	3.0	15.0	0.6	5.4	0.0201367515503	12.0	3.0	15.0	0.6	5.4	0.0201367515503	1.0	3.0	4.0	-0.5	0	1.0	1.0	3.0	4.0	-0.5	0	1.0	na	1	0	0	0	0	0	0	0	0	0	0	0
3	62500114	493638	15.0	4.05155194697e-06	9.11599188069e-06	6.58377191383e-06	8.0	2.0	10.0	0.6	3.6	0.0577795711236	7.0	3.0	10.0	0.4	1.6	0.205903210732	4.0	2.0	6.0	0.333333333333	0	1.0	3.0	3.0	6.0	0.0	0	1.0	na	1	0	0	0	0	0	0	0	0	0	0	0
3	63000013	492363	39.0	1.11706200507e-05	2.3356751015e-05	1.82791964465e-05	12.0	16.0	28.0	-0.142857142857	0.571428571429	0.449691797969	15.0	13.0	28.0	0.0714285714286	0.142857142857	0.705456986111	9.0	7.0	16.0	0.125	0.25	0.617075077452	12.0	4.0	16.0	0.5	4.0	0.0455002638964	none	0	1	0	0	0	0	0	0	0	0	0	0
3	63500009	493188	44.0	8.11049741681e-06	3.34558018443e-05	2.17969618077e-05	30.0	5.0	35.0	0.714285714286	17.8571428571	2.38123768478e-05	29.0	6.0	35.0	0.657142857143	15.1142857143	0.000101194605246	6.0	4.0	10.0	0.2	0.4	0.527089256866	5.0	5.0	10.0	0.0	0	1	na	1	0	0	0	0	0	0	0	0	0	0	0
3	64000105	493100	11.0	3.04197931454e-06	8.11194483878e-06	5.57696207666e-06	6.0	2.0	8.0	0.5	0	1.0	6.0	2.0	8.0	0.5	0	1.0	3.0	0.0	3.0	1.0	0	1.0	3.0	0.0	3.0	1.0	0	1.0	na	1	0	0	0	0	0	0	0	0	0	0	0
3	64500042	491861	58.0	1.82978524421e-05	3.15129680946e-05	2.69385049841e-05	18.0	18.0	36.0	0.0	0	1	16.0	20.0	36.0	-0.111111111111	0.444444444444	0.504985075094	9.0	17.0	26.0	-0.307692307692	2.46153846154	0.116664464781	7.0	19.0	26.0	-0.461538461538	5.53846153846	0.0186029299011	na	1	0	0	0	0	0	0	0	0	0	0	0
3	65000026	492833	25.0	5.0727122575e-06	2.029084903e-05	1.26817806437e-05	11.0	9.0	20.0	0.1	0.2	0.654720846019	11.0	9.0	20.0	0.1	0.2	0.654720846019	5.0	0.0	5.0	1.0	0	1.0	5.0	0.0	5.0	1.0	0	1.0	na	1	0	0	0	0	0	0	0	0	0	0	0
3	65500052	493167	32.0	4.0554213887e-06	2.73740943737e-05	1.67286132284e-05	19.0	9.0	28.0	0.357142857143	3.57142857143	0.0587817213554	18.0	10.0	28.0	0.285714285714	2.28571428571	0.130570018116	3.0	2.0	5.0	0.2	0	1.0	2.0	3.0	5.0	-0.2	0	1.0	na	1	0	0	0	0	0	0	0	0	0	0	0
3	66000060	492902	94.0	2.23168094266e-05	6.0864025709e-05	4.15904175678e-05	48.0	21.0	69.0	0.391304347826	10.5652173913	0.00115235481732	47.0	22.0	69.0	0.36231884058	9.05797101449	0.00261552056534	20.0	12.0	32.0	0.25	2.0	0.15729920705	19.0	13.0	32.0	0.1875	1.125	0.288844366346	123	0	0	0	0	0	0	0	0	0	0	1	0
3	66500011	492942	28.0	9.12886303054e-06	1.82577260611e-05	1.47076126603e-05	13.0	6.0	19.0	0.368421052632	2.57894736842	0.108293655899	12.0	7.0	19.0	0.263157894737	1.31578947368	0.25134910881	7.0	3.0	10.0	0.4	1.6	0.205903210732	6.0	4.0	10.0	0.2	0.4	0.527089256866	none	0	1	0	0	0	0	0	0	0	0	0	0
3	67000137	492724	72.0	3.2472540408e-05	3.6531607959e-05	3.6531607959e-05	22.0	18.0	40.0	0.1	0.4	0.527089256866	19.0	21.0	40.0	-0.05	0.1	0.751829634046	22.0	13.0	35.0	0.257142857143	2.31428571429	0.128190174345	19.0	16.0	35.0	0.0857142857143	0.257142857143	0.612089880089	none	0	1	0	0	0	0	0	0	0	0	0	0
3	67500328	493099	46.0	1.21679419346e-05	3.24478451589e-05	2.23078935467e-05	22.0	11.0	33.0	0.333333333333	3.66666666667	0.0555110980979	23.0	10.0	33.0	0.393939393939	5.12121212121	0.0236351019828	3.0	11.0	14.0	-0.571428571429	4.57142857143	0.0325094446457	4.0	10.0	14.0	-0.428571428571	2.57142857143	0.108809430041	none	0	1	0	0	0	0	0	0	0	0	0	0
3	68000072	492213	57.0	1.21898446404e-05	3.86011746947e-05	2.94587912144e-05	28.0	15.0	43.0	0.302325581395	3.93023255814	0.0474253855087	26.0	17.0	43.0	0.209302325581	1.88372093023	0.169911841731	13.0	5.0	18.0	0.444444444444	3.55555555556	0.0593464387919	11.0	7.0	18.0	0.222222222222	0.888888888889	0.345778586151	none	0	1	0	0	0	0	0	0	0	0	0	0
3	68500191	492150	31.0	1.21914050594e-05	1.62552067459e-05	1.52392563243e-05	10.0	9.0	19.0	0.0526315789474	0.0526315789474	0.818545808382	9.0	10.0	19.0	-0.0526315789474	0.0526315789474	0.818545808382	10.0	3.0	13.0	0.538461538462	3.76923076923	0.0522036353413	9.0	4.0	13.0	0.384615384615	1.92307692308	0.165517858697	none	0	1	0	0	0	0	0	0	0	0	0	0
3	69000076	492749	25.0	8.11772322217e-06	1.72501618471e-05	1.36986579374e-05	12.0	5.0	17.0	0.411764705882	2.88235294118	0.0895550744136	12.0	5.0	17.0	0.411764705882	2.88235294118	0.0895550744136	7.0	1.0	8.0	0.75	0	1.0	7.0	1.0	8.0	0.75	0	1.0	na	1	0	0	0	0	0	0	0	0	0	0	0
3	69500025	492015	12.0	8.12983344004e-06	4.06491672002e-06	9.14606262004e-06	3.0	1.0	4.0	0.5	0	1.0	3.0	1.0	4.0	0.5	0	1.0	5.0	3.0	8.0	0.25	0	1.0	5.0	3.0	8.0	0.25	0	1.0	na	1	0	0	0	0	0	0	0	0	0	0	0
3	70000066	492767	40.0	1.21761400418e-05	2.232292341e-05	1.92788883996e-05	20.0	8.0	28.0	0.428571428571	5.14285714286	0.0233422020129	20.0	8.0	28.0	0.428571428571	5.14285714286	0.0233422020129	9.0	7.0	16.0	0.125	0.25	0.617075077452	9.0	7.0	16.0	0.125	0.25	0.617075077452	none	0	1	0	0	0	0	0	0	0	0	0	0
3	70500110	492471	32.0	1.21834585184e-05	1.92904759874e-05	1.57369672529e-05	16.0	4.0	20.0	0.6	7.2	0.00729035809154	15.0	5.0	20.0	0.5	5.0	0.0253473186775	10.0	3.0	13.0	0.538461538462	3.76923076923	0.0522036353413	9.0	4.0	13.0	0.384615384615	1.92307692308	0.165517858697	none	0	1	0	0	0	0	0	0	0	0	0	0
3	71000008	491894	26.0	5.08239580072e-06	1.82966248826e-05	1.16895103417e-05	12.0	9.0	21.0	0.142857142857	0.428571428571	0.512690760262	13.0	8.0	21.0	0.238095238095	1.19047619048	0.275233524075	2.0	4.0	6.0	-0.333333333333	0	1.0	3.0	3.0	6.0	0.0	0	1.0	na	1	0	0	0	0	0	0	0	0	0	0	0
3	71500022	492011	33.0	1.3211086744e-05	1.3211086744e-05	1.42273241858e-05	15.0	3.0	18.0	0.666666666667	8.0	0.00467773498105	10.0	8.0	18.0	0.111111111111	0.222222222222	0.637351888234	10.0	10.0	20.0	0.0	0	1	5.0	15.0	20.0	-0.5	5.0	0.0253473186775	na	1	0	0	0	0	0	0	0	0	0	0	0
3	72000025	492522	34.0	9.13664770305e-06	2.33492107967e-05	1.82732954061e-05	18.0	7.0	25.0	0.44	4.84	0.027806895027	18.0	7.0	25.0	0.44	4.84	0.027806895027	7.0	4.0	11.0	0.272727272727	0.818181818182	0.365712296282	7.0	4.0	11.0	0.272727272727	0.818181818182	0.365712296282	none	0	1	0	0	0	0	0	0	0	0	0	0
3	72500068	492861	52.0	1.62317570268e-05	2.63766051686e-05	2.13041810977e-05	29.0	5.0	34.0	0.705882352941	16.9411764706	3.85561071562e-05	24.0	10.0	34.0	0.411764705882	5.76470588235	0.0163512215758	18.0	7.0	25.0	0.44	4.84	0.027806895027	13.0	12.0	25.0	0.04	0.04	0.841480581122	none	0	1	0	0	0	0	0	0	0	0	0	0
3	73000023	493085	36.0	1.21682874149e-05	2.33225508787e-05	1.77454191468e-05	15.0	9.0	24.0	0.25	1.5	0.22067136192	15.0	9.0	24.0	0.25	1.5	0.22067136192	8.0	4.0	12.0	0.333333333333	1.33333333333	0.24821307899	8.0	4.0	12.0	0.333333333333	1.33333333333	0.24821307899	none	0	1	0	0	0	0	0	0	0	0	0	0
3	73500001	492982	40.0	3.04270744165e-06	3.54982534859e-05	2.02847162777e-05	33.0	3.0	36.0	0.833333333333	25.0	5.73303143736e-07	32.0	4.0	36.0	0.777777777778	21.7777777778	3.06125347305e-06	5.0	0.0	5.0	1.0	0	1.0	4.0	1.0	5.0	0.6	0	1.0	na	1	0	0	0	0	0	0	0	0	0	0	0
3	74000049	493248	35.0	2.02737770858e-06	3.24380433372e-05	1.72327105229e-05	30.0	3.0	33.0	0.818181818182	22.0909090909	2.60038312594e-06	30.0	3.0	33.0	0.818181818182	22.0909090909	2.60038312594e-06	0.0	2.0	2.0	-1.0	0	1.0	0.0	2.0	2.0	-1.0	0	1.0	na	1	0	0	0	0	0	0	0	0	0	0	0
3	74500013	491459	33.0	8.13903092628e-06	1.83128195841e-05	1.32259252552e-05	12.0	10.0	22.0	0.0909090909091	0.181818181818	0.669815357599	13.0	9.0	22.0	0.181818181818	0.727272727273	0.393768634643	4.0	10.0	14.0	-0.428571428571	2.57142857143	0.108809430041	5.0	9.0	14.0	-0.285714285714	1.14285714286	0.285049407403	none	0	1	0	0	0	0	0	0	0	0	0	0
3	75000030	492927	63.0	1.31865367488e-05	3.95596102465e-05	2.63730734977e-05	37.0	12.0	49.0	0.510204081633	12.7551020408	0.000355039380747	37.0	12.0	49.0	0.510204081633	12.7551020408	0.000355039380747	13.0	7.0	20.0	0.3	1.8	0.179712494879	13.0	7.0	20.0	0.3	1.8	0.179712494879	123	0	0	0	0	0	0	0	0	0	0	1	0
3	75500021	493099	45.0	8.11196128972e-06	3.24478451589e-05	2.02799032243e-05	26.0	10.0	36.0	0.444444444444	7.11111111111	0.00766076113518	28.0	8.0	36.0	0.555555555556	11.1111111111	0.000858120666394	4.0	9.0	13.0	-0.384615384615	1.92307692308	0.165517858697	6.0	7.0	13.0	-0.0769230769231	0.0769230769231	0.781511294999	123	0	0	0	0	0	0	0	0	0	0	1	0
3	76000016	492899	40.0	1.4201692436e-05	2.43457584617e-05	2.23169452565e-05	20.0	6.0	26.0	0.538461538462	7.53846153846	0.00603955904866	20.0	6.0	26.0	0.538461538462	7.53846153846	0.00603955904866	7.0	9.0	16.0	-0.125	0.25	0.617075077452	7.0	9.0	16.0	-0.125	0.25	0.617075077452	123	0	0	0	0	0	0	0	0	0	0	1	0
3	76500254	492799	90.0	2.43506987636e-05	5.78329095635e-05	4.2106416612e-05	45.0	20.0	65.0	0.384615384615	9.61538461538	0.00192954047585	46.0	19.0	65.0	0.415384615385	11.2153846154	0.000811219951697	21.0	7.0	28.0	0.5	7.0	0.0081509715935	22.0	6.0	28.0	0.571428571429	9.14285714286	0.00249690891514	none	0	1	0	0	0	0	0	0	0	0	0	0
3	77000055	492831	88.0	3.04363970611e-05	4.7683688729e-05	3.9060042895e-05	27.0	25.0	52.0	0.0384615384615	0.0769230769231	0.781511294999	26.0	26.0	52.0	0.0	0	1	22.0	17.0	39.0	0.128205128205	0.641025641026	0.423339641582	21.0	18.0	39.0	0.0769230769231	0.230769230769	0.630954041184	na	1	0	0	0	0	0	0	0	0	0	0	0
3	77500016	492649	15.0	2.02984274808e-06	1.21790564885e-05	7.10444961829e-06	12.0	1.0	13.0	0.846153846154	9.30769230769	0.00228193725332	13.0	0.0	13.0	1.0	13.0	0.000311490976767	2.0	1.0	3.0	0.333333333333	0	1.0	3.0	0.0	3.0	1.0	0	1.0	na	1	0	0	0	0	0	0	0	0	0	0	0
3	78000053	492546	26.0	6.09080167132e-06	1.72572714021e-05	1.26891701486e-05	15.0	3.0	18.0	0.666666666667	8.0	0.00467773498105	15.0	3.0	18.0	0.666666666667	8.0	0.00467773498105	2.0	6.0	8.0	-0.5	0	1.0	2.0	6.0	8.0	-0.5	0	1.0	na	1	0	0	0	0	0	0	0	0	0	0	0
3	78500072	492190	53.0	1.82856214064e-05	2.94601678214e-05	2.38728946139e-05	17.0	14.0	31.0	0.0967741935484	0.290322580645	0.590013887163	18.0	13.0	31.0	0.161290322581	0.806451612903	0.369171416333	10.0	13.0	23.0	-0.130434782609	0.391304347826	0.531614576882	11.0	12.0	23.0	-0.0434782608696	0.0434782608696	0.834827329185	none	0	1	0	0	0	0	0	0	0	0	0	0
3	79000081	492319	14.0	4.0624066916e-06	8.12481338319e-06	7.10921171029e-06	8.0	0.0	8.0	1.0	0	1.0	8.0	0.0	8.0	1.0	0	1.0	1.0	5.0	6.0	-0.666666666667	0	1.0	1.0	5.0	6.0	-0.666666666667	0	1.0	na	1	0	0	0	0	0	0	0	0	0	0	0
3	79500115	492101	46.0	1.32086705778e-05	2.43852379898e-05	1.98130058667e-05	26.0	7.0	33.0	0.575757575758	10.9393939394	0.000941409585934	25.0	8.0	33.0	0.515151515152	8.75757575758	0.00308318609091	11.0	7.0	18.0	0.222222222222	0.888888888889	0.345778586151	10.0	8.0	18.0	0.111111111111	0.222222222222	0.637351888234	123	0	0	0	0	0	0	0	0	0	0	1	0
3	80000329	492014	18.0	6.09738747271e-06	1.01623124545e-05	8.12984996362e-06	10.0	2.0	12.0	0.666666666667	5.33333333333	0.0209213353378	8.0	4.0	12.0	0.333333333333	1.33333333333	0.24821307899	7.0	1.0	8.0	0.75	0	1.0	5.0	3.0	8.0	0.25	0	1.0	na	1	0	0	0	0	0	0	0	0	0	0	0
3	80500086	492183	16.0	1.01588230394e-06	1.42223522552e-05	7.61911727955e-06	14.0	1.0	15.0	0.866666666667	11.2666666667	0.000789112989016	14.0	1.0	15.0	0.866666666667	11.2666666667	0.000789112989016	1.0	0.0	1.0	1.0	0	1.0	1.0	0.0	1.0	1.0	0	1.0	na	1	0	0	0	0	0	0	0	0	0	0	0
3	81000083	492043	48.0	1.93072556667e-05	2.54042837719e-05	2.23557697193e-05	26.0	2.0	28.0	0.857142857143	20.5714285714	5.74471191916e-06	24.0	4.0	28.0	0.714285714286	14.2857142857	0.000157052284231	19.0	3.0	22.0	0.727272727273	11.6363636364	0.000646749122576	17.0	5.0	22.0	0.545454545455	6.54545454545	0.0105152459359	13	0	0	1	0	0	0	0	0	0	0	0	0
3	81500073	492585	21.0	6.09031943725e-06	1.52257985931e-05	1.06580590152e-05	12.0	3.0	15.0	0.6	5.4	0.0201367515503	12.0	3.0	15.0	0.6	5.4	0.0201367515503	2.0	4.0	6.0	-0.333333333333	0	1.0	2.0	4.0	6.0	-0.333333333333	0	1.0	na	1	0	0	0	0	0	0	0	0	0	0	0
3	82000015	491567	90.0	2.84803495759e-05	5.89950098359e-05	4.37376797059e-05	49.0	13.0	62.0	0.58064516129	20.9032258065	4.83080395841e-06	48.0	14.0	62.0	0.548387096774	18.6451612903	1.57446350981e-05	23.0	8.0	31.0	0.483870967742	7.25806451613	0.00705833204853	22.0	9.0	31.0	0.41935483871	5.45161290323	0.0195502690929	13	0	0	1	0	0	0	0	0	0	0	0	0
3	82500066	491495	92.0	3.76402608368e-05	5.08652173471e-05	4.52700434389e-05	26.0	28.0	54.0	-0.037037037037	0.0740740740741	0.785494747118	24.0	30.0	54.0	-0.111111111111	0.666666666667	0.414216178243	24.0	16.0	40.0	0.2	1.6	0.205903210732	22.0	18.0	40.0	0.1	0.4	0.527089256866	none	0	1	0	0	0	0	0	0	0	0	0	0
3	83000066	491947	58.0	1.11800661453e-05	4.47202645813e-05	2.79501653633e-05	38.0	8.0	46.0	0.652173913043	19.5652173913	9.72232145302e-06	39.0	7.0	46.0	0.695652173913	22.2608695652	2.38007650577e-06	9.0	4.0	13.0	0.384615384615	1.92307692308	0.165517858697	10.0	3.0	13.0	0.538461538462	3.76923076923	0.0522036353413	123	0	0	0	0	0	0	0	0	0	0	1	0
3	83500028	491858	41.0	9.14898202327e-06	2.64303925117e-05	1.77896872675e-05	23.0	9.0	32.0	0.4375	6.125	0.0133283287808	23.0	9.0	32.0	0.4375	6.125	0.0133283287808	7.0	6.0	13.0	0.0769230769231	0.0769230769231	0.781511294999	7.0	6.0	13.0	0.0769230769231	0.0769230769231	0.781511294999	none	0	1	0	0	0	0	0	0	0	0	0	0
3	84000067	492670	37.0	3.04463433942e-06	3.14612215073e-05	2.02975622628e-05	31.0	3.0	34.0	0.823529411765	23.0588235294	1.57119782429e-06	31.0	3.0	34.0	0.823529411765	23.0588235294	1.57119782429e-06	4.0	1.0	5.0	0.6	0	1.0	4.0	1.0	5.0	0.6	0	1.0	na	1	0	0	0	0	0	0	0	0	0	0	0
3	84500077	492633	6.0	4.05981734882e-06	1.0149543372e-06	2.53738584301e-06	1.0	0.0	1.0	1.0	0	1.0	1.0	0.0	1.0	1.0	0	1.0	3.0	2.0	5.0	0.2	0	1.0	3.0	2.0	5.0	0.2	0	1.0	na	1	0	0	0	0	0	0	0	0	0	0	0
3	85000065	492376	14.0	1.01548410158e-06	1.32012933206e-05	7.10838871107e-06	12.0	1.0	13.0	0.846153846154	9.30769230769	0.00228193725332	12.0	1.0	13.0	0.846153846154	9.30769230769	0.00228193725332	1.0	0.0	1.0	1.0	0	1.0	1.0	0.0	1.0	1.0	0	1.0	na	1	0	0	0	0	0	0	0	0	0	0	0
3	85500005	491700	21.0	1.11856823266e-05	9.1519219036e-06	1.11856823266e-05	5.0	5.0	10.0	0.0	0	1	6.0	4.0	10.0	0.2	0.4	0.527089256866	7.0	5.0	12.0	0.166666666667	0.333333333333	0.563702861651	8.0	4.0	12.0	0.333333333333	1.33333333333	0.24821307899	na	1	0	0	0	0	0	0	0	0	0	0	0
3	86000173	493624	24.0	7.09041699755e-06	1.31679172812e-05	1.01291671394e-05	10.0	6.0	16.0	0.25	1.0	0.317310507863	7.0	9.0	16.0	-0.125	0.25	0.617075077452	5.0	6.0	11.0	-0.0909090909091	0.0909090909091	0.763024600553	2.0	9.0	11.0	-0.636363636364	4.45454545455	0.0348084788119	none	0	1	0	0	0	0	0	0	0	0	0	0
3	86500078	492986	0.0	0.0	0.0	0.0	0.0	0.0	0.0	0	0	1.0	0.0	0.0	0.0	0	0	1.0	0.0	0.0	0.0	0	0	1.0	0.0	0.0	0.0	0	0	1.0	na	1	0	0	0	0	0	0	0	0	0	0	0
3	87000051	492510	44.0	1.21824937565e-05	3.04562343912e-05	2.13193640738e-05	19.0	12.0	31.0	0.225806451613	1.58064516129	0.208667787698	20.0	11.0	31.0	0.290322580645	2.61290322581	0.105997548425	6.0	8.0	14.0	-0.142857142857	0.285714285714	0.592980098017	7.0	7.0	14.0	0.0	0	1	na	1	0	0	0	0	0	0	0	0	0	0	0
3	87500035	491831	28.0	8.13287491028e-06	1.93155779119e-05	1.47408357749e-05	14.0	6.0	20.0	0.4	3.2	0.0736382701203	13.0	7.0	20.0	0.3	1.8	0.179712494879	8.0	1.0	9.0	0.777777777778	0	1.0	7.0	2.0	9.0	0.555555555556	0	1.0	na	1	0	0	0	0	0	0	0	0	0	0	0
3	88000086	491972	49.0	1.21958160221e-05	2.94732220533e-05	2.08345190377e-05	26.0	7.0	33.0	0.575757575758	10.9393939394	0.000941409585934	27.0	6.0	33.0	0.636363636364	13.3636363636	0.000256550383056	12.0	7.0	19.0	0.263157894737	1.31578947368	0.25134910881	13.0	6.0	19.0	0.368421052632	2.57894736842	0.108293655899	123	0	0	0	0	0	0	0	0	0	0	1	0
3	88500041	491835	15.0	4.06640438358e-06	1.0166010959e-05	8.13280876717e-06	8.0	3.0	11.0	0.454545454545	2.27272727273	0.131668016023	9.0	2.0	11.0	0.636363636364	4.45454545455	0.0348084788119	2.0	3.0	5.0	-0.2	0	1.0	3.0	2.0	5.0	0.2	0	1.0	na	1	0	0	0	0	0	0	0	0	0	0	0
3	89000095	491896	36.0	4.06590010897e-06	2.947777579e-05	1.77883129767e-05	27.0	5.0	32.0	0.6875	15.125	0.00010062192212	26.0	6.0	32.0	0.625	12.5	0.000406952017445	3.0	2.0	5.0	0.2	0	1.0	2.0	3.0	5.0	-0.2	0	1.0	na	1	0	0	0	0	0	0	0	0	0	0	0
3	89500069	491655	29.0	2.03394656822e-06	2.54243321028e-05	1.37291393355e-05	24.0	3.0	27.0	0.777777777778	16.3333333333	5.31212815941e-05	24.0	3.0	27.0	0.777777777778	16.3333333333	5.31212815941e-05	2.0	0.0	2.0	1.0	0	1.0	2.0	0.0	2.0	1.0	0	1.0	na	1	0	0	0	0	0	0	0	0	0	0	0
3	90000121	492078	23.0	6.09659444234e-06	1.62575851796e-05	1.1177089811e-05	8.0	9.0	17.0	-0.0588235294118	0.0588235294118	0.808365155915	9.0	8.0	17.0	0.0588235294118	0.0588235294118	0.808365155915	5.0	2.0	7.0	0.428571428571	0	1.0	6.0	1.0	7.0	0.714285714286	0	1.0	na	1	0	0	0	0	0	0	0	0	0	0	0
3	90500006	491475	73.0	1.52601861743e-05	5.18846329925e-05	3.45897553283e-05	28.0	27.0	55.0	0.0181818181818	0.0181818181818	0.892738400944	29.0	26.0	55.0	0.0545454545455	0.163636363636	0.685830434452	11.0	10.0	21.0	0.047619047619	0.047619047619	0.827259346563	12.0	9.0	21.0	0.142857142857	0.428571428571	0.512690760262	none	0	1	0	0	0	0	0	0	0	0	0	0
3	91000010	491253	26.0	2.03561097846e-06	1.62848878277e-05	9.16024940306e-06	11.0	9.0	20.0	0.1	0.2	0.654720846019	9.0	11.0	20.0	-0.1	0.2	0.654720846019	5.0	5.0	10.0	0.0	0	1	3.0	7.0	10.0	-0.4	1.6	0.205903210732	na	1	0	0	0	0	0	0	0	0	0	0	0
3	91500513	493449	24.0	5.06637970692e-06	1.62124150621e-05	1.06393973845e-05	15.0	3.0	18.0	0.666666666667	8.0	0.00467773498105	15.0	3.0	18.0	0.666666666667	8.0	0.00467773498105	1.0	5.0	6.0	-0.666666666667	0	1.0	1.0	5.0	6.0	-0.666666666667	0	1.0	na	1	0	0	0	0	0	0	0	0	0	0	0
3	91889000	382778	28.0	9.1436811938e-06	2.35123230698e-05	1.76342423023e-05	12.0	7.0	19.0	0.263157894737	1.31578947368	0.25134910881	12.0	7.0	19.0	0.263157894737	1.31578947368	0.25134910881	4.0	5.0	9.0	-0.111111111111	0	1.0	4.0	5.0	9.0	-0.111111111111	0	1.0	na	1	0	0	0	0	0	0	0	0	0	0	0
