#chrom	pos	AAAAA	AAABA	AABAA	AABBA	ABAAA	ABABA	ABBAA	ABBBA	BAAAA	BAABA	BABAA	BABBA	BBAAA	BBABA	BBBAA	BBBBA
21	500101	490998	76	77	7	81	4	4	1	40	6	4	5	2	7	8	81
21	1000118	493579	61	15	0	16	2	2	0	10	0	1	1	1	0	2	21
21	1500002	492789	18	14	0	11	1	1	2	11	1	2	0	2	2	1	17
21	2000138	492660	24	16	0	15	0	0	0	21	2	0	1	3	0	0	23
21	2500017	492122	27	37	3	22	1	2	5	33	0	4	1	7	2	2	31
21	3000012	491628	42	25	1	27	1	1	2	11	3	3	2	2	3	4	32
21	3500063	492390	64	24	0	27	0	5	1	14	0	2	2	2	4	9	40
21	4000029	493356	43	11	0	5	0	3	1	5	0	3	0	0	0	4	12
21	4500060	492379	31	16	0	28	3	0	2	10	0	1	4	2	0	2	29
21	5000115	493034	33	22	3	21	2	2	1	10	3	2	0	0	0	4	14
21	5500044	493872	14	15	2	12	2	1	0	2	1	1	1	1	0	0	10
21	6000125	493767	17	4	0	6	0	0	0	3	1	1	0	0	0	0	10
21	6500096	493068	36	3	1	8	2	1	2	1	0	0	0	1	0	1	9
21	7000026	492499	29	23	1	22	1	1	1	13	1	1	2	1	2	3	17
21	7500049	492573	42	29	0	24	1	0	2	23	0	0	2	1	3	4	41
21	8000011	492805	6	13	0	7	1	0	1	3	1	0	1	2	1	0	8
21	8500097	493617	5	2	1	0	0	0	0	2	0	0	0	0	0	1	2
21	9000124	492505	50	13	0	18	0	1	0	5	0	0	0	3	0	3	11
21	9500153	493406	32	5	0	4	0	0	0	3	1	1	0	1	1	0	12
21	10000173	493026	27	22	1	32	2	2	1	21	2	0	1	1	0	2	35
21	10500062	492310	17	9	1	18	0	0	0	5	0	3	0	1	0	1	19
21	11000111	492078	18	15	1	13	0	1	0	7	1	0	1	2	2	0	15
21	11500024	492678	8	5	0	6	0	4	2	2	1	1	0	0	0	0	3
21	12000029	492721	33	4	0	10	0	1	0	7	0	0	0	0	0	2	12
21	12500064	492645	8	2	0	2	0	0	0	3	0	0	0	0	0	0	0
21	13000071	493501	12	3	0	1	0	0	0	3	0	0	0	0	0	0	1
21	13500242	492702	12	7	0	4	0	1	0	2	0	0	0	0	0	0	2
21	14000051	493595	57	22	0	7	2	0	0	10	0	0	0	4	0	2	7
21	14500006	493700	51	27	2	16	1	1	1	13	0	1	2	0	0	3	28
21	15000085	493009	13	6	0	9	0	0	0	2	0	0	0	0	0	0	10
21	15500047	492819	16	3	0	2	2	0	2	2	0	2	2	0	2	2	2
21	16000159	492933	22	10	1	5	0	1	1	12	1	2	1	1	3	0	7
21	16500009	492908	29	19	2	17	1	1	0	3	1	2	1	0	0	1	9
21	17000052	492278	48	58	2	32	6	4	2	21	3	5	3	4	1	2	46
21	17500082	492496	23	24	2	34	2	1	0	28	0	2	4	2	1	0	17
21	18000130	492376	20	9	2	5	0	0	4	6	0	1	2	0	0	1	16
21	18500091	492027	33	25	1	24	1	0	2	17	3	8	0	0	8	1	27
21	19000066	492289	14	0	0	2	0	0	0	1	0	1	2	0	0	0	0
21	19500137	492661	9	2	0	5	0	0	1	4	1	1	0	2	1	0	4
21	20000043	492421	5	3	0	0	0	0	0	0	0	0	0	0	7	0	3
21	20500116	493228	12	4	0	0	0	0	0	2	0	0	1	0	1	1	4
21	21000044	493071	18	9	0	12	1	2	0	6	0	1	0	0	0	0	8
21	21500261	493363	24	8	0	1	2	0	1	4	0	1	0	0	1	0	8
21	22000006	491936	29	16	0	8	0	1	0	10	1	0	0	0	2	0	14
21	22500012	492837	6	2	0	2	0	0	0	2	0	0	0	0	0	0	6
21	23000014	492867	53	23	0	14	0	1	2	14	1	3	0	0	0	1	25
21	23500001	492545	10	1	0	6	2	0	0	2	0	1	1	0	1	0	13
21	24000110	493420	19	3	1	0	0	0	0	1	0	0	0	0	0	1	1
21	24500050	492496	26	21	0	32	1	0	3	19	4	0	1	2	0	1	28
21	25000001	492741	25	0	1	7	2	1	2	6	0	4	0	0	1	0	16
21	25500169	493479	42	30	1	20	4	1	1	18	1	4	0	1	1	2	20
21	26000257	493156	35	5	0	9	1	0	0	0	0	2	1	0	0	0	7
21	26500000	492867	17	2	0	3	1	0	0	0	0	0	0	0	0	0	8
21	27000023	491201	50	38	1	51	1	2	1	38	3	6	3	1	1	2	36
21	27500008	490027	47	24	3	20	2	6	0	17	1	3	3	7	0	3	17
21	28000007	490050	48	20	0	22	1	1	2	17	1	4	1	1	4	2	32
21	28500353	490371	22	15	3	15	3	0	2	7	0	1	2	1	3	1	21
21	29000099	490496	47	37	2	39	3	0	0	24	4	10	2	4	0	1	41
21	29500050	490216	42	32	5	35	1	2	5	20	1	2	1	0	1	2	40
21	30000003	492821	12	8	0	5	0	0	0	1	0	0	1	0	0	0	8
21	30500011	490948	76	41	1	49	0	3	0	26	3	5	1	3	2	0	53
21	31000069	491722	34	37	0	26	1	0	1	21	3	0	13	2	3	2	25
21	31500120	492257	8	6	0	2	0	0	0	2	0	0	0	0	0	0	1
21	32000076	492738	24	13	0	7	0	2	0	9	0	0	0	0	0	0	10
21	32500167	493267	7	3	0	0	0	0	0	1	0	1	0	0	0	0	2
21	33000035	492174	35	4	0	2	0	1	1	3	0	0	0	0	2	0	7
21	33500249	493389	23	23	0	17	1	0	1	9	0	0	0	1	2	3	17
21	34000012	492481	22	7	0	13	1	0	0	8	0	0	0	2	2	0	4
21	34500009	491916	19	17	2	29	1	0	0	8	2	0	2	3	0	1	16
21	35000029	492398	15	7	0	4	0	0	0	11	1	2	0	0	2	0	13
21	35500055	491607	13	8	1	4	0	0	1	4	1	0	0	0	2	2	4
21	36000023	492062	36	3	0	6	0	0	0	7	0	0	0	0	0	0	0
21	36500090	492603	5	3	0	6	0	0	0	1	0	0	0	0	0	0	4
21	37000171	492709	7	4	0	6	0	0	0	5	0	0	0	0	0	0	4
21	37500073	492577	20	4	0	1	1	0	0	1	0	2	0	0	0	0	2
21	38000043	492182	37	28	0	35	2	2	1	15	1	2	0	1	1	1	29
21	38500267	492736	8	5	0	1	0	6	0	0	0	0	0	0	0	0	0
21	39000089	494278	15	2	0	2	0	0	0	0	0	0	0	0	0	1	0
21	39500017	494363	16	4	1	2	0	0	3	1	0	0	0	0	1	0	6
21	40000041	492508	43	18	3	14	0	2	0	14	1	0	2	0	1	3	18
21	40500121	492577	3	2	1	3	0	0	0	0	0	0	0	0	0	0	0
21	41000024	491782	44	11	0	2	0	1	0	2	0	0	0	1	0	0	4
21	41500071	492330	1	1	0	3	0	0	0	0	1	0	0	0	2	0	0
21	42000011	491546	4	4	0	1	1	0	0	2	1	0	0	0	3	0	4
21	42500022	492237	14	6	0	4	0	0	0	0	0	0	0	0	0	0	1
21	43000007	491542	23	5	1	6	0	1	1	2	0	0	0	0	0	0	3
21	43500094	492049	31	3	0	3	0	0	0	3	0	0	0	0	0	0	2
21	44000012	491757	8	0	0	3	0	0	0	0	0	0	0	0	0	1	0
21	44500240	492495	17	5	1	2	0	3	0	4	2	2	0	0	1	2	5
21	45000113	491561	18	20	2	14	0	3	0	7	0	0	0	0	0	0	16
21	45500021	490945	21	20	0	27	0	2	3	22	1	6	2	4	1	2	11
21	46000020	491297	25	7	0	5	1	1	0	3	1	0	0	0	0	0	2
21	46500054	491028	9	4	2	3	0	1	0	0	1	0	0	0	0	0	11
21	47000230	490436	30	4	0	8	0	0	0	2	0	0	0	1	2	0	3
21	47500046	491171	9	1	2	2	0	0	0	3	0	0	2	0	1	0	1
21	48000092	491524	9	4	0	8	0	0	0	5	0	3	1	0	0	0	11
21	48500035	492100	5	3	0	1	0	0	0	0	0	0	0	0	0	0	1
21	49000037	493093	24	4	1	7	1	3	6	6	1	0	0	2	0	0	14
21	49500193	491502	7	11	0	6	0	0	0	5	0	0	0	1	0	1	13
21	50000048	491244	8	2	1	6	0	0	0	0	0	0	0	1	0	0	3
21	50500065	490652	14	2	0	9	0	0	1	1	0	0	0	0	0	0	4
21	50858420	353484	17	15	1	21	2	2	0	11	1	0	0	0	0	1	11
