#chrom	pos	AAAAA	AAABA	AABAA	AABBA	ABAAA	ABABA	ABBAA	ABBBA	BAAAA	BAABA	BABAA	BABBA	BBAAA	BBABA	BBBAA	BBBBA
27	500174	490989	77	40	4	33	0	1	2	16	1	1	2	1	2	1	38
27	1000005	491293	21	10	0	2	0	1	0	4	0	6	0	0	0	0	0
27	1500006	492948	11	5	0	3	0	0	0	3	0	0	0	0	0	0	0
27	2000069	493029	3	6	0	3	0	1	0	1	0	0	0	0	0	0	2
27	2500086	491093	14	3	0	2	0	0	0	1	0	0	0	0	0	0	1
27	3000248	490564	11	8	1	7	0	0	0	4	0	0	1	1	0	0	11
27	3500010	492610	25	5	0	6	0	1	0	4	0	1	0	2	1	0	4
27	4000052	492448	19	6	0	5	0	2	1	2	0	0	0	0	0	0	19
27	4500215	493783	43	6	0	5	0	0	0	2	0	1	0	1	0	0	6
27	5000070	492696	23	4	0	2	1	0	1	3	0	0	0	1	1	0	6
27	5500060	493192	15	2	0	8	1	1	0	5	1	0	0	0	0	0	1
27	6000356	492956	10	15	0	17	2	0	1	5	1	0	2	2	0	1	14
27	6500012	491804	55	47	3	47	0	3	2	23	1	3	1	1	3	2	45
27	7000163	493028	21	1	1	2	0	0	0	1	0	0	0	0	0	0	8
27	7500000	492197	18	5	1	3	0	0	0	0	0	0	0	0	0	1	4
27	8000080	493022	55	8	1	11	0	1	1	8	1	2	1	0	0	1	8
27	8500072	493365	29	11	0	8	0	2	1	7	1	0	0	0	0	1	4
27	9000114	493192	13	0	0	1	0	0	0	0	0	0	0	0	0	0	0
27	9500235	492841	32	2	0	9	1	1	0	1	0	1	1	0	0	1	3
27	10000034	492227	14	4	0	7	1	0	0	2	0	0	0	0	0	0	2
27	10500001	492969	15	10	0	2	0	0	0	3	0	0	0	0	0	1	1
27	11000050	493317	5	4	0	4	0	0	0	0	0	0	0	0	0	0	2
27	11500030	492918	13	3	0	1	0	0	0	1	1	0	0	1	0	0	4
27	12000013	492912	8	8	1	10	2	0	0	2	1	2	0	0	0	0	5
27	12500047	492820	8	8	0	6	0	1	0	0	0	0	0	1	0	0	4
27	13000070	492857	10	9	0	10	1	0	4	6	0	0	0	0	1	1	2
27	13500172	492908	32	18	5	17	0	0	4	18	0	3	0	1	0	0	14
27	14000095	492867	16	5	0	13	1	0	0	4	0	0	0	0	0	1	11
27	14500000	492944	14	10	1	4	0	0	0	0	0	0	0	1	0	0	5
27	15000011	492393	26	2	1	13	2	0	1	7	0	1	1	0	0	0	12
27	15500316	492845	32	15	1	19	0	0	0	14	1	4	0	2	0	5	19
27	16000131	492426	19	14	0	12	1	0	1	4	0	1	0	0	0	2	13
27	16500246	492761	15	2	0	4	1	0	1	2	0	0	1	0	3	0	15
27	17000028	492297	40	15	2	16	2	0	1	15	0	0	2	1	0	1	12
27	17500000	493163	28	5	0	7	0	0	0	3	0	0	1	0	0	0	8
27	18000101	492207	26	28	3	41	2	1	1	24	0	4	1	1	2	0	34
27	18500044	492512	32	9	0	3	0	0	0	1	1	0	0	1	0	0	3
27	19000033	493017	37	4	0	9	0	2	1	2	0	0	0	2	0	3	7
27	19500006	493466	13	10	1	7	0	0	1	1	0	1	0	1	2	1	5
27	20000036	493907	12	4	0	6	0	0	0	3	0	0	1	1	0	0	4
27	20500337	492967	19	5	1	14	0	1	1	1	0	0	0	0	2	1	5
27	21000005	493130	8	9	0	2	0	0	0	4	0	1	0	0	2	0	2
27	21500143	493589	3	6	0	0	0	0	0	1	0	0	0	0	0	0	2
27	22000019	492880	36	54	1	41	1	1	2	28	1	0	0	0	2	1	49
27	22500051	493197	31	13	0	14	0	0	0	16	0	0	0	2	0	2	14
27	23000032	493783	13	7	5	4	0	0	0	3	1	1	2	1	0	2	3
27	23500136	493546	14	4	0	9	1	0	3	8	1	0	0	3	0	1	8
27	24000042	493557	6	2	0	4	0	0	0	0	0	0	0	0	0	0	1
27	24500139	493804	16	1	0	0	0	0	0	2	0	0	0	0	0	0	0
27	25000112	493347	30	10	2	25	0	1	0	13	0	0	0	0	1	1	8
27	25500874	493812	23	12	0	9	0	0	1	7	0	1	1	0	1	1	14
27	26000106	489282	21	18	0	38	0	4	1	14	0	1	3	3	2	0	24
27	26500105	492166	28	16	0	26	1	1	4	11	3	1	1	1	1	0	25
27	27000098	493570	3	2	0	0	0	0	0	0	0	0	0	0	0	0	0
27	27500081	492496	29	15	3	16	0	3	0	18	0	0	0	0	1	1	18
27	28000013	493049	35	16	0	20	0	3	3	18	0	0	1	3	0	3	18
27	28500039	492584	21	27	1	22	1	2	0	17	1	2	0	0	0	3	16
27	29000084	492931	42	23	2	18	0	0	0	16	0	0	1	0	1	2	22
27	29500089	492588	14	5	1	9	0	0	0	2	0	0	0	1	1	1	12
27	30000145	492789	22	5	4	10	0	0	0	2	0	2	0	2	0	0	12
27	30500003	492828	16	0	1	4	0	0	1	4	1	0	1	0	0	0	1
27	31000014	492753	12	8	1	6	1	0	0	10	1	1	0	0	0	1	6
27	31500121	493154	15	11	0	11	0	0	0	6	0	0	1	1	0	0	5
27	32000019	492679	18	10	0	12	0	3	0	6	1	0	0	1	0	0	10
27	32500008	492690	13	11	1	8	1	1	2	8	1	1	0	0	0	0	14
27	33000022	493028	5	5	1	1	0	0	1	7	0	0	0	1	0	1	3
27	33500094	492474	13	3	0	3	0	1	0	4	1	1	1	0	0	1	7
27	34000034	493384	29	9	0	9	0	1	1	2	0	0	0	1	1	0	3
27	34500016	493372	14	4	1	7	0	0	0	2	0	0	0	0	1	0	1
27	35000010	491588	11	8	1	15	0	1	1	4	1	1	3	4	0	0	14
27	35500008	489952	32	48	4	49	2	2	2	36	2	2	0	1	3	3	47
27	36000143	492253	43	49	3	44	1	2	4	45	1	4	1	6	3	2	42
27	36500063	492096	28	23	2	20	1	1	2	15	1	2	0	4	2	0	26
27	37000014	492515	24	23	2	16	1	3	1	10	1	1	0	0	3	1	10
27	37500030	491908	38	20	0	9	0	3	1	4	0	0	0	1	0	0	12
27	38000025	492329	31	27	1	27	2	6	2	11	1	1	2	2	3	4	20
27	38500070	493489	18	4	0	11	1	1	0	1	0	0	1	0	0	0	1
27	39000117	493094	8	2	0	0	0	0	0	2	0	0	1	0	0	1	6
27	39500057	492634	19	13	3	10	2	0	1	5	0	0	1	1	1	1	5
27	40000004	493648	19	9	1	7	0	0	2	10	0	0	1	1	1	1	6
27	40500270	493195	33	46	2	40	2	5	0	18	1	5	3	3	3	12	30
27	41000326	493601	13	3	0	4	1	2	0	1	0	1	0	0	0	1	5
27	41500052	493092	10	2	0	5	0	1	0	2	0	0	0	1	0	0	3
27	42000007	493266	16	11	0	4	0	0	0	0	0	0	0	0	0	0	1
27	42500492	493938	26	5	0	5	0	0	0	4	0	0	0	0	1	1	3
27	43000053	492889	38	12	1	15	1	0	0	4	0	0	0	0	0	2	14
27	43500136	493862	41	22	0	18	2	3	0	8	3	1	0	0	1	6	17
27	44000061	492607	29	9	1	18	0	3	0	11	0	0	0	1	1	2	15
27	44500239	493852	48	17	0	16	0	1	0	7	0	0	2	3	0	3	22
27	45000074	493241	35	23	2	19	0	1	1	14	0	0	0	1	0	0	29
27	45500031	492645	31	20	2	10	1	0	0	3	0	0	0	2	1	0	13
27	45876682	368963	83	54	0	28	5	1	0	20	1	6	0	0	2	6	37
