#chrom	coord	total	dtotal	T12	T34	T1234	DFO_left	DFO_right	DFO_total	DFO_stat	DFO_chisq	DFO_Pvalue	DIL_left	DIL_right	DIL_total	DIL_stat	DIL_chisq	DIL_Pvalue	DFI_left	DFI_right	DFI_total	DFI_stat	DFI_chisq	DFI_Pvalue	DOL_left	DOL_right	DOL_total	DOL_stat	DOL_chisq	DOL_Pvalue	introgression	introgna	intrognone	introg13	introg14	introg23	introg24	introg31	introg41	introg32	introg42	introg123	introg124
15	500073	496556	5538.0	0.00222331418813	0.00249720071855	0.00252136717712	1156.0	2009.0	3165.0	-0.269510268562	229.892259084	0.0	1221.0	1944.0	3165.0	-0.228436018957	165.159241706	0.0	1818.0	956.0	2774.0	0.31074260995	267.860129776	0.0	1883.0	891.0	2774.0	0.357606344629	354.745493872	0.0	none	0	1	0	0	0	0	0	0	0	0	0	0
15	1000198	497439	4059.0	0.00153285126418	0.00212287335734	0.00190827418035	1151.0	1355.0	2506.0	-0.0814046288907	16.6065442937	4.59920490903e-05	1136.0	1370.0	2506.0	-0.0933758978452	21.8499600958	2.94822731473e-06	1319.0	365.0	1684.0	0.566508313539	540.448931116	0.0	1304.0	380.0	1684.0	0.548693586698	506.992874109	0.0	none	0	1	0	0	0	0	0	0	0	0	0	0
15	1500020	497240	4450.0	0.00167223071354	0.00239321052208	0.00210411471322	1109.0	1654.0	2763.0	-0.19724936663	107.500904814	0.0	1103.0	1660.0	2763.0	-0.201592471951	112.287006877	0.0	1453.0	368.0	1821.0	0.595826468973	646.471718836	0.0	1447.0	374.0	1821.0	0.589236683141	632.25096101	0.0	none	0	1	0	0	0	0	0	0	0	0	0	0
15	2000003	497269	3990.0	0.00144991946009	0.00217387369814	0.001854127243	1069.0	1465.0	2534.0	-0.156274664562	61.8847671665	3.66373598126e-15	1070.0	1464.0	2534.0	-0.155485398579	61.2612470403	4.99600361081e-15	1241.0	304.0	1545.0	0.606472491909	568.264724919	0.0	1242.0	303.0	1545.0	0.607766990291	570.693203883	0.0	none	0	1	0	0	0	0	0	0	0	0	0	0
15	2500026	497353	4176.0	0.00160449419225	0.00220668217544	0.00193976913782	1021.0	1538.0	2559.0	-0.202032043767	104.450566628	0.0	1065.0	1494.0	2559.0	-0.167643610785	71.919109027	0.0	1362.0	389.0	1751.0	0.555682467162	540.679040548	0.0	1406.0	345.0	1751.0	0.605939463164	642.901770417	0.0	none	0	1	0	0	0	0	0	0	0	0	0	0
15	3000000	497512	3613.0	0.00148237630449	0.00191854668832	0.00173664152824	789.0	1335.0	2124.0	-0.257062146893	140.355932203	0.0	764.0	1360.0	2124.0	-0.280602636535	167.239171375	0.0	1273.0	341.0	1614.0	0.577447335812	538.180916976	0.0	1248.0	366.0	1614.0	0.546468401487	481.985130112	0.0	none	0	1	0	0	0	0	0	0	0	0	0	0
15	3500179	497269	3921.0	0.00142578765216	0.00220202747406	0.00184809429102	950.0	1532.0	2482.0	-0.234488315874	136.472199839	0.0	967.0	1515.0	2482.0	-0.220789685737	120.992747784	0.0	1232.0	298.0	1530.0	0.61045751634	570.167320261	0.0	1249.0	281.0	1530.0	0.632679738562	612.433986928	0.0	none	0	1	0	0	0	0	0	0	0	0	0	0
15	4000045	496926	3926.0	0.00143381509521	0.00218442987487	0.00183427713583	1065.0	1426.0	2491.0	-0.144921718185	52.316740265	4.72288874676e-13	1027.0	1464.0	2491.0	-0.175431553593	76.6635889201	0.0	1231.0	298.0	1529.0	0.610202746893	569.319162852	0.0	1193.0	336.0	1529.0	0.5604970569	480.345977763	0.0	none	0	1	0	0	0	0	0	0	0	0	0	0
15	4500058	497669	4488.0	0.00169389694757	0.00239315689746	0.00210380795268	1123.0	1663.0	2786.0	-0.193826274228	104.666188083	0.0	1163.0	1623.0	2786.0	-0.165111270639	75.9511844939	0.0	1433.0	371.0	1804.0	0.588691796009	625.190687361	0.0	1473.0	331.0	1804.0	0.633037694013	722.929046563	0.0	none	0	1	0	0	0	0	0	0	0	0	0	0
15	5000022	497046	3367.0	0.00142240356023	0.00176844799073	0.00164572293108	490.0	1394.0	1884.0	-0.47983014862	433.766454352	0.0	498.0	1386.0	1884.0	-0.471337579618	418.547770701	0.0	1200.0	367.0	1567.0	0.531589023612	442.813656669	0.0	1208.0	359.0	1567.0	0.541799617103	459.98787492	0.0	none	0	1	0	0	0	0	0	0	0	0	0	0
15	5500003	496700	4199.0	0.00162270988524	0.00218341050936	0.00200473122609	733.0	1773.0	2506.0	-0.415003990423	431.60415004	0.0	700.0	1806.0	2506.0	-0.441340782123	488.122905028	0.0	1406.0	434.0	1840.0	0.528260869565	513.469565217	0.0	1373.0	467.0	1840.0	0.492391304348	446.106521739	0.0	none	0	1	0	0	0	0	0	0	0	0	0	0
15	6000106	496500	3890.0	0.00160221550856	0.00194964753273	0.00188267875126	702.0	1517.0	2219.0	-0.367282559712	299.335286165	0.0	716.0	1503.0	2219.0	-0.354664263182	279.120775124	0.0	1395.0	442.0	1837.0	0.518780620577	494.39793141	0.0	1409.0	428.0	1837.0	0.534022863364	523.87642896	0.0	none	0	1	0	0	0	0	0	0	0	0	0	0
15	6500020	496610	3211.0	0.00129880590403	0.00173677533678	0.00156007732426	593.0	1298.0	1891.0	-0.37281861449	262.837123215	0.0	541.0	1350.0	1891.0	-0.427815970386	346.103120042	0.0	1166.0	258.0	1424.0	0.637640449438	578.97752809	0.0	1114.0	310.0	1424.0	0.564606741573	453.943820225	0.0	none	0	1	0	0	0	0	0	0	0	0	0	0
15	7000003	496902	3101.0	0.00123263742146	0.00173374226709	0.00150029583298	561.0	1294.0	1855.0	-0.395148247978	289.643665768	0.0	505.0	1350.0	1855.0	-0.455525606469	384.919137466	0.0	1127.0	213.0	1340.0	0.682089552239	623.429850746	0.0	1071.0	269.0	1340.0	0.598507462687	480.002985075	0.0	none	0	1	0	0	0	0	0	0	0	0	0	0
15	7500029	496720	3871.0	0.00154815590272	0.00190248027057	0.00177564825254	697.0	1529.0	2226.0	-0.37376460018	310.97214735	0.0	559.0	1667.0	2226.0	-0.497753818509	551.511230907	0.0	1453.0	432.0	1885.0	0.541644562334	553.019098143	0.0	1315.0	570.0	1885.0	0.395225464191	294.442970822	0.0	none	0	1	0	0	0	0	0	0	0	0	0	0
15	8000035	496274	4067.0	0.00154350217823	0.00205531621644	0.00189008491277	774.0	1642.0	2416.0	-0.359271523179	311.847682119	0.0	738.0	1678.0	2416.0	-0.389072847682	365.728476821	0.0	1453.0	438.0	1891.0	0.536753040719	544.80433633	0.0	1417.0	474.0	1891.0	0.498677948176	470.25330513	0.0	none	0	1	0	0	0	0	0	0	0	0	0	0
15	8500129	496912	3368.0	0.00133826512541	0.00173068873362	0.00158478764852	652.0	1313.0	1965.0	-0.336386768448	222.351653944	0.0	689.0	1276.0	1965.0	-0.298727735369	175.353180662	0.0	1167.0	411.0	1578.0	0.479087452471	362.190114068	0.0	1204.0	374.0	1578.0	0.52598225602	436.565272497	0.0	none	0	1	0	0	0	0	0	0	0	0	0	0
15	9000263	497071	4434.0	0.0018558716964	0.00216971016213	0.00211438607362	808.0	1649.0	2457.0	-0.342287342287	287.863654864	0.0	788.0	1669.0	2457.0	-0.358567358567	315.897842898	0.0	1613.0	562.0	2175.0	0.483218390805	507.862528736	0.0	1593.0	582.0	2175.0	0.464827586207	469.940689655	0.0	none	0	1	0	0	0	0	0	0	0	0	0	0
15	9500098	497435	3557.0	0.00144642013529	0.00189773538251	0.00171529948637	696.0	1364.0	2060.0	-0.32427184466	216.613592233	0.0	651.0	1409.0	2060.0	-0.367961165049	278.914563107	0.0	1337.0	263.0	1600.0	0.67125	720.9225	0.0	1292.0	308.0	1600.0	0.615	605.16	0.0	none	0	1	0	0	0	0	0	0	0	0	0	0
15	10000287	495027	867.0	0.000342405565757	0.00050300286651	0.000432804675301	171.0	346.0	517.0	-0.338491295938	59.2359767892	1.39888101103e-14	171.0	346.0	517.0	-0.338491295938	59.2359767892	1.39888101103e-14	284.0	76.0	360.0	0.577777777778	120.177777778	0.0	284.0	76.0	360.0	0.577777777778	120.177777778	0.0	none	0	1	0	0	0	0	0	0	0	0	0	0
15	10500009	493103	80.0	2.53496733948e-05	5.3741307597e-05	4.05594774317e-05	43.0	11.0	54.0	0.592592592593	18.962962963	1.33280646589e-05	43.0	11.0	54.0	0.592592592593	18.962962963	1.33280646589e-05	11.0	15.0	26.0	-0.153846153846	0.615384615385	0.432767580668	11.0	15.0	26.0	-0.153846153846	0.615384615385	0.432767580668	123	0	0	0	0	0	0	0	0	0	0	1	0
15	11000029	494005	9.0	1.0121355047e-06	6.07281302821e-06	3.54247426645e-06	3.0	3.0	6.0	0.0	0	1.0	3.0	3.0	6.0	0.0	0	1.0	0.0	3.0	3.0	-1.0	0	1.0	0.0	3.0	3.0	-1.0	0	1.0	na	1	0	0	0	0	0	0	0	0	0	0	0
15	11500034	493333	156.0	4.76351673211e-05	9.52703346421e-05	7.55068077749e-05	56.0	50.0	106.0	0.0566037735849	0.339622641509	0.560047121401	55.0	51.0	106.0	0.0377358490566	0.150943396226	0.697635440453	29.0	30.0	59.0	-0.0169491525424	0.0169491525424	0.896416967667	28.0	31.0	59.0	-0.0508474576271	0.152542372881	0.696117519543	none	0	1	0	0	0	0	0	0	0	0	0	0
15	12000001	493227	118.0	4.76454046514e-05	6.18376528454e-05	6.08239208316e-05	43.0	26.0	69.0	0.246376811594	4.1884057971	0.0407013545561	39.0	30.0	69.0	0.130434782609	1.17391304348	0.278598671838	31.0	24.0	55.0	0.127272727273	0.890909090909	0.345231071772	27.0	28.0	55.0	-0.0181818181818	0.0181818181818	0.892738400944	none	0	1	0	0	0	0	0	0	0	0	0	0
15	12500000	492891	16.0	2.02884613434e-06	1.42019229404e-05	8.11538453735e-06	14.0	0.0	14.0	1.0	14.0	0.000182810632982	14.0	0.0	14.0	1.0	14.0	0.000182810632982	2.0	0.0	2.0	1.0	0	1.0	2.0	0.0	2.0	1.0	0	1.0	na	1	0	0	0	0	0	0	0	0	0	0	0
15	13000029	491890	16.0	6.0989245563e-06	9.14838683445e-06	9.65663054748e-06	7.0	3.0	10.0	0.4	1.6	0.205903210732	7.0	3.0	10.0	0.4	1.6	0.205903210732	2.0	4.0	6.0	-0.333333333333	0	1.0	2.0	4.0	6.0	-0.333333333333	0	1.0	na	1	0	0	0	0	0	0	0	0	0	0	0
15	13500076	492538	20.0	4.06060040038e-06	1.42121014013e-05	9.13635090084e-06	10.0	6.0	16.0	0.25	1.0	0.317310507863	10.0	6.0	16.0	0.25	1.0	0.317310507863	4.0	2.0	6.0	0.333333333333	0	1.0	4.0	2.0	6.0	0.333333333333	0	1.0	na	1	0	0	0	0	0	0	0	0	0	0	0
15	14000042	492598	204.0	7.61269838692e-05	0.00011469798903	0.000101502645159	76.0	48.0	124.0	0.225806451613	6.32258064516	0.0119210014969	73.0	51.0	124.0	0.177419354839	3.90322580645	0.0481934882932	57.0	28.0	85.0	0.341176470588	9.89411764706	0.00165807934589	54.0	31.0	85.0	0.270588235294	6.22352941176	0.012606356727	none	0	1	0	0	0	0	0	0	0	0	0	0
15	14500061	493082	32.0	7.09821084525e-06	2.23086626565e-05	1.67314969924e-05	18.0	6.0	24.0	0.5	6.0	0.0143058784354	18.0	6.0	24.0	0.5	6.0	0.0143058784354	8.0	0.0	8.0	1.0	0	1.0	8.0	0.0	8.0	1.0	0	1.0	na	1	0	0	0	0	0	0	0	0	0	0	0
15	15000014	491811	49.0	1.11831577578e-05	3.6599425389e-05	2.49079422786e-05	29.0	9.0	38.0	0.526315789474	10.5263157895	0.00117686591062	28.0	10.0	38.0	0.473684210526	8.52631578947	0.00350047582176	9.0	3.0	12.0	0.5	3.0	0.0832645166636	8.0	4.0	12.0	0.333333333333	1.33333333333	0.24821307899	123	0	0	0	0	0	0	0	0	0	0	1	0
15	15500036	492829	55.0	1.11600575453e-05	4.26111288094e-05	2.79001438633e-05	34.0	9.0	43.0	0.581395348837	14.5348837209	0.000137588130325	34.0	9.0	43.0	0.581395348837	14.5348837209	0.000137588130325	5.0	7.0	12.0	-0.166666666667	0.333333333333	0.563702861651	5.0	7.0	12.0	-0.166666666667	0.333333333333	0.563702861651	123	0	0	0	0	0	0	0	0	0	0	1	0
15	16000043	492836	29.0	4.05814510304e-06	2.23197980667e-05	1.42035078606e-05	21.0	4.0	25.0	0.68	11.56	0.000673858531354	20.0	5.0	25.0	0.6	9.0	0.00269979606326	3.0	2.0	5.0	0.2	0	1.0	2.0	3.0	5.0	-0.2	0	1.0	na	1	0	0	0	0	0	0	0	0	0	0	0
15	16500017	492796	43.0	9.13156762636e-06	3.24677960048e-05	2.07996818156e-05	28.0	6.0	34.0	0.647058823529	14.2352941176	0.000161316420309	30.0	4.0	34.0	0.764705882353	19.8823529412	8.23570527508e-06	6.0	5.0	11.0	0.0909090909091	0.0909090909091	0.763024600553	8.0	3.0	11.0	0.454545454545	2.27272727273	0.131668016023	123	0	0	0	0	0	0	0	0	0	0	1	0
15	17000004	492982	20.0	4.05694325553e-06	1.62277730221e-05	1.11565939527e-05	14.0	2.0	16.0	0.75	9.0	0.00269979606326	14.0	2.0	16.0	0.75	9.0	0.00269979606326	2.0	2.0	4.0	0.0	0	1.0	2.0	2.0	4.0	0.0	0	1.0	na	1	0	0	0	0	0	0	0	0	0	0	0
15	17500011	491238	317.0	0.000121122551594	0.000160818177747	0.000149113057215	111.0	78.0	189.0	0.174603174603	5.7619047619	0.0163773083415	107.0	82.0	189.0	0.132275132275	3.30687830688	0.0689904314825	91.0	57.0	148.0	0.22972972973	7.81081081081	0.00519345973807	87.0	61.0	148.0	0.175675675676	4.56756756757	0.0325827983856	none	0	1	0	0	0	0	0	0	0	0	0	0
15	18000228	492393	181.0	4.67106559192e-05	0.00012388478309	8.63131685463e-05	75.0	56.0	131.0	0.145038167939	2.75572519084	0.0969068670185	77.0	54.0	131.0	0.175572519084	4.03816793893	0.0444820867768	35.0	21.0	56.0	0.25	3.5	0.0613688291394	37.0	19.0	56.0	0.321428571429	5.78571428571	0.0161569312612	none	0	1	0	0	0	0	0	0	0	0	0	0
15	18500134	492820	29.0	4.05827685565e-06	2.23205227061e-05	1.31893997809e-05	16.0	9.0	25.0	0.28	1.96	0.161513318468	16.0	9.0	25.0	0.28	1.96	0.161513318468	4.0	0.0	4.0	1.0	0	1.0	4.0	0.0	4.0	1.0	0	1.0	na	1	0	0	0	0	0	0	0	0	0	0	0
15	19000026	492759	53.0	1.21763377229e-05	3.44996235482e-05	2.63820650663e-05	31.0	8.0	39.0	0.589743589744	13.5641025641	0.000230552620796	29.0	10.0	39.0	0.487179487179	9.25641025641	0.00234672554388	8.0	8.0	16.0	0.0	0	1	6.0	10.0	16.0	-0.25	1.0	0.317310507863	na	1	0	0	0	0	0	0	0	0	0	0	0
15	19500027	492649	13.0	0.0	1.11641351145e-05	5.58206755723e-06	10.0	1.0	11.0	0.818181818182	7.36363636364	0.00665560548295	10.0	1.0	11.0	0.818181818182	7.36363636364	0.00665560548295	2.0	0.0	2.0	1.0	0	1.0	2.0	0.0	2.0	1.0	0	1.0	na	1	0	0	0	0	0	0	0	0	0	0	0
15	20000013	493222	81.0	2.02748458098e-05	5.27145991055e-05	3.64947224576e-05	38.0	21.0	59.0	0.28813559322	4.89830508475	0.026883068544	38.0	21.0	59.0	0.28813559322	4.89830508475	0.026883068544	18.0	8.0	26.0	0.384615384615	3.84615384615	0.0498602037569	18.0	8.0	26.0	0.384615384615	3.84615384615	0.0498602037569	none	0	1	0	0	0	0	0	0	0	0	0	0
15	20500008	494116	97.0	3.23810603178e-05	5.9702579961e-05	5.11013608141e-05	45.0	19.0	64.0	0.40625	10.5625	0.00115405008478	45.0	19.0	64.0	0.40625	10.5625	0.00115405008478	17.0	18.0	35.0	-0.0285714285714	0.0285714285714	0.865772374993	17.0	18.0	35.0	-0.0285714285714	0.0285714285714	0.865772374993	123	0	0	0	0	0	0	0	0	0	0	1	0
15	21000035	493992	23.0	5.06081070139e-06	1.8218918525e-05	1.16398646132e-05	14.0	4.0	18.0	0.555555555556	5.55555555556	0.0184221254541	14.0	4.0	18.0	0.555555555556	5.55555555556	0.0184221254541	1.0	4.0	5.0	-0.6	0	1.0	1.0	4.0	5.0	-0.6	0	1.0	na	1	0	0	0	0	0	0	0	0	0	0	0
15	21500005	492946	47.0	1.62289581415e-05	2.63720569799e-05	2.23148174445e-05	14.0	15.0	29.0	-0.0344827586207	0.0344827586207	0.852683684335	13.0	16.0	29.0	-0.103448275862	0.310344827586	0.577468662427	16.0	3.0	19.0	0.684210526316	8.89473684211	0.00285993820846	15.0	4.0	19.0	0.578947368421	6.36842105263	0.0116168914342	none	0	1	0	0	0	0	0	0	0	0	0	0
15	22000162	493703	19.0	5.06377315917e-06	1.11403009502e-05	8.10203705467e-06	8.0	6.0	14.0	0.142857142857	0.285714285714	0.592980098017	9.0	5.0	14.0	0.285714285714	1.14285714286	0.285049407403	4.0	2.0	6.0	0.333333333333	0	1.0	5.0	1.0	6.0	0.666666666667	0	1.0	na	1	0	0	0	0	0	0	0	0	0	0	0
15	22500007	492683	21.0	4.05940533771e-06	1.52227700164e-05	9.64108767707e-06	14.0	2.0	16.0	0.75	9.0	0.00269979606326	14.0	2.0	16.0	0.75	9.0	0.00269979606326	3.0	2.0	5.0	0.2	0	1.0	3.0	2.0	5.0	0.2	0	1.0	na	1	0	0	0	0	0	0	0	0	0	0	0
15	23000096	493663	31.0	1.21540403068e-05	1.7218223768e-05	1.46861320374e-05	6.0	13.0	19.0	-0.368421052632	2.57894736842	0.108293655899	6.0	13.0	19.0	-0.368421052632	2.57894736842	0.108293655899	9.0	5.0	14.0	0.285714285714	1.14285714286	0.285049407403	9.0	5.0	14.0	0.285714285714	1.14285714286	0.285049407403	none	0	1	0	0	0	0	0	0	0	0	0	0
15	23500007	492705	30.0	6.08883611898e-06	1.92813143768e-05	1.26850752479e-05	19.0	5.0	24.0	0.583333333333	8.16666666667	0.00426672482218	19.0	5.0	24.0	0.583333333333	8.16666666667	0.00426672482218	4.0	4.0	8.0	0.0	0	1.0	4.0	4.0	8.0	0.0	0	1.0	na	1	0	0	0	0	0	0	0	0	0	0	0
15	24000067	493524	23.0	1.21574634668e-05	1.01312195557e-05	1.21574634668e-05	7.0	4.0	11.0	0.272727272727	0.818181818182	0.365712296282	7.0	4.0	11.0	0.272727272727	0.818181818182	0.365712296282	10.0	2.0	12.0	0.666666666667	5.33333333333	0.0209213353378	10.0	2.0	12.0	0.666666666667	5.33333333333	0.0209213353378	none	0	1	0	0	0	0	0	0	0	0	0	0
15	24500052	493526	93.0	3.8498478297e-05	4.55903032464e-05	4.30575086216e-05	36.0	12.0	48.0	0.5	12.0	0.000532005505139	34.0	14.0	48.0	0.416666666667	8.33333333333	0.00389241712278	37.0	10.0	47.0	0.574468085106	15.5106382979	8.20422281164e-05	35.0	12.0	47.0	0.489361702128	11.2553191489	0.000793951700783	none	0	1	0	0	0	0	0	0	0	0	0	0
15	25000131	493217	35.0	6.08251540397e-06	2.53438141832e-05	1.57131647936e-05	21.0	7.0	28.0	0.5	7.0	0.0081509715935	19.0	9.0	28.0	0.357142857143	3.57142857143	0.0587817213554	8.0	1.0	9.0	0.777777777778	0	1.0	6.0	3.0	9.0	0.333333333333	0	1.0	na	1	0	0	0	0	0	0	0	0	0	0	0
15	25500103	493340	70.0	2.33104958041e-05	4.15534925204e-05	3.24319941622e-05	19.0	26.0	45.0	-0.155555555556	1.08888888889	0.296717526322	18.0	27.0	45.0	-0.2	1.8	0.179712494879	14.0	12.0	26.0	0.0769230769231	0.153846153846	0.694886602372	13.0	13.0	26.0	0.0	0	1	na	1	0	0	0	0	0	0	0	0	0	0	0
15	26000074	492409	100.0	3.55395616246e-05	5.58478825529e-05	4.67091381352e-05	30.0	35.0	65.0	-0.0769230769231	0.384615384615	0.535143452398	28.0	37.0	65.0	-0.138461538462	1.24615384615	0.264288345226	32.0	11.0	43.0	0.488372093023	10.2558139535	0.00136254502278	30.0	13.0	43.0	0.395348837209	6.72093023256	0.00952879138632	none	0	1	0	0	0	0	0	0	0	0	0	0
15	26500369	493278	67.0	1.82452896744e-05	4.05450881653e-05	3.0408816124e-05	23.0	22.0	45.0	0.0222222222222	0.0222222222222	0.881497452191	25.0	20.0	45.0	0.111111111111	0.555555555556	0.45605654025	13.0	13.0	26.0	0.0	0	1	15.0	11.0	26.0	0.153846153846	0.615384615385	0.432767580668	na	1	0	0	0	0	0	0	0	0	0	0	0
15	27000033	493427	33.0	6.07992671662e-06	2.3306385747e-05	1.46931562318e-05	18.0	7.0	25.0	0.44	4.84	0.027806895027	17.0	8.0	25.0	0.36	3.24	0.0718606382259	6.0	3.0	9.0	0.333333333333	0	1.0	5.0	4.0	9.0	0.111111111111	0	1.0	na	1	0	0	0	0	0	0	0	0	0	0	0
15	27500021	493066	186.0	8.01109790576e-05	8.9237546292e-05	8.8730514779e-05	48.0	56.0	104.0	-0.0769230769231	0.615384615385	0.432767580668	55.0	49.0	104.0	0.0576923076923	0.346153846154	0.556298461275	56.0	39.0	95.0	0.178947368421	3.04210526316	0.0811306364889	63.0	32.0	95.0	0.326315789474	10.1157894737	0.00147004450237	none	0	1	0	0	0	0	0	0	0	0	0	0
15	28000002	492910	78.0	2.1302063257e-05	4.56472784078e-05	3.4489054797e-05	30.0	22.0	52.0	0.153846153846	1.23076923077	0.267257493154	31.0	21.0	52.0	0.192307692308	1.92307692308	0.165517858697	9.0	20.0	29.0	-0.379310344828	4.1724137931	0.0410872245278	10.0	19.0	29.0	-0.310344827586	2.79310344828	0.0946707198455	none	0	1	0	0	0	0	0	0	0	0	0	0
15	28500005	492762	38.0	2.02937726529e-05	1.62350181223e-05	2.02937726529e-05	10.0	8.0	18.0	0.111111111111	0.222222222222	0.637351888234	8.0	10.0	18.0	-0.111111111111	0.222222222222	0.637351888234	10.0	12.0	22.0	-0.0909090909091	0.181818181818	0.669815357599	8.0	14.0	22.0	-0.272727272727	1.63636363636	0.200825122695	none	0	1	0	0	0	0	0	0	0	0	0	0
15	29000113	492345	85.0	3.4528633377e-05	3.96063735795e-05	3.80830515188e-05	34.0	14.0	48.0	0.416666666667	8.33333333333	0.00389241712278	34.0	14.0	48.0	0.416666666667	8.33333333333	0.00389241712278	24.0	17.0	41.0	0.170731707317	1.19512195122	0.274298827396	24.0	17.0	41.0	0.170731707317	1.19512195122	0.274298827396	123	0	0	0	0	0	0	0	0	0	0	1	0
15	29500055	493043	56.0	1.62257652984e-05	3.65079719213e-05	2.83950892721e-05	27.0	10.0	37.0	0.459459459459	7.81081081081	0.00519345973807	26.0	11.0	37.0	0.405405405405	6.08108108108	0.0136637128682	12.0	8.0	20.0	0.2	0.8	0.371093369523	11.0	9.0	20.0	0.1	0.2	0.654720846019	none	0	1	0	0	0	0	0	0	0	0	0	0
15	30000057	492758	132.0	6.39259027758e-05	6.39259027758e-05	6.69699933842e-05	34.0	33.0	67.0	0.0149253731343	0.0149253731343	0.902764825025	36.0	31.0	67.0	0.0746268656716	0.373134328358	0.541300728047	47.0	20.0	67.0	0.402985074627	10.8805970149	0.000971769173971	49.0	18.0	67.0	0.462686567164	14.3432835821	0.000152322119448	none	0	1	0	0	0	0	0	0	0	0	0	0
15	30500059	492557	70.0	2.74079954198e-05	4.0604437659e-05	3.50213274809e-05	24.0	19.0	43.0	0.116279069767	0.581395348837	0.445765907915	26.0	17.0	43.0	0.209302325581	1.88372093023	0.169911841731	18.0	11.0	29.0	0.241379310345	1.68965517241	0.193646431269	20.0	9.0	29.0	0.379310344828	4.1724137931	0.0410872245278	none	0	1	0	0	0	0	0	0	0	0	0	0
15	31000206	493077	34.0	1.31825252445e-05	1.62246464548e-05	1.67316666565e-05	16.0	3.0	19.0	0.684210526316	8.89473684211	0.00285993820846	16.0	3.0	19.0	0.684210526316	8.89473684211	0.00285993820846	7.0	8.0	15.0	-0.0666666666667	0.0666666666667	0.796253414738	7.0	8.0	15.0	-0.0666666666667	0.0666666666667	0.796253414738	123	0	0	0	0	0	0	0	0	0	0	1	0
15	31500072	493003	48.0	1.62270817825e-05	2.73832005079e-05	2.3833526368e-05	17.0	15.0	32.0	0.0625	0.125	0.723673609832	19.0	13.0	32.0	0.1875	1.125	0.288844366346	9.0	9.0	18.0	0.0	0	1	11.0	7.0	18.0	0.222222222222	0.888888888889	0.345778586151	na	1	0	0	0	0	0	0	0	0	0	0	0
15	32000116	493312	10.0	4.05422937208e-06	3.04067202906e-06	3.54745070057e-06	2.0	1.0	3.0	0.333333333333	0	1.0	2.0	1.0	3.0	0.333333333333	0	1.0	7.0	0.0	7.0	1.0	0	1.0	7.0	0.0	7.0	1.0	0	1.0	na	1	0	0	0	0	0	0	0	0	0	0	0
15	32500031	493019	12.0	2.0283193954e-06	7.09911788389e-06	4.56371863965e-06	6.0	2.0	8.0	0.5	0	1.0	5.0	3.0	8.0	0.25	0	1.0	5.0	0.0	5.0	1.0	0	1.0	4.0	1.0	5.0	0.6	0	1.0	na	1	0	0	0	0	0	0	0	0	0	0	0
15	33000010	493086	18.0	4.05608757904e-06	1.11542408424e-05	7.60516421071e-06	13.0	0.0	13.0	1.0	13.0	0.000311490976767	13.0	0.0	13.0	1.0	13.0	0.000311490976767	2.0	3.0	5.0	-0.2	0	1.0	2.0	3.0	5.0	-0.2	0	1.0	na	1	0	0	0	0	0	0	0	0	0	0	0
15	33500202	493288	110.0	4.96667261316e-05	5.67619727218e-05	5.82823827054e-05	30.0	30.0	60.0	0.0	0	1	29.0	31.0	60.0	-0.0333333333333	0.0666666666667	0.796253414738	19.0	32.0	51.0	-0.254901960784	3.3137254902	0.0687035743229	18.0	33.0	51.0	-0.294117647059	4.41176470588	0.0356919001168	na	1	0	0	0	0	0	0	0	0	0	0	0
15	34000030	492813	64.0	2.63791742507e-05	3.55104268759e-05	3.39885514384e-05	22.0	16.0	38.0	0.157894736842	0.947368421053	0.330390048849	21.0	17.0	38.0	0.105263157895	0.421052631579	0.516412268396	18.0	11.0	29.0	0.241379310345	1.68965517241	0.193646431269	17.0	12.0	29.0	0.172413793103	0.862068965517	0.353160353316	none	0	1	0	0	0	0	0	0	0	0	0	0
15	34500038	492653	17.0	7.10439193509e-06	1.01491313358e-05	9.64167476906e-06	4.0	6.0	10.0	-0.2	0.4	0.527089256866	4.0	6.0	10.0	-0.2	0.4	0.527089256866	3.0	4.0	7.0	-0.142857142857	0	1.0	3.0	4.0	7.0	-0.142857142857	0	1.0	na	1	0	0	0	0	0	0	0	0	0	0	0
15	35000093	493187	41.0	1.41933992583e-05	2.63591700511e-05	2.23039131202e-05	19.0	7.0	26.0	0.461538461538	5.53846153846	0.0186029299011	19.0	7.0	26.0	0.461538461538	5.53846153846	0.0186029299011	9.0	6.0	15.0	0.2	0.6	0.438578026081	9.0	6.0	15.0	0.2	0.6	0.438578026081	none	0	1	0	0	0	0	0	0	0	0	0	0
15	35500077	492647	39.0	7.10447846024e-06	2.84179138409e-05	1.77611961506e-05	20.0	11.0	31.0	0.290322580645	2.61290322581	0.105997548425	23.0	8.0	31.0	0.483870967742	7.25806451613	0.00705833204853	5.0	6.0	11.0	-0.0909090909091	0.0909090909091	0.763024600553	8.0	3.0	11.0	0.454545454545	2.27272727273	0.131668016023	none	0	1	0	0	0	0	0	0	0	0	0	0
15	36000027	493049	23.0	4.05639196104e-06	1.82537638247e-05	1.31832738734e-05	12.0	7.0	19.0	0.263157894737	1.31578947368	0.25134910881	11.0	8.0	19.0	0.157894736842	0.473684210526	0.491297124216	5.0	0.0	5.0	1.0	0	1.0	4.0	1.0	5.0	0.6	0	1.0	na	1	0	0	0	0	0	0	0	0	0	0	0
15	36500116	493637	100.0	2.63351410044e-05	6.78636325883e-05	5.01380569123e-05	57.0	17.0	74.0	0.540540540541	21.6216216216	3.3208707394e-06	55.0	19.0	74.0	0.486486486486	17.5135135135	2.85272833892e-05	21.0	9.0	30.0	0.4	4.8	0.0284597369163	19.0	11.0	30.0	0.266666666667	2.13333333333	0.144127034816	123	0	0	0	0	0	0	0	0	0	0	1	0
15	37000020	493259	157.0	7.6024968627e-05	7.50113023787e-05	7.85591342479e-05	43.0	38.0	81.0	0.0617283950617	0.308641975309	0.578514721508	41.0	40.0	81.0	0.0123456790123	0.0123456790123	0.911528237909	47.0	35.0	82.0	0.146341463415	1.75609756098	0.185112016615	45.0	37.0	82.0	0.0975609756098	0.780487804878	0.376991993237	none	0	1	0	0	0	0	0	0	0	0	0	0
15	37500271	493605	9.0	1.01295570345e-06	4.05182281379e-06	2.53238925862e-06	4.0	2.0	6.0	0.333333333333	0	1.0	3.0	3.0	6.0	0.0	0	1.0	4.0	0.0	4.0	1.0	0	1.0	3.0	1.0	4.0	0.5	0	1.0	na	1	0	0	0	0	0	0	0	0	0	0	0
15	38000007	492826	107.0	5.07278430927e-05	4.97132862308e-05	5.32642352473e-05	28.0	26.0	54.0	0.037037037037	0.0740740740741	0.785494747118	29.0	25.0	54.0	0.0740740740741	0.296296296296	0.586213681073	30.0	28.0	58.0	0.0344827586207	0.0689655172414	0.792848982628	31.0	27.0	58.0	0.0689655172414	0.275862068966	0.599426279296	none	0	1	0	0	0	0	0	0	0	0	0	0
15	38500145	493441	74.0	2.12791397553e-05	4.86380337264e-05	3.69851714795e-05	25.0	25.0	50.0	0.0	0	1	27.0	23.0	50.0	0.08	0.32	0.571607644953	14.0	12.0	26.0	0.0769230769231	0.153846153846	0.694886602372	16.0	10.0	26.0	0.230769230769	1.38461538462	0.239316541221	na	1	0	0	0	0	0	0	0	0	0	0	0
15	39000031	493053	79.0	3.65072314741e-05	3.75213212373e-05	3.80283661189e-05	17.0	25.0	42.0	-0.190476190476	1.52380952381	0.217043907757	19.0	23.0	42.0	-0.0952380952381	0.380952380952	0.537093978443	26.0	15.0	41.0	0.268292682927	2.9512195122	0.0858127806506	28.0	13.0	41.0	0.365853658537	5.48780487805	0.0191495715008	none	0	1	0	0	0	0	0	0	0	0	0	0
15	39500038	493290	117.0	4.86529222161e-05	5.3720934947e-05	5.32141336739e-05	43.0	22.0	65.0	0.323076923077	6.78461538462	0.00919468391176	45.0	20.0	65.0	0.384615384615	9.61538461538	0.00192954047585	34.0	24.0	58.0	0.172413793103	1.72413793103	0.189161272595	36.0	22.0	58.0	0.241379310345	3.37931034483	0.0660196750213	123	0	0	0	0	0	0	0	0	0	0	1	0
15	40000112	493137	68.0	2.73757596773e-05	3.65010129031e-05	3.59940543906e-05	27.0	11.0	38.0	0.421052631579	6.73684210526	0.00944416568783	25.0	13.0	38.0	0.315789473684	3.78947368421	0.0515758636209	19.0	13.0	32.0	0.1875	1.125	0.288844366346	17.0	15.0	32.0	0.0625	0.125	0.723673609832	none	0	1	0	0	0	0	0	0	0	0	0	0
15	40500030	492696	150.0	4.87115787423e-05	9.13342101418e-05	7.10377189991e-05	63.0	36.0	99.0	0.272727272727	7.36363636364	0.00665560548295	63.0	36.0	99.0	0.272727272727	7.36363636364	0.00665560548295	31.0	26.0	57.0	0.0877192982456	0.438596491228	0.507800648275	31.0	26.0	57.0	0.0877192982456	0.438596491228	0.507800648275	123	0	0	0	0	0	0	0	0	0	0	1	0
15	41000010	493251	65.0	1.5205240334e-05	4.46020383132e-05	3.49720527683e-05	32.0	17.0	49.0	0.30612244898	4.59183673469	0.0321245712077	33.0	16.0	49.0	0.34693877551	5.89795918367	0.0151584388774	11.0	8.0	19.0	0.157894736842	0.473684210526	0.491297124216	12.0	7.0	19.0	0.263157894737	1.31578947368	0.25134910881	none	0	1	0	0	0	0	0	0	0	0	0	0
15	41500242	493848	154.0	4.85979491665e-05	9.51709837845e-05	7.49218382984e-05	61.0	44.0	105.0	0.161904761905	2.75238095238	0.097109722259	60.0	45.0	105.0	0.142857142857	2.14285714286	0.143234907525	30.0	26.0	56.0	0.0714285714286	0.285714285714	0.592980098017	29.0	27.0	56.0	0.0357142857143	0.0714285714286	0.789268026134	none	0	1	0	0	0	0	0	0	0	0	0	0
15	42000020	492235	57.0	1.72681747539e-05	3.859944945e-05	2.89495870875e-05	18.0	22.0	40.0	-0.1	0.4	0.527089256866	19.0	21.0	40.0	-0.05	0.1	0.751829634046	9.0	9.0	18.0	0.0	0	1	10.0	8.0	18.0	0.111111111111	0.222222222222	0.637351888234	na	1	0	0	0	0	0	0	0	0	0	0	0
15	42500123	491779	95.0	2.44012046061e-05	6.20197283739e-05	4.52439002072e-05	48.0	22.0	70.0	0.371428571429	9.65714285714	0.00188616745924	47.0	23.0	70.0	0.342857142857	8.22857142857	0.00412359760131	16.0	14.0	30.0	0.0666666666667	0.133333333333	0.715000654688	15.0	15.0	30.0	0.0	0	1	na	1	0	0	0	0	0	0	0	0	0	0	0
15	43000012	491346	188.0	6.61448348007e-05	0.000109902187054	9.71820265149e-05	74.0	45.0	119.0	0.243697478992	7.06722689076	0.00785066726755	73.0	46.0	119.0	0.226890756303	6.12605042017	0.0133204117824	49.0	27.0	76.0	0.289473684211	6.36842105263	0.0116168914342	48.0	28.0	76.0	0.263157894737	5.26315789474	0.0217814627911	none	0	1	0	0	0	0	0	0	0	0	0	0
15	43500032	493801	59.0	1.82259655205e-05	3.13891628409e-05	2.48075641807e-05	25.0	15.0	40.0	0.25	2.5	0.113846298007	24.0	16.0	40.0	0.2	1.6	0.205903210732	15.0	7.0	22.0	0.363636363636	2.90909090909	0.0880815116622	14.0	8.0	22.0	0.272727272727	1.63636363636	0.200825122695	none	0	1	0	0	0	0	0	0	0	0	0	0
15	44000012	493454	98.0	4.25571583167e-05	4.96500180361e-05	4.81301195248e-05	36.0	19.0	55.0	0.309090909091	5.25454545455	0.0218895181206	36.0	19.0	55.0	0.309090909091	5.25454545455	0.0218895181206	27.0	18.0	45.0	0.2	1.8	0.179712494879	27.0	18.0	45.0	0.2	1.8	0.179712494879	none	0	1	0	0	0	0	0	0	0	0	0	0
15	44500052	493517	71.0	1.11444995816e-05	5.57224979079e-05	3.34334987447e-05	38.0	22.0	60.0	0.266666666667	4.26666666667	0.0388671038124	40.0	20.0	60.0	0.333333333333	6.66666666667	0.00982327450752	6.0	9.0	15.0	-0.2	0.6	0.438578026081	8.0	7.0	15.0	0.0666666666667	0.0666666666667	0.796253414738	none	0	1	0	0	0	0	0	0	0	0	0	0
15	45000014	493189	16.0	4.0552404859e-06	9.12429109327e-06	6.58976578959e-06	10.0	2.0	12.0	0.666666666667	5.33333333333	0.0209213353378	8.0	4.0	12.0	0.333333333333	1.33333333333	0.24821307899	5.0	1.0	6.0	0.666666666667	0	1.0	3.0	3.0	6.0	0.0	0	1.0	na	1	0	0	0	0	0	0	0	0	0	0	0
15	45500070	492928	80.0	3.34734484549e-05	4.36169176837e-05	4.05738769151e-05	31.0	14.0	45.0	0.377777777778	6.42222222222	0.0112701048493	32.0	13.0	45.0	0.422222222222	8.02222222222	0.00462068396336	21.0	15.0	36.0	0.166666666667	1.0	0.317310507863	22.0	14.0	36.0	0.222222222222	1.77777777778	0.182422439452	none	0	1	0	0	0	0	0	0	0	0	0	0
15	46000234	492840	68.0	3.44939534129e-05	2.7392257122e-05	3.39866893921e-05	26.0	8.0	34.0	0.529411764706	9.52941176471	0.0020220491969	22.0	12.0	34.0	0.294117647059	2.94117647059	0.0863478209837	26.0	12.0	38.0	0.368421052632	5.15789473684	0.0231409313087	22.0	16.0	38.0	0.157894736842	0.947368421053	0.330390048849	none	0	1	0	0	0	0	0	0	0	0	0	0
15	46500046	493136	23.0	6.08351448688e-06	1.62227052983e-05	1.21670289738e-05	14.0	3.0	17.0	0.647058823529	7.11764705882	0.00763288178779	15.0	2.0	17.0	0.764705882353	9.94117647059	0.00161622221506	5.0	2.0	7.0	0.428571428571	0	1.0	6.0	1.0	7.0	0.714285714286	0	1.0	na	1	0	0	0	0	0	0	0	0	0	0	0
15	47000093	493211	60.0	2.53441224952e-05	2.53441224952e-05	2.73716522949e-05	22.0	10.0	32.0	0.375	4.5	0.0338948535247	19.0	13.0	32.0	0.1875	1.125	0.288844366346	17.0	16.0	33.0	0.030303030303	0.030303030303	0.861804433049	14.0	19.0	33.0	-0.151515151515	0.757575757576	0.384088249474	none	0	1	0	0	0	0	0	0	0	0	0	0
15	47500056	492532	35.0	7.10613726621e-06	2.5379061665e-05	1.62425994656e-05	17.0	11.0	28.0	0.214285714286	1.28571428571	0.256839257958	16.0	12.0	28.0	0.142857142857	0.571428571429	0.449691797969	6.0	2.0	8.0	0.5	0	1.0	5.0	3.0	8.0	0.25	0	1.0	na	1	0	0	0	0	0	0	0	0	0	0	0
15	48000144	493080	30.0	4.05613693518e-06	2.63648900787e-05	1.52105135069e-05	20.0	6.0	26.0	0.538461538462	7.53846153846	0.00603955904866	20.0	6.0	26.0	0.538461538462	7.53846153846	0.00603955904866	3.0	1.0	4.0	0.5	0	1.0	3.0	1.0	4.0	0.5	0	1.0	na	1	0	0	0	0	0	0	0	0	0	0	0
15	48500041	493096	16.0	3.04200399111e-06	1.31820172948e-05	9.12601197333e-06	8.0	5.0	13.0	0.230769230769	0.692307692308	0.405380556459	8.0	5.0	13.0	0.230769230769	0.692307692308	0.405380556459	3.0	0.0	3.0	1.0	0	1.0	3.0	0.0	3.0	1.0	0	1.0	na	1	0	0	0	0	0	0	0	0	0	0	0
15	49000066	494123	74.0	1.92259821947e-05	5.16065837858e-05	4.04757519889e-05	40.0	13.0	53.0	0.509433962264	13.7547169811	0.00020829709987	40.0	13.0	53.0	0.509433962264	13.7547169811	0.00020829709987	8.0	15.0	23.0	-0.304347826087	2.13043478261	0.144399792213	8.0	15.0	23.0	-0.304347826087	2.13043478261	0.144399792213	123	0	0	0	0	0	0	0	0	0	0	1	0
15	49500017	493549	44.0	1.51960595604e-05	2.63398365714e-05	2.17810187033e-05	21.0	8.0	29.0	0.448275862069	5.8275862069	0.0157767563889	22.0	7.0	29.0	0.51724137931	7.75862068966	0.00534567687265	14.0	4.0	18.0	0.555555555556	5.55555555556	0.0184221254541	15.0	3.0	18.0	0.666666666667	8.0	0.00467773498105	none	0	1	0	0	0	0	0	0	0	0	0	0
15	50000186	492317	23.0	2.03121159741e-06	2.03121159741e-05	1.32028753831e-05	18.0	3.0	21.0	0.714285714286	10.7142857143	0.00106311491716	17.0	4.0	21.0	0.619047619048	8.04761904762	0.00455634980319	2.0	1.0	3.0	0.333333333333	0	1.0	1.0	2.0	3.0	-0.333333333333	0	1.0	na	1	0	0	0	0	0	0	0	0	0	0	0
15	50500155	493196	36.0	7.09657012628e-06	2.63586890405e-05	1.67276295834e-05	20.0	9.0	29.0	0.379310344828	4.1724137931	0.0410872245278	21.0	8.0	29.0	0.448275862069	5.8275862069	0.0157767563889	6.0	4.0	10.0	0.2	0.4	0.527089256866	7.0	3.0	10.0	0.4	1.6	0.205903210732	none	0	1	0	0	0	0	0	0	0	0	0	0
15	51000177	492645	61.0	1.82687330634e-05	3.65374661267e-05	2.94329588243e-05	32.0	10.0	42.0	0.52380952381	11.5238095238	0.000687104384357	30.0	12.0	42.0	0.428571428571	7.71428571429	0.00547855324255	17.0	8.0	25.0	0.36	3.24	0.0718606382259	15.0	10.0	25.0	0.2	1.0	0.317310507863	123	0	0	0	0	0	0	0	0	0	0	1	0
15	51500044	492681	30.0	9.13369908724e-06	1.82673981745e-05	1.4715404085e-05	15.0	6.0	21.0	0.428571428571	3.85714285714	0.0495346134356	13.0	8.0	21.0	0.238095238095	1.19047619048	0.275233524075	8.0	3.0	11.0	0.454545454545	2.27272727273	0.131668016023	6.0	5.0	11.0	0.0909090909091	0.0909090909091	0.763024600553	none	0	1	0	0	0	0	0	0	0	0	0	0
15	52000024	493158	24.0	5.0693692488e-06	1.82497292957e-05	1.2673423122e-05	14.0	4.0	18.0	0.555555555556	5.55555555556	0.0184221254541	14.0	4.0	18.0	0.555555555556	5.55555555556	0.0184221254541	4.0	2.0	6.0	0.333333333333	0	1.0	4.0	2.0	6.0	0.333333333333	0	1.0	na	1	0	0	0	0	0	0	0	0	0	0	0
15	52500224	493172	21.0	1.11522957508e-05	9.12460561427e-06	1.01384506825e-05	6.0	3.0	9.0	0.333333333333	0	1.0	6.0	3.0	9.0	0.333333333333	0	1.0	10.0	2.0	12.0	0.666666666667	5.33333333333	0.0209213353378	10.0	2.0	12.0	0.666666666667	5.33333333333	0.0209213353378	na	1	0	0	0	0	0	0	0	0	0	0	0
15	53000034	491473	2.0	0.0	2.03469976988e-06	1.01734988494e-06	2.0	0.0	2.0	1.0	0	1.0	2.0	0.0	2.0	1.0	0	1.0	0.0	0.0	0.0	0	0	1.0	0.0	0.0	0.0	0	0	1.0	na	1	0	0	0	0	0	0	0	0	0	0	0
15	53500035	492009	12.0	2.03248314563e-06	9.14617415535e-06	5.58932865049e-06	7.0	3.0	10.0	0.4	1.6	0.205903210732	7.0	3.0	10.0	0.4	1.6	0.205903210732	1.0	1.0	2.0	0.0	0	1.0	1.0	1.0	2.0	0.0	0	1.0	na	1	0	0	0	0	0	0	0	0	0	0	0
15	54000012	492346	33.0	1.01554597783e-05	2.33575574901e-05	1.67565086342e-05	15.0	8.0	23.0	0.304347826087	2.13043478261	0.144399792213	15.0	8.0	23.0	0.304347826087	2.13043478261	0.144399792213	8.0	2.0	10.0	0.6	3.6	0.0577795711236	8.0	2.0	10.0	0.6	3.6	0.0577795711236	none	0	1	0	0	0	0	0	0	0	0	0	0
15	54500067	492752	18.0	4.0588368997e-06	1.3191219924e-05	9.63973763678e-06	10.0	4.0	14.0	0.428571428571	2.57142857143	0.108809430041	10.0	4.0	14.0	0.428571428571	2.57142857143	0.108809430041	2.0	2.0	4.0	0.0	0	1.0	2.0	2.0	4.0	0.0	0	1.0	na	1	0	0	0	0	0	0	0	0	0	0	0
15	55000233	492818	34.0	1.31894533073e-05	1.92768932953e-05	1.72477466326e-05	13.0	8.0	21.0	0.238095238095	1.19047619048	0.275233524075	13.0	8.0	21.0	0.238095238095	1.19047619048	0.275233524075	9.0	6.0	15.0	0.2	0.6	0.438578026081	9.0	6.0	15.0	0.2	0.6	0.438578026081	none	0	1	0	0	0	0	0	0	0	0	0	0
15	55500059	492113	29.0	9.14424126166e-06	1.72724557165e-05	1.52404021028e-05	15.0	3.0	18.0	0.666666666667	8.0	0.00467773498105	16.0	2.0	18.0	0.777777777778	10.8888888889	0.000967428450248	7.0	5.0	12.0	0.166666666667	0.333333333333	0.563702861651	8.0	4.0	12.0	0.333333333333	1.33333333333	0.24821307899	123	0	0	0	0	0	0	0	0	0	0	1	0
15	56000030	493090	27.0	7.09809568233e-06	2.02802733781e-05	1.5717211868e-05	11.0	9.0	20.0	0.1	0.2	0.654720846019	11.0	9.0	20.0	0.1	0.2	0.654720846019	5.0	2.0	7.0	0.428571428571	0	1.0	5.0	2.0	7.0	0.428571428571	0	1.0	na	1	0	0	0	0	0	0	0	0	0	0	0
15	56500156	493432	30.0	2.02662170269e-06	2.22928387296e-05	1.31730410675e-05	20.0	7.0	27.0	0.481481481481	6.25925925926	0.0123545850179	21.0	6.0	27.0	0.555555555556	8.33333333333	0.00389241712278	2.0	6.0	8.0	-0.5	0	1.0	3.0	5.0	8.0	-0.25	0	1.0	na	1	0	0	0	0	0	0	0	0	0	0	0
15	57000054	492492	58.0	1.9289653436e-05	3.55335721189e-05	2.84268576952e-05	23.0	16.0	39.0	0.179487179487	1.25641025641	0.262331675408	23.0	16.0	39.0	0.179487179487	1.25641025641	0.262331675408	14.0	7.0	21.0	0.333333333333	2.33333333333	0.126630457948	14.0	7.0	21.0	0.333333333333	2.33333333333	0.126630457948	none	0	1	0	0	0	0	0	0	0	0	0	0
15	57500095	492143	29.0	8.12771897599e-06	1.8287367696e-05	1.3207543336e-05	9.0	11.0	20.0	-0.1	0.2	0.654720846019	9.0	11.0	20.0	-0.1	0.2	0.654720846019	6.0	5.0	11.0	0.0909090909091	0.0909090909091	0.763024600553	6.0	5.0	11.0	0.0909090909091	0.0909090909091	0.763024600553	none	0	1	0	0	0	0	0	0	0	0	0	0
15	58000030	491324	34.0	7.12360886096e-06	2.13708265829e-05	1.52648761306e-05	17.0	8.0	25.0	0.36	3.24	0.0718606382259	17.0	8.0	25.0	0.36	3.24	0.0718606382259	7.0	6.0	13.0	0.0769230769231	0.0769230769231	0.781511294999	7.0	6.0	13.0	0.0769230769231	0.0769230769231	0.781511294999	none	0	1	0	0	0	0	0	0	0	0	0	0
15	58500040	492379	25.0	3.04643374311e-06	2.03095582874e-05	1.16779960153e-05	17.0	5.0	22.0	0.545454545455	6.54545454545	0.0105152459359	18.0	4.0	22.0	0.636363636364	8.90909090909	0.00283754488879	3.0	1.0	4.0	0.5	0	1.0	4.0	0.0	4.0	1.0	0	1.0	na	1	0	0	0	0	0	0	0	0	0	0	0
15	59000170	492789	44.0	1.42048625274e-05	2.73950920171e-05	2.18146103099e-05	12.0	18.0	30.0	-0.2	1.2	0.273321678292	14.0	16.0	30.0	-0.0666666666667	0.133333333333	0.715000654688	10.0	6.0	16.0	0.25	1.0	0.317310507863	12.0	4.0	16.0	0.5	4.0	0.0455002638964	none	0	1	0	0	0	0	0	0	0	0	0	0
15	59500036	492287	64.0	1.52350153467e-05	3.55483691424e-05	3.04700306935e-05	26.0	21.0	47.0	0.106382978723	0.531914893617	0.465802909242	26.0	21.0	47.0	0.106382978723	0.531914893617	0.465802909242	13.0	10.0	23.0	0.130434782609	0.391304347826	0.531614576882	13.0	10.0	23.0	0.130434782609	0.391304347826	0.531614576882	none	0	1	0	0	0	0	0	0	0	0	0	0
15	60000028	492390	19.0	6.09273137147e-06	9.13909705721e-06	7.61591421434e-06	10.0	3.0	13.0	0.538461538462	3.76923076923	0.0522036353413	8.0	5.0	13.0	0.230769230769	0.692307692308	0.405380556459	5.0	3.0	8.0	0.25	0	1.0	3.0	5.0	8.0	-0.25	0	1.0	na	1	0	0	0	0	0	0	0	0	0	0	0
15	60500098	492426	32.0	6.09228594753e-06	2.43691437901e-05	1.52307148688e-05	20.0	6.0	26.0	0.538461538462	7.53846153846	0.00603955904866	21.0	5.0	26.0	0.615384615385	9.84615384615	0.00170187209267	5.0	2.0	7.0	0.428571428571	0	1.0	6.0	1.0	7.0	0.714285714286	0	1.0	na	1	0	0	0	0	0	0	0	0	0	0	0
15	61000124	493022	45.0	1.62264564259e-05	2.73821452187e-05	2.28184543489e-05	22.0	7.0	29.0	0.51724137931	7.75862068966	0.00534567687265	22.0	7.0	29.0	0.51724137931	7.75862068966	0.00534567687265	10.0	8.0	18.0	0.111111111111	0.222222222222	0.637351888234	10.0	8.0	18.0	0.111111111111	0.222222222222	0.637351888234	123	0	0	0	0	0	0	0	0	0	0	1	0
15	61500068	491353	30.0	5.08799172896e-06	1.83167702243e-05	1.17023809766e-05	17.0	7.0	24.0	0.416666666667	4.16666666667	0.0412268333372	18.0	6.0	24.0	0.5	6.0	0.0143058784354	5.0	6.0	11.0	-0.0909090909091	0.0909090909091	0.763024600553	6.0	5.0	11.0	0.0909090909091	0.0909090909091	0.763024600553	none	0	1	0	0	0	0	0	0	0	0	0	0
15	62000143	492300	34.0	1.01564086939e-05	2.23440991265e-05	1.72658947796e-05	17.0	6.0	23.0	0.478260869565	5.26086956522	0.0218101191437	18.0	5.0	23.0	0.565217391304	7.34782608696	0.00671438978555	5.0	7.0	12.0	-0.166666666667	0.333333333333	0.563702861651	6.0	6.0	12.0	0.0	0	1	na	1	0	0	0	0	0	0	0	0	0	0	0
15	62500048	490537	9.0	4.07716441369e-06	4.07716441369e-06	4.07716441369e-06	1.0	3.0	4.0	-0.5	0	1.0	1.0	3.0	4.0	-0.5	0	1.0	5.0	0.0	5.0	1.0	0	1.0	5.0	0.0	5.0	1.0	0	1.0	na	1	0	0	0	0	0	0	0	0	0	0	0
15	63000001	489915	23.0	8.16468162845e-06	1.22470224427e-05	1.02058520356e-05	10.0	4.0	14.0	0.428571428571	2.57142857143	0.108809430041	10.0	4.0	14.0	0.428571428571	2.57142857143	0.108809430041	5.0	6.0	11.0	-0.0909090909091	0.0909090909091	0.763024600553	5.0	6.0	11.0	-0.0909090909091	0.0909090909091	0.763024600553	none	0	1	0	0	0	0	0	0	0	0	0	0
15	63500330	490660	35.0	5.09517792361e-06	2.64949252028e-05	1.68140871479e-05	19.0	10.0	29.0	0.310344827586	2.79310344828	0.0946707198455	19.0	10.0	29.0	0.310344827586	2.79310344828	0.0946707198455	4.0	4.0	8.0	0.0	0	1.0	4.0	4.0	8.0	0.0	0	1.0	na	1	0	0	0	0	0	0	0	0	0	0	0
15	64000014	490026	38.0	1.32646022864e-05	2.14274344627e-05	1.83663723966e-05	15.0	8.0	23.0	0.304347826087	2.13043478261	0.144399792213	13.0	10.0	23.0	0.130434782609	0.391304347826	0.531614576882	10.0	7.0	17.0	0.176470588235	0.529411764706	0.466854270823	8.0	9.0	17.0	-0.0588235294118	0.0588235294118	0.808365155915	none	0	1	0	0	0	0	0	0	0	0	0	0
15	64190797	187852	22.0	5.32333965036e-06	5.32333965036e-05	2.9278368077e-05	12.0	8.0	20.0	0.2	0.8	0.371093369523	12.0	8.0	20.0	0.2	0.8	0.371093369523	2.0	0.0	2.0	1.0	0	1.0	2.0	0.0	2.0	1.0	0	1.0	na	1	0	0	0	0	0	0	0	0	0	0	0
