#chrom	coord	total	dtotal	T12	T34	T1234	DFO_left	DFO_right	DFO_total	DFO_stat	DFO_chisq	DFO_Pvalue	DIL_left	DIL_right	DIL_total	DIL_stat	DIL_chisq	DIL_Pvalue	DFI_left	DFI_right	DFI_total	DFI_stat	DFI_chisq	DFI_Pvalue	DOL_left	DOL_right	DOL_total	DOL_stat	DOL_chisq	DOL_Pvalue	introgression	introgna	intrognone	introg13	introg14	introg23	introg24	introg31	introg41	introg32	introg42	introg123	introg124
13	500022	497160	4843.0	0.00215825891061	0.00229000724113	0.00232269289565	720.0	1843.0	2563.0	-0.438158408115	492.051892314	0.0	761.0	1802.0	2563.0	-0.4061646508	422.817401483	0.0	1667.0	806.0	2473.0	0.348160129397	299.765871411	0.0	1708.0	765.0	2473.0	0.381318236959	359.583097452	0.0	none	0	1	0	0	0	0	0	0	0	0	0	0
13	1000072	497695	3468.0	0.00143461356855	0.00187464210008	0.00167271119863	565.0	1411.0	1976.0	-0.428137651822	362.204453441	0.0	563.0	1413.0	1976.0	-0.43016194332	365.637651822	0.0	1238.0	330.0	1568.0	0.579081632653	525.806122449	0.0	1236.0	332.0	1568.0	0.576530612245	521.183673469	0.0	none	0	1	0	0	0	0	0	0	0	0	0	0
13	1500233	497408	3039.0	0.00128264925373	0.00164653564076	0.00149675919969	543.0	1183.0	1726.0	-0.370799536501	237.31170336	0.0	537.0	1189.0	1726.0	-0.37775202781	246.294322132	0.0	1049.0	320.0	1369.0	0.532505478451	388.196493791	0.0	1043.0	326.0	1369.0	0.523739956172	375.521548576	0.0	none	0	1	0	0	0	0	0	0	0	0	0	0
13	2000130	497788	3420.0	0.00151168770641	0.00180096748013	0.00169650533962	551.0	1333.0	1884.0	-0.415074309979	324.588110403	0.0	553.0	1331.0	1884.0	-0.412951167728	321.276008493	0.0	1259.0	343.0	1602.0	0.571785268414	523.755305868	0.0	1261.0	341.0	1602.0	0.574282147316	528.339575531	0.0	none	0	1	0	0	0	0	0	0	0	0	0	0
13	2500028	497629	3638.0	0.00152322312405	0.00195024807638	0.00175683089209	551.0	1542.0	2093.0	-0.4734830387	469.221691352	0.0	596.0	1497.0	2093.0	-0.430482560917	387.864787387	0.0	1299.0	353.0	1652.0	0.572639225182	541.716707022	0.0	1344.0	308.0	1652.0	0.627118644068	649.694915254	0.0	none	0	1	0	0	0	0	0	0	0	0	0	0
13	3000127	497628	4090.0	0.00165083154485	0.00208087165513	0.00192010899708	774.0	1608.0	2382.0	-0.350125944584	292.005037783	0.0	879.0	1503.0	2382.0	-0.261964735516	163.465994962	0.0	1402.0	473.0	1875.0	0.495466666667	460.288533333	0.0	1507.0	368.0	1875.0	0.607466666667	691.904533333	0.0	none	0	1	0	0	0	0	0	0	0	0	0	0
13	3500037	498067	4036.0	0.00160721348734	0.00214428982446	0.00191992242008	800.0	1591.0	2391.0	-0.330823923045	261.681723128	0.0	825.0	1566.0	2391.0	-0.30991217064	229.644918444	0.0	1344.0	430.0	1774.0	0.515219842165	470.910935738	0.0	1369.0	405.0	1774.0	0.543404735062	523.8421646	0.0	none	0	1	0	0	0	0	0	0	0	0	0	0
13	4000058	497697	4080.0	0.0015812833913	0.00201930089995	0.00186056978443	757.0	1617.0	2374.0	-0.362257792755	311.541701769	0.0	912.0	1462.0	2374.0	-0.231676495366	127.422072452	0.0	1260.0	667.0	1927.0	0.307732226258	182.485210171	0.0	1415.0	512.0	1927.0	0.468604047743	423.149455112	0.0	none	0	1	0	0	0	0	0	0	0	0	0	0
13	4500162	497679	3938.0	0.00153914470974	0.00203745787948	0.00182346452231	872.0	1482.0	2354.0	-0.259133389975	158.071367884	0.0	861.0	1493.0	2354.0	-0.268479184367	169.67884452	0.0	1338.0	373.0	1711.0	0.563997662186	544.257744009	0.0	1327.0	384.0	1711.0	0.551139684395	519.724722385	0.0	none	0	1	0	0	0	0	0	0	0	0	0	0
13	5000045	497544	3742.0	0.00154257713891	0.00194455163764	0.00177270753943	820.0	1349.0	2169.0	-0.243891194099	129.018441678	0.0	790.0	1379.0	2169.0	-0.271553711388	159.945136007	0.0	1353.0	310.0	1663.0	0.62717979555	654.148526759	0.0	1323.0	340.0	1663.0	0.591100420926	581.05171377	0.0	none	0	1	0	0	0	0	0	0	0	0	0	0
13	5500005	497786	3147.0	0.00136403996898	0.00164628977111	0.00154735167321	516.0	1238.0	1754.0	-0.411630558723	297.197263398	0.0	551.0	1203.0	1754.0	-0.371721778791	242.362599772	0.0	1129.0	351.0	1480.0	0.525675675676	408.975675676	0.0	1164.0	316.0	1480.0	0.572972972973	485.881081081	0.0	none	0	1	0	0	0	0	0	0	0	0	0	0
13	6000051	498019	3823.0	0.00161640419341	0.00199389983113	0.0018945060329	695.0	1439.0	2134.0	-0.348641049672	259.388940956	0.0	663.0	1471.0	2134.0	-0.378631677601	305.934395501	0.0	1345.0	424.0	1769.0	0.52063312606	479.503109101	0.0	1313.0	456.0	1769.0	0.484454494064	415.177501413	0.0	none	0	1	0	0	0	0	0	0	0	0	0	0
13	6500067	497850	3760.0	0.00151451240333	0.00195038666265	0.0018389073014	693.0	1479.0	2172.0	-0.361878453039	284.436464088	0.0	656.0	1516.0	2172.0	-0.395948434622	340.515653775	0.0	1309.0	424.0	1733.0	0.510675129833	451.947489902	0.0	1272.0	461.0	1733.0	0.467974610502	379.527409117	0.0	none	0	1	0	0	0	0	0	0	0	0	0	0
13	7000017	498070	4042.0	0.00156504105849	0.00206396691228	0.00189983335676	958.0	1424.0	2382.0	-0.195633921075	91.1654072208	0.0	826.0	1556.0	2382.0	-0.306465155332	223.719563392	0.0	1514.0	364.0	1878.0	0.612353567625	704.206602769	0.0	1382.0	496.0	1878.0	0.471778487753	417.995740149	0.0	none	0	1	0	0	0	0	0	0	0	0	0	0
13	7500058	497624	4317.0	0.00171715994405	0.0020427069434	0.00198744433548	945.0	1532.0	2477.0	-0.236980218006	139.107387969	0.0	778.0	1699.0	2477.0	-0.371820750908	342.446911587	0.0	1612.0	545.0	2157.0	0.494668521094	527.811312007	0.0	1445.0	712.0	2157.0	0.339823829393	249.090866945	0.0	none	0	1	0	0	0	0	0	0	0	0	0	0
13	8000057	497516	3921.0	0.00155572886098	0.00202908047178	0.0020084781193	693.0	1588.0	2281.0	-0.392371766769	351.172731258	0.0	699.0	1582.0	2281.0	-0.387110916265	341.818939062	0.0	1300.0	496.0	1796.0	0.447661469933	359.919821826	0.0	1306.0	490.0	1796.0	0.45434298441	370.743875278	0.0	none	0	1	0	0	0	0	0	0	0	0	0	0
13	8500017	497988	3952.0	0.0016566664257	0.00200707647574	0.00187705326233	663.0	1567.0	2230.0	-0.405381165919	366.464573991	0.0	661.0	1569.0	2230.0	-0.407174887892	369.714798206	0.0	1422.0	434.0	1856.0	0.532327586207	525.939655172	0.0	1420.0	436.0	1856.0	0.530172413793	521.689655172	0.0	none	0	1	0	0	0	0	0	0	0	0	0	0
13	9000244	497940	3870.0	0.00148411455195	0.00200626581516	0.00179037635056	862.0	1472.0	2334.0	-0.261353898886	159.42587832	0.0	782.0	1552.0	2334.0	-0.329905741217	254.027420737	0.0	1418.0	322.0	1740.0	0.629885057471	690.354022989	0.0	1338.0	402.0	1740.0	0.537931034483	503.503448276	0.0	none	0	1	0	0	0	0	0	0	0	0	0	0
13	9500174	497779	3787.0	0.00152879088913	0.00187834360228	0.00176785280215	782.0	1394.0	2176.0	-0.28125	172.125	0.0	765.0	1411.0	2176.0	-0.296875	191.78125	0.0	1401.0	385.0	1786.0	0.568868980963	577.970884658	0.0	1384.0	402.0	1786.0	0.549832026876	539.935050392	0.0	none	0	1	0	0	0	0	0	0	0	0	0	0
13	10000010	497706	4415.0	0.00175002913367	0.00225434292534	0.00210867459906	981.0	1609.0	2590.0	-0.242471042471	152.271814672	0.0	928.0	1662.0	2590.0	-0.283397683398	208.013899614	0.0	1501.0	533.0	2034.0	0.475909537856	460.680432645	0.0	1448.0	586.0	2034.0	0.423795476893	365.311701082	0.0	none	0	1	0	0	0	0	0	0	0	0	0	0
13	10500131	498155	4396.0	0.00177956660076	0.0021770332527	0.00209974807038	946.0	1616.0	2562.0	-0.261514441842	175.214676034	0.0	933.0	1629.0	2562.0	-0.271662763466	189.077283372	0.0	1506.0	553.0	2059.0	0.462846041768	441.092277805	0.0	1493.0	566.0	2059.0	0.450218552695	417.352598349	0.0	none	0	1	0	0	0	0	0	0	0	0	0	0
13	11000004	497492	4263.0	0.00166635845401	0.00205329934954	0.00194023220474	896.0	1549.0	2445.0	-0.267075664622	174.400408998	0.0	875.0	1570.0	2445.0	-0.284253578732	197.556237219	0.0	1473.0	624.0	2097.0	0.404864091559	343.729613734	0.0	1452.0	645.0	2097.0	0.384835479256	310.56223176	0.0	none	0	1	0	0	0	0	0	0	0	0	0	0
13	11500005	497399	4344.0	0.00177121385447	0.00201246886303	0.00201850023824	958.0	1498.0	2456.0	-0.21986970684	118.729641694	0.0	868.0	1588.0	2456.0	-0.293159609121	211.074918567	0.0	1580.0	612.0	2192.0	0.441605839416	427.474452555	0.0	1490.0	702.0	2192.0	0.359489051095	283.277372263	0.0	none	0	1	0	0	0	0	0	0	0	0	0	0
13	12000053	497030	4564.0	0.0018992817335	0.0020622497636	0.00213166207271	937.0	1612.0	2549.0	-0.264809729306	178.746567281	0.0	949.0	1600.0	2549.0	-0.255394272264	166.261671244	0.0	1570.0	765.0	2335.0	0.344753747323	277.526766595	0.0	1582.0	753.0	2335.0	0.355032119914	294.321627409	0.0	none	0	1	0	0	0	0	0	0	0	0	0	0
13	12500144	496887	4597.0	0.00182536472075	0.00227415891339	0.00221177048303	1009.0	1634.0	2643.0	-0.236473704124	147.796065078	0.0	956.0	1687.0	2643.0	-0.276579644344	202.179720015	0.0	1526.0	687.0	2213.0	0.379123361952	318.084500678	0.0	1473.0	740.0	2213.0	0.331224582015	242.787618617	0.0	none	0	1	0	0	0	0	0	0	0	0	0	0
13	13000095	497250	4596.0	0.00183509301156	0.00216490698844	0.00212368024133	979.0	1660.0	2639.0	-0.258052292535	175.733611216	0.0	992.0	1647.0	2639.0	-0.248200075786	162.57104964	0.0	1590.0	728.0	2318.0	0.37187230371	320.553925798	0.0	1603.0	715.0	2318.0	0.383088869715	340.182916307	0.0	none	0	1	0	0	0	0	0	0	0	0	0	0
13	13500129	497564	4010.0	0.00160381378074	0.00191734128675	0.00188719441117	842.0	1472.0	2314.0	-0.272255834054	171.521175454	0.0	833.0	1481.0	2314.0	-0.280034572169	181.462402766	0.0	1407.0	542.0	1949.0	0.443817342227	383.902001026	0.0	1398.0	551.0	1949.0	0.434581836839	368.090815803	0.0	none	0	1	0	0	0	0	0	0	0	0	0	0
13	14000027	497165	4164.0	0.00162622067121	0.00207476391138	0.00194502831052	800.0	1612.0	2412.0	-0.336650082919	273.35986733	0.0	782.0	1630.0	2412.0	-0.351575456053	298.135986733	0.0	1481.0	529.0	2010.0	0.473631840796	450.897512438	0.0	1463.0	547.0	2010.0	0.455721393035	417.44079602	0.0	none	0	1	0	0	0	0	0	0	0	0	0	0
13	14500011	497187	4151.0	0.00157586582111	0.00201835526673	0.00190270461617	865.0	1589.0	2454.0	-0.295028524857	213.600651997	0.0	767.0	1687.0	2454.0	-0.374898125509	344.906275469	0.0	1398.0	587.0	1985.0	0.408564231738	331.34559194	0.0	1300.0	685.0	1985.0	0.309823677582	190.541561713	0.0	none	0	1	0	0	0	0	0	0	0	0	0	0
13	15000031	497704	4137.0	0.00165158407407	0.00203635092344	0.0019956640895	799.0	1561.0	2360.0	-0.322881355932	246.03559322	0.0	808.0	1552.0	2360.0	-0.315254237288	234.549152542	0.0	1367.0	651.0	2018.0	0.354806739346	254.041625372	0.0	1376.0	642.0	2018.0	0.363726461843	266.975222993	0.0	none	0	1	0	0	0	0	0	0	0	0	0	0
13	15500103	498162	4292.0	0.00173537925414	0.00214187352709	0.00206810234422	795.0	1639.0	2434.0	-0.346754313887	292.66064092	0.0	851.0	1583.0	2434.0	-0.300739523418	220.141331142	0.0	1485.0	581.0	2066.0	0.437560503388	395.554695063	0.0	1541.0	525.0	2066.0	0.491771539206	499.639883833	0.0	none	0	1	0	0	0	0	0	0	0	0	0	0
13	16000088	498238	4430.0	0.00170099430393	0.00221380143626	0.00204771615172	1007.0	1634.0	2641.0	-0.237410071942	148.856115108	0.0	927.0	1714.0	2641.0	-0.2979931844	234.520636123	0.0	1562.0	543.0	2105.0	0.484085510689	493.283135392	0.0	1482.0	623.0	2105.0	0.408076009501	350.537292162	0.0	none	0	1	0	0	0	0	0	0	0	0	0	0
13	16500094	497604	4438.0	0.0017704841601	0.00216939574441	0.002075445535	874.0	1678.0	2552.0	-0.315047021944	253.297805643	0.0	845.0	1707.0	2552.0	-0.337774294671	291.161442006	0.0	1530.0	619.0	2149.0	0.423918101443	386.189390414	0.0	1501.0	648.0	2149.0	0.396928804095	338.580269893	0.0	none	0	1	0	0	0	0	0	0	0	0	0	0
13	17000059	497734	4755.0	0.00182728123857	0.00231951202851	0.00223412505475	1066.0	1719.0	2785.0	-0.23447037702	153.109156194	0.0	974.0	1811.0	2785.0	-0.300538599641	251.550807899	0.0	1683.0	597.0	2280.0	0.476315789474	517.278947368	0.0	1591.0	689.0	2280.0	0.395614035088	356.843859649	0.0	none	0	1	0	0	0	0	0	0	0	0	0	0
13	17500021	497830	4713.0	0.00192736476307	0.0022015547476	0.00219803949139	939.0	1734.0	2673.0	-0.297418630752	236.447811448	0.0	891.0	1782.0	2673.0	-0.333333333333	297.0	0.0	1724.0	616.0	2340.0	0.473504273504	524.642735043	0.0	1676.0	664.0	2340.0	0.432478632479	437.668376068	0.0	none	0	1	0	0	0	0	0	0	0	0	0	0
13	18000017	498007	4376.0	0.00171583933559	0.00223792035052	0.00208932806165	921.0	1658.0	2579.0	-0.28576967817	210.612252811	0.0	867.0	1712.0	2579.0	-0.327646374564	276.861186506	0.0	1548.0	493.0	2041.0	0.516903478687	545.333170015	0.0	1494.0	547.0	2041.0	0.463988241058	439.396864282	0.0	none	0	1	0	0	0	0	0	0	0	0	0	0
13	18500001	498024	4304.0	0.00177501485872	0.0020511059708	0.00204056431015	768.0	1632.0	2400.0	-0.36	311.04	0.0	758.0	1642.0	2400.0	-0.368333333333	325.606666667	0.0	1553.0	573.0	2126.0	0.460959548448	451.740357479	0.0	1543.0	583.0	2126.0	0.451552210724	433.490122295	0.0	none	0	1	0	0	0	0	0	0	0	0	0	0
13	19000020	497962	4304.0	0.00173708033946	0.0021648238219	0.00205336953422	811.0	1678.0	2489.0	-0.34833266372	302.004419446	0.0	822.0	1667.0	2489.0	-0.339493772599	286.872237847	0.0	1505.0	537.0	2042.0	0.474045053869	458.875612145	0.0	1516.0	526.0	2042.0	0.484818805093	479.970617042	0.0	none	0	1	0	0	0	0	0	0	0	0	0	0
13	19500019	497796	4550.0	0.00181801380485	0.0021926652685	0.00214294610644	878.0	1738.0	2616.0	-0.32874617737	282.721712538	0.0	853.0	1763.0	2616.0	-0.347859327217	316.551987768	0.0	1610.0	605.0	2215.0	0.453724604966	455.993227991	0.0	1585.0	630.0	2215.0	0.431151241535	411.749435666	0.0	none	0	1	0	0	0	0	0	0	0	0	0	0
13	20000045	497721	4854.0	0.00191070901168	0.00236678781888	0.0022673345107	1040.0	1761.0	2801.0	-0.257408068547	185.591217422	0.0	1032.0	1769.0	2801.0	-0.263120314174	193.919671546	0.0	1656.0	691.0	2347.0	0.411163187047	396.772475501	0.0	1648.0	699.0	2347.0	0.404345973583	383.724328931	0.0	none	0	1	0	0	0	0	0	0	0	0	0	0
13	20500033	497339	4607.0	0.00183174856587	0.00218563193315	0.00214642326461	952.0	1674.0	2626.0	-0.274942878903	198.508758568	0.0	934.0	1692.0	2626.0	-0.288651942117	218.798172125	0.0	1592.0	717.0	2309.0	0.378951927241	331.582936336	0.0	1574.0	735.0	2309.0	0.363360762235	304.859679515	0.0	none	0	1	0	0	0	0	0	0	0	0	0	0
13	21000079	497845	4657.0	0.00187809458767	0.00228283903625	0.00221504685193	959.0	1698.0	2657.0	-0.27813323297	205.540459164	0.0	978.0	1679.0	2657.0	-0.263831388784	184.945803538	0.0	1598.0	647.0	2245.0	0.423608017817	402.851224944	0.0	1617.0	628.0	2245.0	0.440534521158	435.688641425	0.0	none	0	1	0	0	0	0	0	0	0	0	0	0
13	21500067	497715	4970.0	0.00203731050903	0.00242206885467	0.00237435078308	883.0	1923.0	2806.0	-0.370634354954	385.459729152	0.0	904.0	1902.0	2806.0	-0.355666429081	354.955096222	0.0	1776.0	655.0	2431.0	0.461127108186	516.923488276	0.0	1797.0	634.0	2431.0	0.478403948992	556.383792678	0.0	none	0	1	0	0	0	0	0	0	0	0	0	0
13	22000037	497646	4256.0	0.00165981440622	0.0021481133175	0.00201046527049	839.0	1659.0	2498.0	-0.328262610088	269.175340272	0.0	816.0	1682.0	2498.0	-0.346677341873	300.222578062	0.0	1471.0	530.0	2001.0	0.470264867566	442.51924038	0.0	1448.0	553.0	2001.0	0.447276361819	400.312343828	0.0	none	0	1	0	0	0	0	0	0	0	0	0	0
13	22500017	497674	4866.0	0.00188677728794	0.00227056265748	0.00222736168657	1091.0	1746.0	2837.0	-0.230877687698	151.224885442	0.0	998.0	1839.0	2837.0	-0.296439901304	249.305956997	0.0	1770.0	646.0	2416.0	0.465231788079	522.920529801	0.0	1677.0	739.0	2416.0	0.388245033113	364.17384106	0.0	none	0	1	0	0	0	0	0	0	0	0	0	0
13	23000261	498006	4647.0	0.00186343136428	0.00235539330851	0.00218270462605	949.0	1733.0	2682.0	-0.292319164802	229.178225205	0.0	851.0	1831.0	2682.0	-0.365398956003	358.090976883	0.0	1694.0	525.0	2219.0	0.526813880126	615.845425868	0.0	1596.0	623.0	2219.0	0.438485804416	426.646687697	0.0	none	0	1	0	0	0	0	0	0	0	0	0	0
13	23500235	497673	4305.0	0.00184759872446	0.00207164141916	0.00203497075389	780.0	1570.0	2350.0	-0.336170212766	265.574468085	0.0	711.0	1639.0	2350.0	-0.394893617021	366.461276596	0.0	1693.0	469.0	2162.0	0.566142460685	692.958371878	0.0	1624.0	538.0	2162.0	0.502312673451	545.511563367	0.0	none	0	1	0	0	0	0	0	0	0	0	0	0
13	24000248	497951	5061.0	0.00194697871879	0.00243297031234	0.0023506328936	1062.0	1909.0	2971.0	-0.285089195557	241.470548637	0.0	1027.0	1944.0	2971.0	-0.308650286099	283.032312353	0.0	1728.0	753.0	2481.0	0.392986698912	383.162031439	0.0	1693.0	788.0	2481.0	0.364772269246	330.118903668	0.0	none	0	1	0	0	0	0	0	0	0	0	0	0
13	24500024	497380	4980.0	0.00196328762717	0.00246190035788	0.00234931038642	992.0	1914.0	2906.0	-0.317274604267	292.527185134	0.0	961.0	1945.0	2906.0	-0.338609772884	333.192016518	0.0	1673.0	712.0	2385.0	0.402935010482	387.220545073	0.0	1642.0	743.0	2385.0	0.376939203354	338.868343816	0.0	none	0	1	0	0	0	0	0	0	0	0	0	0
13	25000143	498088	4221.0	0.0017587253658	0.00208798445255	0.00202072726105	735.0	1625.0	2360.0	-0.377118644068	335.63559322	0.0	712.0	1648.0	2360.0	-0.396610169492	371.227118644	0.0	1551.0	457.0	2008.0	0.544820717131	596.033864542	0.0	1528.0	480.0	2008.0	0.521912350598	546.964143426	0.0	none	0	1	0	0	0	0	0	0	0	0	0	0
13	25500048	497516	4844.0	0.00193360615538	0.00241600270142	0.00230344350734	911.0	1911.0	2822.0	-0.354358610914	354.358610914	0.0	847.0	1975.0	2822.0	-0.399716513111	450.88022679	0.0	1681.0	613.0	2294.0	0.46556233653	497.220575414	0.0	1617.0	677.0	2294.0	0.409764603313	385.178727114	0.0	none	0	1	0	0	0	0	0	0	0	0	0	0
13	26000151	498028	4924.0	0.001956717293	0.00242255455517	0.00227497249151	986.0	1890.0	2876.0	-0.314325452017	284.150208623	0.0	996.0	1880.0	2876.0	-0.307371349096	271.716272601	0.0	1711.0	601.0	2312.0	0.480103806228	532.915224913	0.0	1721.0	591.0	2312.0	0.48875432526	552.292387543	0.0	none	0	1	0	0	0	0	0	0	0	0	0	0
13	26500446	498399	4345.0	0.00178872750547	0.00212781325805	0.00203551772776	819.0	1628.0	2447.0	-0.330608908868	267.462607274	0.0	743.0	1704.0	2447.0	-0.392725786678	377.409480997	0.0	1613.0	497.0	2110.0	0.528909952607	590.263507109	0.0	1537.0	573.0	2110.0	0.456872037915	440.42464455	0.0	none	0	1	0	0	0	0	0	0	0	0	0	0
13	27000010	497533	4312.0	0.00183806903261	0.00212749707055	0.00204710039334	716.0	1671.0	2387.0	-0.400083787181	382.080016757	0.0	684.0	1703.0	2387.0	-0.42689568496	435.006702974	0.0	1635.0	480.0	2115.0	0.54609929078	630.744680851	0.0	1603.0	512.0	2115.0	0.515839243499	562.780614657	0.0	none	0	1	0	0	0	0	0	0	0	0	0	0
13	27500204	497720	4561.0	0.00188760749016	0.00226131158081	0.0021628626537	861.0	1735.0	2596.0	-0.336671802773	294.251155624	0.0	790.0	1806.0	2596.0	-0.391371340524	397.633281972	0.0	1624.0	574.0	2198.0	0.477707006369	501.592356688	0.0	1553.0	645.0	2198.0	0.413102820746	375.097361237	0.0	none	0	1	0	0	0	0	0	0	0	0	0	0
13	28000003	497671	4822.0	0.00200232683841	0.00225550614764	0.00220225811832	834.0	1829.0	2663.0	-0.373638753286	371.770559519	0.0	728.0	1935.0	2663.0	-0.453248216297	547.070597071	0.0	1709.0	740.0	2449.0	0.395671702736	383.405879951	0.0	1603.0	846.0	2449.0	0.309105757452	233.993058391	0.0	none	0	1	0	0	0	0	0	0	0	0	0	0
13	28500210	497833	4195.0	0.00162604728895	0.00206394513823	0.00191931832562	865.0	1595.0	2460.0	-0.29674796748	216.62601626	0.0	697.0	1763.0	2460.0	-0.433333333333	461.933333333	0.0	1517.0	484.0	2001.0	0.51624187906	533.277861069	0.0	1349.0	652.0	2001.0	0.348325837081	242.783108446	0.0	none	0	1	0	0	0	0	0	0	0	0	0	0
13	29000076	498001	4490.0	0.00184035775029	0.00224999548194	0.00211244555734	838.0	1757.0	2595.0	-0.354142581888	325.457032755	0.0	799.0	1796.0	2595.0	-0.384200385356	383.0477842	0.0	1654.0	460.0	2114.0	0.564806054872	674.378429518	0.0	1615.0	499.0	2114.0	0.527909176916	589.146641438	0.0	none	0	1	0	0	0	0	0	0	0	0	0	0
13	29500044	497882	4636.0	0.00191611667022	0.00229070341969	0.00222994605147	897.0	1743.0	2640.0	-0.320454545455	271.104545455	0.0	898.0	1742.0	2640.0	-0.319696969697	269.824242424	0.0	1676.0	559.0	2235.0	0.499776286353	558.250111857	0.0	1677.0	558.0	2235.0	0.50067114094	560.251006711	0.0	none	0	1	0	0	0	0	0	0	0	0	0	0
13	30000050	497130	5321.0	0.00201959246072	0.00253253676101	0.00243899985919	1186.0	1935.0	3121.0	-0.239987183595	179.750400513	0.0	1111.0	2010.0	3121.0	-0.288048702339	258.955783403	0.0	1857.0	700.0	2557.0	0.45248337896	523.523269456	0.0	1782.0	775.0	2557.0	0.393820883848	396.577630035	0.0	none	0	1	0	0	0	0	0	0	0	0	0	0
13	30500017	497696	5334.0	0.00205547161319	0.00260801774577	0.00247138815663	1096.0	2051.0	3147.0	-0.303463616142	289.807753416	0.0	1057.0	2090.0	3147.0	-0.328249126152	339.081347315	0.0	1830.0	710.0	2540.0	0.44094488189	493.858267717	0.0	1791.0	749.0	2540.0	0.410236220472	427.466141732	0.0	none	0	1	0	0	0	0	0	0	0	0	0	0
13	31000177	497428	4740.0	0.00185655009368	0.00230887686258	0.0021792098555	946.0	1814.0	2760.0	-0.314492753623	272.979710145	0.0	940.0	1820.0	2760.0	-0.31884057971	280.579710145	0.0	1657.0	641.0	2298.0	0.442123585727	449.197563098	0.0	1651.0	647.0	2298.0	0.436901653612	438.649260226	0.0	none	0	1	0	0	0	0	0	0	0	0	0	0
13	31500002	497829	5127.0	0.00193741224396	0.00258221196435	0.00239540083041	1079.0	2003.0	3082.0	-0.29980532122	277.020116807	0.0	1026.0	2056.0	3082.0	-0.334198572356	344.224529526	0.0	1757.0	647.0	2404.0	0.461730449251	512.520798669	0.0	1704.0	700.0	2404.0	0.417637271215	419.3078203	0.0	none	0	1	0	0	0	0	0	0	0	0	0	0
13	32000006	497632	5009.0	0.0019803790753	0.00249280592888	0.00240941097036	1053.0	1876.0	2929.0	-0.280983270741	231.24923182	0.0	1021.0	1908.0	2929.0	-0.302833731649	268.613519973	0.0	1691.0	673.0	2364.0	0.43062605753	438.377326565	0.0	1659.0	705.0	2364.0	0.403553299492	384.989847716	0.0	none	0	1	0	0	0	0	0	0	0	0	0	0
13	32500039	497321	4707.0	0.00178858322894	0.00225307195956	0.00216861946308	985.0	1821.0	2806.0	-0.297933000713	249.071988596	0.0	984.0	1822.0	2806.0	-0.298645759088	250.265146115	0.0	1603.0	663.0	2266.0	0.414827890556	389.938217123	0.0	1602.0	664.0	2266.0	0.413945278023	388.280670786	0.0	none	0	1	0	0	0	0	0	0	0	0	0	0
13	33000071	497204	4784.0	0.00194487574517	0.00220130972398	0.00215957635095	1069.0	1608.0	2677.0	-0.201344788943	108.52484124	0.0	856.0	1821.0	2677.0	-0.36047814718	347.861412028	0.0	1914.0	560.0	2474.0	0.547291835085	741.033144705	0.0	1701.0	773.0	2474.0	0.37510105093	348.093775263	0.0	none	0	1	0	0	0	0	0	0	0	0	0	0
13	33500021	497479	5061.0	0.00195184118325	0.00245035468834	0.00227848813719	1229.0	1778.0	3007.0	-0.182573994014	100.233122714	0.0	1082.0	1925.0	3007.0	-0.280345859661	236.331559694	0.0	1817.0	602.0	2419.0	0.502273666804	610.262505167	0.0	1670.0	749.0	2419.0	0.380735841257	350.657709797	0.0	none	0	1	0	0	0	0	0	0	0	0	0	0
13	34000002	497025	5670.0	0.00223328806398	0.00258437704341	0.00255268849655	1228.0	2042.0	3270.0	-0.248929663609	202.628746177	0.0	1236.0	2034.0	3270.0	-0.244036697248	194.741284404	0.0	1995.0	889.0	2884.0	0.383495145631	424.145631068	0.0	2003.0	881.0	2884.0	0.389042995839	436.506241331	0.0	none	0	1	0	0	0	0	0	0	0	0	0	0
13	34500025	497500	4940.0	0.00207738693467	0.00238291457286	0.00234874371859	945.0	1785.0	2730.0	-0.307692307692	258.461538462	0.0	902.0	1828.0	2730.0	-0.339194139194	314.093772894	0.0	1770.0	675.0	2445.0	0.447852760736	490.398773006	0.0	1727.0	718.0	2445.0	0.412678936605	416.393047035	0.0	none	0	1	0	0	0	0	0	0	0	0	0	0
13	35000067	496834	4469.0	0.00171284573922	0.00230459268086	0.00216873241364	984.0	1687.0	2671.0	-0.26319730438	185.027704979	0.0	853.0	1818.0	2671.0	-0.361287907151	348.642830401	0.0	1536.0	521.0	2057.0	0.493437044239	500.838599903	0.0	1405.0	652.0	2057.0	0.366067087992	275.648517258	0.0	none	0	1	0	0	0	0	0	0	0	0	0	0
13	35500039	497530	4810.0	0.00188631841296	0.00248728719876	0.00231744819408	927.0	1914.0	2841.0	-0.347412882788	342.896515312	0.0	920.0	1921.0	2841.0	-0.352340725097	352.693065822	0.0	1591.0	571.0	2162.0	0.471785383904	481.221091582	0.0	1584.0	578.0	2162.0	0.465309898242	468.101757632	0.0	none	0	1	0	0	0	0	0	0	0	0	0	0
13	36000004	495664	3869.0	0.0014394831983	0.00203060944511	0.00181171115917	848.0	1540.0	2388.0	-0.289782244556	200.529313233	0.0	853.0	1535.0	2388.0	-0.285594639866	194.775544389	0.0	1256.0	422.0	1678.0	0.497020262217	414.514898689	0.0	1261.0	417.0	1678.0	0.502979737783	424.514898689	0.0	none	0	1	0	0	0	0	0	0	0	0	0	0
13	36500180	494813	4148.0	0.00158746839715	0.00193608494522	0.00186585639423	1013.0	1442.0	2455.0	-0.174745417515	74.9657841141	0.0	883.0	1572.0	2455.0	-0.280651731161	193.36904277	0.0	1572.0	435.0	2007.0	0.566517189836	644.130044843	0.0	1442.0	565.0	2007.0	0.43697060289	383.223218734	0.0	none	0	1	0	0	0	0	0	0	0	0	0	0
13	37000082	495720	2759.0	0.00101468570967	0.00136972484467	0.00123658516905	724.0	986.0	1710.0	-0.153216374269	40.1426900585	2.3607316102e-10	612.0	1098.0	1710.0	-0.284210526316	138.126315789	0.0	991.0	266.0	1257.0	0.57677008751	418.158313445	0.0	879.0	378.0	1257.0	0.398568019093	199.682577566	0.0	none	0	1	0	0	0	0	0	0	0	0	0	0
13	37500985	497047	2773.0	0.00115381442801	0.00141435316982	0.00129112538653	423.0	1086.0	1509.0	-0.439363817097	291.298210736	0.0	433.0	1076.0	1509.0	-0.426110006627	273.988734261	0.0	1129.0	189.0	1318.0	0.713201820941	670.409711684	0.0	1139.0	179.0	1318.0	0.728376327769	699.241274659	0.0	none	0	1	0	0	0	0	0	0	0	0	0	0
13	38000087	495823	2782.0	0.00104876135234	0.00149448492708	0.00128574108099	642.0	1090.0	1732.0	-0.258660508083	115.879907621	0.0	608.0	1124.0	1732.0	-0.29792147806	153.727482679	0.0	950.0	166.0	1116.0	0.702508960573	550.76702509	0.0	916.0	200.0	1116.0	0.641577060932	459.369175627	0.0	none	0	1	0	0	0	0	0	0	0	0	0	0
13	38500074	496732	3442.0	0.00139411191548	0.00177359219861	0.00160901653205	848.0	1173.0	2021.0	-0.160811479466	52.2637308263	4.85278484064e-13	759.0	1262.0	2021.0	-0.248886689758	125.190004948	0.0	1308.0	244.0	1552.0	0.685567010309	729.443298969	0.0	1219.0	333.0	1552.0	0.57087628866	505.796391753	0.0	none	0	1	0	0	0	0	0	0	0	0	0	0
13	39000016	496681	4369.0	0.00165196574864	0.00212510645666	0.00200027784433	1129.0	1511.0	2640.0	-0.144696969697	55.2742424242	1.04805053525e-13	966.0	1674.0	2640.0	-0.268181818182	189.872727273	0.0	1592.0	456.0	2048.0	0.5546875	630.125	0.0	1429.0	619.0	2048.0	0.3955078125	320.361328125	0.0	none	0	1	0	0	0	0	0	0	0	0	0	0
13	39500062	496491	4576.0	0.00171402905591	0.00213397624529	0.00202773061345	1224.0	1487.0	2711.0	-0.09701217263	25.5142014017	4.39138661212e-07	1012.0	1699.0	2711.0	-0.253412025083	174.094061232	0.0	1744.0	527.0	2271.0	0.535887274328	652.174812858	0.0	1532.0	739.0	2271.0	0.349185380889	276.904007045	0.0	none	0	1	0	0	0	0	0	0	0	0	0	0
13	40000025	496954	5440.0	0.00192874994466	0.00261895467186	0.00249117624569	1362.0	1979.0	3341.0	-0.184675246932	113.944627357	0.0	1186.0	2155.0	3341.0	-0.290032924274	281.041903622	0.0	1956.0	631.0	2587.0	0.512176265945	678.633552377	0.0	1780.0	807.0	2587.0	0.37611132586	365.956320062	0.0	none	0	1	0	0	0	0	0	0	0	0	0	0
13	40500200	497385	5324.0	0.00208289353318	0.00244478623199	0.00244880726198	1229.0	1814.0	3043.0	-0.192244495564	112.463029905	0.0	1109.0	1934.0	3043.0	-0.271114032205	223.669076569	0.0	1842.0	863.0	2705.0	0.361922365989	354.321996303	0.0	1722.0	983.0	2705.0	0.273197781885	201.893160813	0.0	none	0	1	0	0	0	0	0	0	0	0	0	0
13	41000058	497760	3407.0	0.00138520572163	0.00163331726133	0.00163582851173	651.0	1242.0	1893.0	-0.312202852615	184.511885895	0.0	600.0	1293.0	1893.0	-0.366085578447	253.697305864	0.0	1234.0	471.0	1705.0	0.447507331378	341.448093842	0.0	1183.0	522.0	1705.0	0.387683284457	256.258651026	0.0	none	0	1	0	0	0	0	0	0	0	0	0	0
13	41500222	497409	4800.0	0.00189481895181	0.00229087129505	0.00225769939828	1001.0	1748.0	2749.0	-0.271735176428	202.986176792	0.0	1019.0	1730.0	2749.0	-0.258639505275	183.89268825	0.0	1624.0	729.0	2353.0	0.380365490863	340.427114322	0.0	1642.0	711.0	2353.0	0.395665108372	368.364215895	0.0	none	0	1	0	0	0	0	0	0	0	0	0	0
13	42000028	496812	4526.0	0.00180953761181	0.00210643060152	0.00210592739306	1010.0	1556.0	2566.0	-0.21278254092	116.179267342	0.0	948.0	1618.0	2566.0	-0.261106780982	174.941543258	0.0	1658.0	634.0	2292.0	0.446771378709	457.493891798	0.0	1596.0	696.0	2292.0	0.392670157068	353.403141361	0.0	none	0	1	0	0	0	0	0	0	0	0	0	0
13	42500045	497361	4709.0	0.0017361634708	0.00232426748378	0.00213979383184	998.0	1828.0	2826.0	-0.293701344657	243.772116065	0.0	991.0	1835.0	2826.0	-0.298655343241	252.065109696	0.0	1567.0	655.0	2222.0	0.410441044104	374.322232223	0.0	1560.0	662.0	2222.0	0.404140414041	362.918091809	0.0	none	0	1	0	0	0	0	0	0	0	0	0	0
13	43000186	497848	4322.0	0.00171036139545	0.00218741463258	0.00201919059633	923.0	1607.0	2530.0	-0.270355731225	184.923320158	0.0	824.0	1706.0	2530.0	-0.348616600791	307.479841897	0.0	1595.0	468.0	2063.0	0.546291808047	615.670867668	0.0	1496.0	567.0	2063.0	0.450315075133	418.342704799	0.0	none	0	1	0	0	0	0	0	0	0	0	0	0
13	43500090	497862	3726.0	0.00152050166512	0.00194029670873	0.00179366973177	657.0	1480.0	2137.0	-0.385119326158	316.953205428	0.0	667.0	1470.0	2137.0	-0.375760411792	301.735610669	0.0	1307.0	402.0	1709.0	0.529549444119	479.242246928	0.0	1317.0	392.0	1709.0	0.541252194266	500.658279696	0.0	none	0	1	0	0	0	0	0	0	0	0	0	0
13	44000058	497085	4770.0	0.00179144411922	0.00229135862076	0.002142993653	1040.0	1813.0	2853.0	-0.270942867157	209.438836313	0.0	1035.0	1818.0	2853.0	-0.274447949527	214.892744479	0.0	1579.0	727.0	2306.0	0.36947094536	314.789245447	0.0	1574.0	732.0	2306.0	0.365134431917	307.443191674	0.0	none	0	1	0	0	0	0	0	0	0	0	0	0
13	44500172	497521	3960.0	0.0016552065139	0.00197680097926	0.00191449205159	749.0	1435.0	2184.0	-0.314102564103	215.474358974	0.0	710.0	1474.0	2184.0	-0.349816849817	267.26007326	0.0	1473.0	464.0	1937.0	0.52090862158	525.596799174	0.0	1434.0	503.0	1937.0	0.480640165204	447.475993805	0.0	none	0	1	0	0	0	0	0	0	0	0	0	0
13	45000271	497101	4569.0	0.00179540978594	0.00224199911084	0.00212532262055	984.0	1682.0	2666.0	-0.261815453863	182.747186797	0.0	939.0	1727.0	2666.0	-0.295573893473	232.912228057	0.0	1581.0	617.0	2198.0	0.438580527753	422.791628753	0.0	1536.0	662.0	2198.0	0.397634212921	347.532302093	0.0	none	0	1	0	0	0	0	0	0	0	0	0	0
13	45500017	497041	5501.0	0.00216782921328	0.00256518073962	0.00254958846453	1125.0	2069.0	3194.0	-0.295554164058	279.00313087	0.0	1140.0	2054.0	3194.0	-0.286161552912	261.551659361	0.0	1872.0	852.0	2724.0	0.374449339207	381.938325991	0.0	1887.0	837.0	2724.0	0.385462555066	404.735682819	0.0	none	0	1	0	0	0	0	0	0	0	0	0	0
13	46000002	497373	4802.0	0.00185172898408	0.00237447549425	0.0022196621047	1056.0	1789.0	2845.0	-0.257644991213	188.853778559	0.0	958.0	1887.0	2845.0	-0.326537785589	303.353602812	0.0	1754.0	553.0	2307.0	0.520589510186	625.228001734	0.0	1656.0	651.0	2307.0	0.435630689207	437.808842653	0.0	none	0	1	0	0	0	0	0	0	0	0	0	0
13	46500005	497643	4919.0	0.00199641108184	0.00235610668692	0.00229984145261	1028.0	1784.0	2812.0	-0.268847795164	203.248933144	0.0	1039.0	1773.0	2812.0	-0.261024182077	191.591749644	0.0	1745.0	663.0	2408.0	0.449335548173	486.181063123	0.0	1756.0	652.0	2408.0	0.458471760797	506.15282392	0.0	none	0	1	0	0	0	0	0	0	0	0	0	0
13	47000034	497505	4628.0	0.0017949568346	0.00226630888132	0.00213012934543	919.0	1810.0	2729.0	-0.32649322096	290.905459875	0.0	866.0	1863.0	2729.0	-0.365335287651	364.239281788	0.0	1629.0	567.0	2196.0	0.483606557377	513.590163934	0.0	1576.0	620.0	2196.0	0.435336976321	416.182149362	0.0	none	0	1	0	0	0	0	0	0	0	0	0	0
13	47500140	497801	4752.0	0.00183808389296	0.00242566808825	0.00228454743964	1119.0	1705.0	2824.0	-0.207507082153	121.599150142	0.0	1112.0	1712.0	2824.0	-0.212464589235	127.478753541	0.0	1515.0	648.0	2163.0	0.400832177531	347.52149792	0.0	1508.0	655.0	2163.0	0.394359685622	336.388811835	0.0	none	0	1	0	0	0	0	0	0	0	0	0	0
13	48000260	497533	3884.0	0.0015938641256	0.00199584751162	0.00187424753735	746.0	1451.0	2197.0	-0.320892125626	226.228948566	0.0	724.0	1473.0	2197.0	-0.340919435594	255.34865726	0.0	1338.0	493.0	1831.0	0.461496450027	389.964500273	0.0	1316.0	515.0	1831.0	0.437465865647	350.410158383	0.0	none	0	1	0	0	0	0	0	0	0	0	0	0
13	48500243	497320	3932.0	0.00161163838173	0.00208517654629	0.00191677390815	793.0	1471.0	2264.0	-0.299469964664	203.040636042	0.0	782.0	1482.0	2264.0	-0.309187279152	216.431095406	0.0	1393.0	378.0	1771.0	0.573122529644	581.719367589	0.0	1382.0	389.0	1771.0	0.560700169396	556.77526821	0.0	none	0	1	0	0	0	0	0	0	0	0	0	0
13	49000039	497251	4074.0	0.001605828847	0.00199496833591	0.0018727966359	931.0	1484.0	2415.0	-0.228985507246	126.628985507	0.0	834.0	1581.0	2415.0	-0.309316770186	231.059627329	0.0	1472.0	430.0	1902.0	0.547844374343	570.853838065	0.0	1375.0	527.0	1902.0	0.445846477392	378.077812829	0.0	none	0	1	0	0	0	0	0	0	0	0	0	0
13	49500042	497313	4581.0	0.00182782271929	0.00236872955262	0.00224607038223	863.0	1810.0	2673.0	-0.354283576506	335.506546951	0.0	900.0	1773.0	2673.0	-0.326599326599	285.121212121	0.0	1508.0	625.0	2133.0	0.413970932958	365.536333802	0.0	1545.0	588.0	2133.0	0.448663853727	429.371308017	0.0	none	0	1	0	0	0	0	0	0	0	0	0	0
13	50000088	497726	4761.0	0.00193479946798	0.00226630716499	0.00228037112789	1028.0	1655.0	2683.0	-0.233693626537	146.525903839	0.0	1011.0	1672.0	2683.0	-0.2463660082	162.84793142	0.0	1671.0	678.0	2349.0	0.422733077905	419.77394636	0.0	1654.0	695.0	2349.0	0.408258833546	391.520221371	0.0	none	0	1	0	0	0	0	0	0	0	0	0	0
13	50500006	497133	4789.0	0.00183653066684	0.00228912584761	0.00218955490784	1145.0	1657.0	2802.0	-0.18272662384	93.5560314061	0.0	1103.0	1699.0	2802.0	-0.212705210564	126.772305496	0.0	1681.0	678.0	2359.0	0.425180161085	426.455701568	0.0	1639.0	720.0	2359.0	0.38957185248	358.016532429	0.0	none	0	1	0	0	0	0	0	0	0	0	0	0
13	51000095	497025	4539.0	0.00178964840803	0.00208842613551	0.00203158794829	1204.0	1441.0	2645.0	-0.0896030245747	21.2359168242	4.06083093274e-06	1069.0	1576.0	2645.0	-0.19168241966	97.1829867675	0.0	1719.0	540.0	2259.0	0.521912350598	615.334661355	0.0	1584.0	675.0	2259.0	0.402390438247	365.772908367	0.0	none	0	1	0	0	0	0	0	0	0	0	0	0
13	51500007	496940	4760.0	0.00187648408259	0.00215317744597	0.00214060047491	1178.0	1554.0	2732.0	-0.137628111274	51.7481698389	6.30939744894e-13	976.0	1756.0	2732.0	-0.285505124451	222.693997072	0.0	1847.0	629.0	2476.0	0.491922455574	599.161550889	0.0	1645.0	831.0	2476.0	0.328756058158	267.607431341	0.0	none	0	1	0	0	0	0	0	0	0	0	0	0
13	52000054	497122	4320.0	0.00172392290021	0.00207896653135	0.00206337679684	957.0	1553.0	2510.0	-0.237450199203	141.520318725	0.0	840.0	1670.0	2510.0	-0.330677290837	274.462151394	0.0	1560.0	553.0	2113.0	0.476573592049	479.909607194	0.0	1443.0	670.0	2113.0	0.365830572646	282.787032655	0.0	none	0	1	0	0	0	0	0	0	0	0	0	0
13	52500128	497189	4572.0	0.00189666303961	0.00210785033458	0.00214304821708	914.0	1633.0	2547.0	-0.2822928936	202.968590499	0.0	895.0	1652.0	2547.0	-0.297212406753	224.989791912	0.0	1642.0	662.0	2304.0	0.425347222222	416.840277778	0.0	1623.0	681.0	2304.0	0.408854166667	385.140625	0.0	none	0	1	0	0	0	0	0	0	0	0	0	0
13	53000008	496984	4510.0	0.00176263219741	0.0021046955234	0.00207551953383	1012.0	1578.0	2590.0	-0.218532818533	123.68957529	0.0	964.0	1626.0	2590.0	-0.255598455598	169.206177606	0.0	1598.0	642.0	2240.0	0.426785714286	408.007142857	0.0	1550.0	690.0	2240.0	0.383928571429	330.178571429	0.0	none	0	1	0	0	0	0	0	0	0	0	0	0
13	53500175	497245	4583.0	0.00172148538447	0.00224537199972	0.00208800490704	1196.0	1527.0	2723.0	-0.121557106133	40.23540213	2.25131358e-10	1073.0	1650.0	2723.0	-0.211898641205	122.265515975	0.0	1630.0	571.0	2201.0	0.481144934121	509.532485234	0.0	1507.0	694.0	2201.0	0.369377555657	300.303952749	0.0	none	0	1	0	0	0	0	0	0	0	0	0	0
13	54000048	497116	4714.0	0.00180440782433	0.00221578062263	0.00210866276684	1193.0	1600.0	2793.0	-0.145721446473	59.3086287146	1.3433698598e-14	1048.0	1745.0	2793.0	-0.24955245256	173.938059434	0.0	1693.0	635.0	2328.0	0.454467353952	480.826460481	0.0	1548.0	780.0	2328.0	0.329896907216	253.360824742	0.0	none	0	1	0	0	0	0	0	0	0	0	0	0
13	54500051	496913	4596.0	0.00172565418896	0.00217040004991	0.00206575396498	1237.0	1504.0	2741.0	-0.0974097044874	26.0083910981	3.39936653937e-07	1051.0	1690.0	2741.0	-0.233126596133	148.967894929	0.0	1660.0	617.0	2277.0	0.458058849363	477.755379886	0.0	1474.0	803.0	2277.0	0.294685990338	197.734299517	0.0	none	0	1	0	0	0	0	0	0	0	0	0	0
13	55000055	496038	4789.0	0.00180429725142	0.0021883404094	0.00217977251743	1261.0	1571.0	2832.0	-0.109463276836	33.9336158192	5.7024873712e-09	1120.0	1712.0	2832.0	-0.209039548023	123.751412429	0.0	1711.0	687.0	2398.0	0.427022518766	437.271059216	0.0	1570.0	828.0	2398.0	0.309424520434	229.592994162	0.0	none	0	1	0	0	0	0	0	0	0	0	0	0
13	55500182	496498	4568.0	0.00174320943891	0.00212790383848	0.00216113660075	1034.0	1592.0	2626.0	-0.212490479817	118.569687738	0.0	991.0	1635.0	2626.0	-0.245239908606	157.934501142	0.0	1574.0	677.0	2251.0	0.398489560195	357.445135495	0.0	1531.0	720.0	2251.0	0.360284318081	292.190581964	0.0	none	0	1	0	0	0	0	0	0	0	0	0	0
13	56000009	496734	5022.0	0.001957788273	0.0022476818579	0.00228693828085	1120.0	1786.0	2906.0	-0.229181004818	152.634549209	0.0	967.0	1939.0	2906.0	-0.334480385409	325.114934618	0.0	1798.0	779.0	2577.0	0.395421032208	402.93403182	0.0	1645.0	932.0	2577.0	0.27667830811	197.271633683	0.0	none	0	1	0	0	0	0	0	0	0	0	0	0
13	56500010	497258	4559.0	0.0017857932904	0.00212867364628	0.00208593929107	1092.0	1573.0	2665.0	-0.180487804878	86.8146341463	0.0	953.0	1712.0	2665.0	-0.284803001876	216.165478424	0.0	1625.0	614.0	2239.0	0.451540866458	456.507815989	0.0	1486.0	753.0	2239.0	0.327378293881	239.968289415	0.0	none	0	1	0	0	0	0	0	0	0	0	0	0
13	57000013	496682	4784.0	0.00183417156249	0.00214926250599	0.00211050531326	1138.0	1647.0	2785.0	-0.18276481149	93.0272890485	0.0	1030.0	1755.0	2785.0	-0.260323159785	188.734290844	0.0	1686.0	723.0	2409.0	0.399750933998	384.96014944	0.0	1578.0	831.0	2409.0	0.310087173101	231.635118306	0.0	none	0	1	0	0	0	0	0	0	0	0	0	0
13	57500063	497092	4867.0	0.00186987519413	0.00232351355483	0.00225662452826	1125.0	1710.0	2835.0	-0.206349206349	120.714285714	0.0	1075.0	1760.0	2835.0	-0.241622574956	165.511463845	0.0	1683.0	695.0	2378.0	0.415475189235	410.489486964	0.0	1633.0	745.0	2378.0	0.373423044575	331.599663583	0.0	none	0	1	0	0	0	0	0	0	0	0	0	0
13	58000039	497219	4735.0	0.0018593416583	0.00224548941211	0.00220124331532	960.0	1771.0	2731.0	-0.296960820212	240.835225192	0.0	972.0	1759.0	2731.0	-0.288172830465	226.792017576	0.0	1656.0	704.0	2360.0	0.403389830508	384.027118644	0.0	1668.0	692.0	2360.0	0.413559322034	403.633898305	0.0	none	0	1	0	0	0	0	0	0	0	0	0	0
13	58500075	497142	5066.0	0.00204871042881	0.00221465899079	0.00228858153204	1101.0	1707.0	2808.0	-0.215811965812	130.782051282	0.0	973.0	1835.0	2808.0	-0.30698005698	264.616809117	0.0	1866.0	852.0	2718.0	0.373068432671	378.291390728	0.0	1738.0	980.0	2718.0	0.278881530537	211.392200147	0.0	none	0	1	0	0	0	0	0	0	0	0	0	0
13	59000026	496532	5308.0	0.00200188507488	0.00245200712139	0.00242532203363	1200.0	1922.0	3122.0	-0.231262011531	166.971172325	0.0	1181.0	1941.0	3122.0	-0.243433696348	185.009609225	0.0	1730.0	881.0	2611.0	0.325162772884	276.063194178	0.0	1711.0	900.0	2611.0	0.310608962083	251.90386825	0.0	none	0	1	0	0	0	0	0	0	0	0	0	0
13	59500027	496971	4835.0	0.00194478148624	0.00218523817285	0.00230345432631	1022.0	1700.0	2722.0	-0.249081557678	168.877296106	0.0	1006.0	1716.0	2722.0	-0.260837619398	185.194709772	0.0	1648.0	819.0	2467.0	0.336035670855	278.573571139	0.0	1632.0	835.0	2467.0	0.32306445075	257.482367248	0.0	none	0	1	0	0	0	0	0	0	0	0	0	0
13	60000079	496852	4587.0	0.00173693574747	0.00209116598102	0.00205091254539	1002.0	1700.0	2702.0	-0.258327165063	180.312361214	0.0	1047.0	1655.0	2702.0	-0.225018504811	136.811250925	0.0	1508.0	706.0	2214.0	0.36224028907	290.516711834	0.0	1553.0	661.0	2214.0	0.402890695574	359.378500452	0.0	none	0	1	0	0	0	0	0	0	0	0	0	0
13	60500048	497369	4562.0	0.00176428366062	0.00224280162214	0.00216338372516	993.0	1671.0	2664.0	-0.254504504505	172.554054054	0.0	929.0	1735.0	2664.0	-0.302552552553	243.857357357	0.0	1633.0	579.0	2212.0	0.476491862568	502.222423146	0.0	1569.0	643.0	2212.0	0.418625678119	387.647377939	0.0	none	0	1	0	0	0	0	0	0	0	0	0	0
13	61000079	497319	5226.0	0.0019977117303	0.00243505677442	0.00239534383364	1149.0	1883.0	3032.0	-0.242084432718	177.689973615	0.0	1116.0	1916.0	3032.0	-0.263852242744	211.081794195	0.0	1757.0	836.0	2593.0	0.355187042036	327.127265715	0.0	1724.0	869.0	2593.0	0.329733898959	281.92248361	0.0	none	0	1	0	0	0	0	0	0	0	0	0	0
13	61500067	496629	5254.0	0.00211526109027	0.00231963900618	0.002469146989	1136.0	1795.0	2931.0	-0.22483793927	148.168201979	0.0	1096.0	1835.0	2931.0	-0.252132378028	186.325827363	0.0	1858.0	879.0	2737.0	0.357690902448	350.179393497	0.0	1818.0	919.0	2737.0	0.32846181951	295.28717574	0.0	none	0	1	0	0	0	0	0	0	0	0	0	0
13	62000068	497035	4445.0	0.00171919482531	0.00211252728681	0.00206474393151	1016.0	1598.0	2614.0	-0.222647283856	129.580719204	0.0	918.0	1696.0	2614.0	-0.297628156083	231.554705432	0.0	1563.0	630.0	2193.0	0.425444596443	396.939808482	0.0	1465.0	728.0	2193.0	0.336069311446	247.683082535	0.0	none	0	1	0	0	0	0	0	0	0	0	0	0
13	62500049	497037	5187.0	0.0019988451564	0.00243442641091	0.00240475055177	1158.0	1852.0	3010.0	-0.230564784053	160.011960133	0.0	1119.0	1891.0	3010.0	-0.256478405316	198.001328904	0.0	1787.0	775.0	2562.0	0.395003903201	399.743950039	0.0	1748.0	814.0	2562.0	0.364558938329	340.4980484	0.0	none	0	1	0	0	0	0	0	0	0	0	0	0
13	63000081	496923	5231.0	0.00207275573882	0.00250541834449	0.00244806539444	1148.0	1872.0	3020.0	-0.239735099338	173.568211921	0.0	1124.0	1896.0	3020.0	-0.255629139073	197.345695364	0.0	1733.0	826.0	2559.0	0.354435326299	321.472840953	0.0	1709.0	850.0	2559.0	0.335677999218	288.347401329	0.0	none	0	1	0	0	0	0	0	0	0	0	0	0
13	63241910	239995	2344.0	0.00198754140711	0.00228963103398	0.00233234025709	531.0	766.0	1297.0	-0.181187355436	42.5790285274	6.78833655954e-11	515.0	782.0	1297.0	-0.205859676176	54.9645335389	1.22679644221e-13	806.0	365.0	1171.0	0.376601195559	166.081127242	0.0	790.0	381.0	1171.0	0.34927412468	142.853116994	0.0	none	0	1	0	0	0	0	0	0	0	0	0	0
