#chrom	pos	AAAAA	AAABA	AABAA	AABBA	ABAAA	ABABA	ABBAA	ABBBA	BAAAA	BAABA	BABAA	BABBA	BBAAA	BBABA	BBBAA	BBBBA
15	500073	489517	789	1691	44	1562	61	173	77	646	60	107	88	116	85	199	1341
15	1000198	492282	825	1287	13	1229	9	50	11	296	8	64	17	67	10	253	1018
15	1500020	491820	809	1571	4	1373	12	52	14	290	12	58	10	67	19	230	899
15	2000003	492280	751	1411	10	1192	7	39	9	250	6	37	5	32	9	274	957
15	2500026	492212	755	1440	5	1304	5	83	8	292	6	40	13	29	9	221	931
15	3000000	493046	629	1280	3	1191	16	38	7	284	12	59	7	33	5	85	817
15	3500179	492247	727	1463	10	1182	6	42	8	236	12	31	13	24	15	186	1067
15	4000045	491901	782	1389	7	1161	13	26	6	264	2	53	4	18	9	217	1074
15	4500058	492068	811	1571	8	1392	6	39	6	294	32	25	10	52	21	281	1053
15	5000022	492461	424	1334	25	1139	18	31	46	275	15	20	23	25	14	28	1168
15	5500003	490868	576	1593	50	1290	42	33	55	322	24	48	26	51	123	67	1532
15	6000106	491068	545	1391	50	1272	31	40	33	319	50	45	47	56	36	81	1436
15	6500020	492167	475	1250	14	1074	35	15	16	216	11	43	14	28	22	40	1190
15	7000003	492525	465	1258	7	1043	17	11	12	182	8	58	9	10	17	21	1259
15	7500029	491517	474	1416	28	1223	100	24	66	315	27	89	41	22	62	34	1282
15	8000035	490809	561	1479	48	1252	62	62	56	280	40	76	63	42	61	75	1308
15	8500129	492536	546	1174	25	1048	29	50	23	282	56	40	50	25	33	37	958
15	9000263	491342	642	1515	40	1408	46	43	36	437	46	63	96	61	45	57	1194
15	9500098	492906	577	1311	27	1225	37	16	20	214	13	37	38	16	24	45	929
15	10000287	493800	160	338	6	274	3	1	6	65	4	2	5	4	3	6	350
15	10500009	493001	42	11	1	10	0	0	0	15	0	0	1	0	0	1	21
15	11000029	493995	3	3	0	0	0	0	2	1	0	0	0	0	0	0	1
15	11500034	493142	50	44	2	22	1	4	1	25	0	4	2	2	2	1	31
15	12000001	493068	38	23	4	26	1	1	2	21	0	4	0	2	2	0	35
15	12500000	492873	14	0	0	2	0	0	0	0	0	0	0	0	0	0	2
15	13000029	491868	6	3	2	2	0	0	0	4	0	0	0	0	0	1	4
15	13500076	492518	9	5	0	3	0	1	0	1	0	1	0	0	0	0	0
15	14000042	492344	68	45	3	50	1	1	2	25	0	3	3	3	2	4	44
15	14500061	493028	16	6	2	7	0	0	0	0	0	0	1	0	0	2	20
15	15000014	491751	27	9	1	8	1	0	0	3	0	0	0	0	0	1	10
15	15500036	492769	33	9	1	5	0	0	1	6	0	0	0	0	0	1	4
15	16000043	492800	18	4	0	2	0	0	0	2	0	1	0	1	0	2	6
15	16500017	492748	28	4	0	6	0	2	0	3	0	0	0	0	0	0	5
15	17000004	492956	14	2	0	2	0	0	0	2	0	0	0	1	0	0	5
15	17500011	490859	91	67	4	72	8	4	2	47	4	4	7	4	3	8	54
15	18000228	492190	70	52	1	30	2	4	1	16	0	0	3	0	0	3	21
15	18500134	492780	14	8	0	4	0	0	0	0	0	0	0	0	1	2	11
15	19000026	492695	26	8	2	5	0	0	1	7	0	2	1	1	0	3	8
15	19500027	492629	10	1	0	0	0	0	0	0	0	0	2	0	0	0	7
15	20000013	493130	33	19	0	15	2	2	1	5	0	0	1	0	0	3	11
15	20500008	493995	42	17	2	15	0	1	0	17	0	1	1	3	1	2	19
15	21000035	493965	14	4	0	1	0	0	0	4	0	0	0	0	0	0	4
15	21500005	492886	12	14	0	13	0	0	0	3	0	1	2	1	1	1	12
15	22000162	493676	8	3	0	4	0	0	0	1	1	0	0	0	2	0	8
15	22500007	492654	13	2	0	3	0	0	1	1	0	0	0	0	0	1	8
15	23000096	493626	5	12	0	8	1	0	0	4	1	0	0	0	0	0	6
15	23500007	492674	15	4	0	3	0	1	0	3	0	1	0	0	0	3	1
15	24000067	493496	7	3	1	10	0	0	0	2	0	0	0	0	1	0	4
15	24500052	493407	33	12	0	29	1	0	1	9	0	1	6	1	0	1	25
15	25000131	493179	19	6	0	5	1	0	0	1	0	1	1	0	1	0	3
15	25500103	493247	17	24	0	13	0	0	2	10	0	1	0	0	2	1	23
15	26000074	492285	23	32	0	27	2	2	0	8	1	3	0	1	0	2	23
15	26500369	493193	21	19	0	10	0	3	2	8	0	1	2	1	0	1	17
15	27000033	493387	16	7	0	3	0	0	0	3	0	1	2	0	0	1	7
15	27500021	492833	42	46	1	51	2	8	1	28	2	1	2	3	0	3	43
15	28000002	492823	28	17	1	6	0	0	3	15	2	1	2	0	3	1	8
15	28500005	492720	8	8	0	8	1	0	0	12	0	1	0	2	0	0	2
15	29000113	492245	28	11	0	21	0	0	2	13	2	2	1	1	1	4	14
15	29500055	492971	26	10	2	8	1	0	0	8	0	0	3	0	0	0	14
15	30000057	492596	32	31	1	46	0	0	1	17	2	0	1	2	0	2	27
15	30500059	492464	23	17	1	18	0	1	0	9	1	0	0	0	0	1	22
15	31000206	493034	13	3	1	6	0	0	1	7	0	0	1	1	0	3	7
15	31500072	492945	14	13	0	9	0	2	0	7	0	0	0	2	0	3	8
15	32000116	493302	2	1	0	4	0	0	0	0	0	0	3	0	0	0	0
15	32500031	492994	5	2	0	2	0	0	0	0	0	1	2	0	0	0	13
15	33000010	493066	11	0	0	1	0	0	0	3	0	0	1	0	0	2	2
15	33500202	493158	27	29	3	18	0	0	1	31	0	1	0	2	1	2	15
15	34000030	492732	20	15	2	16	1	1	0	10	0	1	0	1	0	0	14
15	34500038	492631	4	6	1	3	0	0	0	4	0	0	0	0	0	0	4
15	35000093	493138	19	7	2	9	0	0	1	5	0	0	0	0	0	0	6
15	35500077	492602	20	8	0	5	0	3	1	2	0	0	0	0	0	0	6
15	36000027	493021	11	7	2	4	0	0	0	0	0	1	0	0	0	0	3
15	36500116	493512	52	15	0	18	2	1	0	8	0	1	0	3	1	2	22
15	37000020	493058	38	36	2	42	2	1	0	33	1	2	1	1	0	1	41
15	37500271	493588	3	1	0	1	1	0	0	0	0	0	2	0	1	0	8
15	38000007	492692	26	23	2	27	0	1	2	23	2	2	1	1	0	0	24
15	38500145	493352	25	23	1	13	0	0	2	8	2	0	1	1	0	0	13
15	39000031	492963	16	21	1	24	0	1	0	12	2	1	1	0	1	0	10
15	39500038	493147	37	16	1	31	2	3	3	17	1	0	1	1	2	4	24
15	40000112	493048	25	11	2	16	1	0	2	11	0	1	1	2	0	0	17
15	40500030	492522	58	32	1	28	1	1	3	20	2	2	0	0	1	2	23
15	41000010	493171	30	14	2	10	0	1	1	5	1	1	0	3	1	1	10
15	41500242	493663	53	41	2	25	1	3	0	23	0	3	1	1	0	4	28
15	42000020	492168	17	21	1	9	0	0	0	8	1	0	0	0	0	1	9
15	42500123	491671	44	17	1	13	1	1	1	11	1	2	0	1	3	1	11
15	43000012	491127	67	41	5	41	3	1	0	24	2	1	4	4	1	3	22
15	43500032	493732	21	10	0	12	2	0	0	6	1	0	1	0	4	2	10
15	44000012	493335	33	16	1	25	0	1	0	17	0	1	1	1	2	2	19
15	44500052	493435	36	19	0	5	0	1	0	6	2	1	0	0	0	1	11
15	45000014	493169	8	1	0	3	1	0	0	1	0	1	0	0	1	0	4
15	45500070	492832	30	13	1	20	0	1	1	13	0	0	1	1	0	1	14
15	46000234	492748	19	8	3	22	2	0	0	12	0	2	0	0	0	3	21
15	46500046	493108	14	2	0	5	0	1	0	1	0	0	0	1	0	0	4
15	47000093	493133	17	8	2	12	0	0	2	13	1	4	1	0	1	1	16
15	47500056	492486	15	10	0	5	0	0	0	2	0	1	0	0	1	1	11
15	48000144	493044	20	6	0	3	0	0	0	1	0	0	0	0	0	0	6
15	48500041	493079	8	5	0	3	0	0	0	0	0	0	0	1	0	0	0
15	49000066	494033	39	12	0	6	1	1	1	13	0	0	1	5	0	0	11
15	49500017	493495	20	6	0	13	0	1	0	2	1	1	0	1	0	0	9
15	50000186	492291	17	3	0	1	0	0	0	1	0	1	0	2	0	0	1
15	50500155	493155	19	7	0	5	0	0	0	2	2	1	0	0	0	0	5
15	51000177	492572	28	8	1	13	2	2	1	5	0	2	0	1	0	0	10
15	51500044	492645	13	5	0	6	1	0	0	3	0	1	0	1	1	0	5
15	52000024	493129	14	4	1	4	0	0	1	1	0	0	0	0	0	0	4
15	52500224	493146	6	3	0	9	0	0	0	2	0	0	1	0	0	0	5
15	53000034	491466	2	0	0	0	0	0	0	0	0	0	0	0	0	0	5
15	53500035	491996	7	2	0	1	0	0	0	1	0	0	0	0	1	0	1
15	54000012	492297	15	8	0	8	0	0	0	2	0	0	0	0	0	0	16
15	54500067	492720	9	4	1	2	0	0	0	2	0	0	0	0	0	1	13
15	55000233	492779	12	7	1	8	0	0	0	5	1	1	0	0	0	0	4
15	55500059	492077	15	2	0	7	0	0	2	2	1	0	0	2	0	0	5
15	56000030	493055	11	9	2	5	0	0	0	2	0	0	0	0	0	0	6
15	56500156	493396	18	4	0	0	1	2	1	2	1	1	0	1	0	0	5
15	57000054	492422	21	14	0	13	0	0	0	6	1	1	0	1	1	1	11
15	57500095	492111	8	10	0	5	1	1	1	3	0	0	0	0	0	0	3
15	58000030	491281	15	6	0	3	1	1	0	4	1	1	2	1	0	0	8
15	58500040	492344	17	3	0	3	0	1	0	0	0	0	0	0	1	0	10
15	59000170	492736	11	16	1	10	0	2	0	4	0	0	0	0	0	1	8
15	59500036	492212	20	15	2	9	2	2	1	6	1	1	1	3	3	3	6
15	60000028	492364	6	3	0	3	0	0	0	3	0	2	0	0	0	2	7
15	60500098	492390	19	5	0	5	0	1	0	1	0	0	0	0	0	1	4
15	61000124	492968	21	6	0	9	0	1	0	7	0	1	0	1	0	0	8
15	61500068	491319	15	3	0	2	1	0	0	3	3	1	1	0	1	0	4
15	62000143	492262	17	5	1	5	0	1	1	5	0	0	0	0	0	0	3
15	62500048	490527	1	3	0	4	0	0	0	0	0	0	1	0	0	0	1
15	63000001	489885	9	3	0	3	1	1	0	5	0	0	1	0	0	0	7
15	63500330	490619	18	8	1	2	0	1	0	3	0	1	1	0	1	0	5
15	64000014	489984	13	8	1	8	0	0	2	5	0	2	0	0	0	0	3
15	64190797	187829	12	8	0	2	0	0	0	0	0	0	0	0	0	0	1
