#chrom	coord	total	dtotal	T12	T34	T1234	DFO_left	DFO_right	DFO_total	DFO_stat	DFO_chisq	DFO_Pvalue	DIL_left	DIL_right	DIL_total	DIL_stat	DIL_chisq	DIL_Pvalue	DFI_left	DFI_right	DFI_total	DFI_stat	DFI_chisq	DFI_Pvalue	DOL_left	DOL_right	DOL_total	DOL_stat	DOL_chisq	DOL_Pvalue	introgression	introgna	intrognone	introg13	introg14	introg23	introg24	introg31	introg41	introg32	introg42	introg123	introg124
14	500111	497209	7796.0	0.00317371568093	0.00310432836091	0.00347891932769	1633.0	2595.0	4228.0	-0.227530747398	218.884578997	0.0	1510.0	2718.0	4228.0	-0.285714285714	345.142857143	0.0	2550.0	1805.0	4355.0	0.171067738232	127.445464983	0.0	2427.0	1928.0	4355.0	0.114580941447	57.1758897819	3.9857006584e-14	none	0	1	0	0	0	0	0	0	0	0	0	0
14	1000118	497101	3535.0	0.00145745029682	0.00181954974945	0.00169281494103	561.0	1471.0	2032.0	-0.447834645669	407.529527559	0.0	526.0	1506.0	2032.0	-0.482283464567	472.637795276	0.0	1252.0	400.0	1652.0	0.515738498789	439.409200969	0.0	1217.0	435.0	1652.0	0.473365617433	370.171912833	0.0	none	0	1	0	0	0	0	0	0	0	0	0	0
14	1500377	496956	4659.0	0.00208670385306	0.00204344046555	0.0021314764285	857.0	1588.0	2445.0	-0.298977505112	218.552556237	0.0	694.0	1751.0	2445.0	-0.432310838446	456.952556237	0.0	1845.0	692.0	2537.0	0.454473787939	524.008277493	0.0	1682.0	855.0	2537.0	0.325975561687	269.581789515	0.0	none	0	1	0	0	0	0	0	0	0	0	0	0
14	2000013	496427	4291.0	0.00191166072756	0.00194389104541	0.00197813575813	805.0	1420.0	2225.0	-0.276404494382	169.988764045	0.0	682.0	1543.0	2225.0	-0.386966292135	333.177977528	0.0	1814.0	497.0	2311.0	0.56988316746	750.536131545	0.0	1691.0	620.0	2311.0	0.463435742103	496.339679792	0.0	none	0	1	0	0	0	0	0	0	0	0	0	0
14	2500024	496924	4917.0	0.00207275156764	0.00211903631139	0.00221160579887	885.0	1686.0	2571.0	-0.311551925321	249.553092182	0.0	772.0	1799.0	2571.0	-0.3994554648	410.240762349	0.0	2033.0	682.0	2715.0	0.497605893186	672.265561694	0.0	1920.0	795.0	2715.0	0.414364640884	466.160220994	0.0	none	0	1	0	0	0	0	0	0	0	0	0	0
14	3000109	498431	6024.0	0.00246473433635	0.00270649297496	0.00277922119611	1149.0	2200.0	3349.0	-0.313825022395	329.830098537	0.0	1068.0	2281.0	3349.0	-0.362197670947	439.345774858	0.0	2223.0	935.0	3158.0	0.407853071564	525.314756175	0.0	2142.0	1016.0	3158.0	0.356554781507	401.480683977	0.0	none	0	1	0	0	0	0	0	0	0	0	0	0
14	3500076	497843	4058.0	0.00169732224818	0.0020267433709	0.00194137509215	679.0	1596.0	2275.0	-0.403076923077	369.621538462	0.0	655.0	1620.0	2275.0	-0.424175824176	409.32967033	0.0	1521.0	444.0	1965.0	0.548091603053	590.294656489	0.0	1497.0	468.0	1965.0	0.523664122137	538.850381679	0.0	none	0	1	0	0	0	0	0	0	0	0	0	0
14	4000219	498214	3857.0	0.00157261738931	0.00192788641026	0.00184358528664	699.0	1500.0	2199.0	-0.364256480218	291.769440655	0.0	670.0	1529.0	2199.0	-0.390632105503	335.552978627	0.0	1449.0	420.0	1869.0	0.550561797753	566.528089888	0.0	1420.0	449.0	1869.0	0.519529159979	504.462814339	0.0	none	0	1	0	0	0	0	0	0	0	0	0	0
14	4500070	497566	3890.0	0.0015806948224	0.002002749384	0.00186105963832	894.0	1370.0	2264.0	-0.210247349823	100.077738516	0.0	803.0	1461.0	2264.0	-0.290636042403	191.238515901	0.0	1453.0	330.0	1783.0	0.629837352776	707.307347168	0.0	1362.0	421.0	1783.0	0.527762198542	496.624228828	0.0	none	0	1	0	0	0	0	0	0	0	0	0	0
14	5000245	498378	4275.0	0.00177676382184	0.00223123813651	0.00205516696162	774.0	1679.0	2453.0	-0.368935996739	333.887077049	0.0	749.0	1704.0	2453.0	-0.389319200978	371.799836934	0.0	1542.0	391.0	1933.0	0.595447490947	685.36006208	0.0	1517.0	416.0	1933.0	0.569580962235	627.108639421	0.0	none	0	1	0	0	0	0	0	0	0	0	0	0
14	5500075	497553	4189.0	0.00165510005969	0.00227211975408	0.00205204269696	706.0	1768.0	2474.0	-0.429264349232	455.878738884	0.0	675.0	1799.0	2474.0	-0.45432497979	510.661277284	0.0	1480.0	370.0	1850.0	0.6	666.0	0.0	1449.0	401.0	1850.0	0.566486486486	593.677837838	0.0	none	0	1	0	0	0	0	0	0	0	0	0	0
14	6000015	496921	3405.0	0.00146904638766	0.00176989903828	0.00166173295152	602.0	1295.0	1897.0	-0.365313653137	253.162361624	0.0	589.0	1308.0	1897.0	-0.379019504481	272.515023722	0.0	1278.0	319.0	1597.0	0.600500939261	575.880400751	0.0	1265.0	332.0	1597.0	0.584220413275	545.077645585	0.0	none	0	1	0	0	0	0	0	0	0	0	0	0
14	6500002	497437	3435.0	0.00146048645356	0.00181027949268	0.00167156845993	547.0	1370.0	1917.0	-0.429316640584	353.327595201	0.0	529.0	1388.0	1917.0	-0.448095983307	384.914449661	0.0	1373.0	237.0	1610.0	0.705590062112	801.550310559	0.0	1355.0	255.0	1610.0	0.683229813665	751.552795031	0.0	none	0	1	0	0	0	0	0	0	0	0	0	0
14	7000057	497397	3375.0	0.00141034224171	0.00180338844022	0.0016350118718	625.0	1316.0	1941.0	-0.356002060793	245.997424008	0.0	572.0	1369.0	1941.0	-0.410613086038	327.258629572	0.0	1253.0	288.0	1541.0	0.626216742375	604.299156392	0.0	1200.0	341.0	1541.0	0.557430240104	478.832576249	0.0	none	0	1	0	0	0	0	0	0	0	0	0	0
14	7500019	497325	3267.0	0.00134419142412	0.00180566028251	0.00160207108028	543.0	1355.0	1898.0	-0.427818756586	347.388830348	0.0	531.0	1367.0	1898.0	-0.440463645943	368.227608008	0.0	1177.0	254.0	1431.0	0.64500349406	595.338225017	0.0	1165.0	266.0	1431.0	0.62823200559	564.780573026	0.0	none	0	1	0	0	0	0	0	0	0	0	0	0
14	8000047	497549	3611.0	0.00147322173293	0.00191036460731	0.00174806903441	659.0	1437.0	2096.0	-0.371183206107	288.780534351	0.0	642.0	1454.0	2096.0	-0.387404580153	314.572519084	0.0	1285.0	355.0	1640.0	0.567073170732	527.37804878	0.0	1268.0	372.0	1640.0	0.546341463415	489.52195122	0.0	none	0	1	0	0	0	0	0	0	0	0	0	0
14	8500034	497999	3765.0	0.00164558563371	0.00197389954598	0.00187801581931	527.0	1565.0	2092.0	-0.496175908222	515.030592734	0.0	518.0	1574.0	2092.0	-0.504780114723	533.047801147	0.0	1414.0	352.0	1766.0	0.601359003398	638.643261608	0.0	1405.0	361.0	1766.0	0.591166477916	617.177802945	0.0	none	0	1	0	0	0	0	0	0	0	0	0	0
14	9000037	497927	3607.0	0.00152431983002	0.00190088105285	0.00173971284947	649.0	1384.0	2033.0	-0.361534677816	265.727988195	0.0	597.0	1436.0	2033.0	-0.412690605017	346.247417609	0.0	1346.0	336.0	1682.0	0.600475624257	606.480380499	0.0	1294.0	388.0	1682.0	0.538644470868	488.011890606	0.0	none	0	1	0	0	0	0	0	0	0	0	0	0
14	9500008	497855	3470.0	0.00142913097187	0.00183788452461	0.00166263269426	649.0	1363.0	2012.0	-0.354870775348	253.377733598	0.0	588.0	1424.0	2012.0	-0.41550695825	347.363817097	0.0	1239.0	338.0	1577.0	0.571337983513	514.775523145	0.0	1178.0	399.0	1577.0	0.493975903614	384.807228916	0.0	none	0	1	0	0	0	0	0	0	0	0	0	0
14	10000264	497867	4057.0	0.00163597908678	0.00206782132578	0.00194228579119	818.0	1500.0	2318.0	-0.294219154443	200.65746333	0.0	766.0	1552.0	2318.0	-0.339085418464	266.521138913	0.0	1455.0	462.0	1917.0	0.51799687011	514.370892019	0.0	1403.0	514.0	1917.0	0.463745435576	412.269692227	0.0	none	0	1	0	0	0	0	0	0	0	0	0	0
14	10500147	497575	4191.0	0.00168718283676	0.00195749384515	0.00191579158921	942.0	1467.0	2409.0	-0.217932752179	114.414694894	0.0	892.0	1517.0	2409.0	-0.259443752594	162.152345372	0.0	1588.0	516.0	2104.0	0.509505703422	546.190114068	0.0	1538.0	566.0	2104.0	0.461977186312	449.041825095	0.0	none	0	1	0	0	0	0	0	0	0	0	0	0
14	11000270	497520	4393.0	0.00180595754945	0.00207730342499	0.0020612236694	811.0	1629.0	2440.0	-0.335245901639	274.231147541	0.0	896.0	1544.0	2440.0	-0.265573770492	172.091803279	0.0	1432.0	784.0	2216.0	0.292418772563	189.487364621	0.0	1517.0	699.0	2216.0	0.369133574007	301.951263538	0.0	none	0	1	0	0	0	0	0	0	0	0	0	0
14	11500171	497140	4166.0	0.00176811360985	0.00193708009816	0.00194713762723	752.0	1509.0	2261.0	-0.334807607253	253.449358691	0.0	721.0	1540.0	2261.0	-0.362229102167	296.665634675	0.0	1505.0	647.0	2152.0	0.398698884758	342.083643123	0.0	1474.0	678.0	2152.0	0.369888475836	294.431226766	0.0	none	0	1	0	0	0	0	0	0	0	0	0	0
14	12000033	497240	4233.0	0.00182306330947	0.00203020674121	0.00208048427319	759.0	1537.0	2296.0	-0.338850174216	263.62543554	0.0	749.0	1547.0	2296.0	-0.34756097561	277.353658537	0.0	1460.0	671.0	2131.0	0.370248709526	292.126231816	0.0	1450.0	681.0	2131.0	0.360863444392	277.503988738	0.0	none	0	1	0	0	0	0	0	0	0	0	0	0
14	12500001	496745	4236.0	0.00183091928454	0.00199800702574	0.00210268850215	835.0	1457.0	2292.0	-0.271378708551	168.797556719	0.0	821.0	1471.0	2292.0	-0.283595113438	184.336823735	0.0	1500.0	636.0	2136.0	0.404494382022	349.483146067	0.0	1486.0	650.0	2136.0	0.39138576779	327.198501873	0.0	none	0	1	0	0	0	0	0	0	0	0	0	0
14	13000484	498006	4274.0	0.00165961855881	0.00210740432846	0.00197487580471	950.0	1563.0	2513.0	-0.243931555909	149.530043772	0.0	999.0	1514.0	2513.0	-0.204934341425	105.541185834	0.0	1414.0	644.0	2058.0	0.374149659864	288.095238095	0.0	1463.0	595.0	2058.0	0.421768707483	366.095238095	0.0	none	0	1	0	0	0	0	0	0	0	0	0	0
14	13500039	497514	4075.0	0.00157985503926	0.00209039343616	0.00192758394739	858.0	1555.0	2413.0	-0.288852051388	201.329879818	0.0	779.0	1634.0	2413.0	-0.354330708661	302.952755906	0.0	1485.0	380.0	1865.0	0.592493297587	654.705093834	0.0	1406.0	459.0	1865.0	0.507774798928	480.862734584	0.0	none	0	1	0	0	0	0	0	0	0	0	0	0
14	14000218	497593	4054.0	0.00170319920095	0.00197651494294	0.00190818600744	864.0	1414.0	2278.0	-0.241439859526	132.791922739	0.0	867.0	1411.0	2278.0	-0.238805970149	129.910447761	0.0	1428.0	551.0	1979.0	0.44315310763	388.645275392	0.0	1431.0	548.0	1979.0	0.44618494189	393.981303689	0.0	none	0	1	0	0	0	0	0	0	0	0	0	0
14	14500183	497431	4110.0	0.00164042852174	0.00198620512192	0.00186458021314	944.0	1425.0	2369.0	-0.20303925707	97.6618826509	0.0	827.0	1542.0	2369.0	-0.301815111862	215.797804981	0.0	1584.0	454.0	2038.0	0.554465161923	626.545632974	0.0	1467.0	571.0	2038.0	0.439646712463	393.923454367	0.0	none	0	1	0	0	0	0	0	0	0	0	0	0
14	15000137	497115	4321.0	0.00169679048108	0.0021584542812	0.00203323174718	943.0	1541.0	2484.0	-0.240740740741	143.962962963	0.0	915.0	1569.0	2484.0	-0.263285024155	172.188405797	0.0	1492.0	555.0	2047.0	0.457743038593	428.905227162	0.0	1464.0	583.0	2047.0	0.43038593063	379.170004885	0.0	none	0	1	0	0	0	0	0	0	0	0	0	0
14	15500080	497315	4545.0	0.00180971818666	0.00205805173783	0.00205654363934	856.0	1706.0	2562.0	-0.331772053084	282.006245121	0.0	868.0	1694.0	2562.0	-0.322404371585	266.306010929	0.0	1562.0	775.0	2337.0	0.33675652546	265.027385537	0.0	1574.0	763.0	2337.0	0.34702610184	281.438168592	0.0	none	0	1	0	0	0	0	0	0	0	0	0	0
14	16000003	497507	4452.0	0.00175273915744	0.00215172851839	0.00210399049662	973.0	1603.0	2576.0	-0.244565217391	154.076086957	0.0	966.0	1610.0	2576.0	-0.25	161.0	0.0	1555.0	618.0	2173.0	0.431201104464	404.035434883	0.0	1548.0	625.0	2173.0	0.424758398527	392.052001841	0.0	none	0	1	0	0	0	0	0	0	0	0	0	0
14	16500025	497626	4292.0	0.0017201673546	0.00215020919325	0.00201356038471	869.0	1598.0	2467.0	-0.295500608026	215.419943251	0.0	815.0	1652.0	2467.0	-0.339278475882	283.976084313	0.0	1553.0	504.0	2057.0	0.509965969859	534.954302382	0.0	1499.0	558.0	2057.0	0.457462323772	430.47204667	0.0	none	0	1	0	0	0	0	0	0	0	0	0	0
14	17000009	497683	4134.0	0.00167677015289	0.00210475342738	0.00196611095818	839.0	1561.0	2400.0	-0.300833333333	217.201666667	0.0	884.0	1516.0	2400.0	-0.263333333333	166.426666667	0.0	1424.0	483.0	1907.0	0.493445201888	464.331934976	0.0	1469.0	438.0	1907.0	0.540639748296	557.399580493	0.0	none	0	1	0	0	0	0	0	0	0	0	0	0
14	17500528	498246	4372.0	0.00185450560566	0.00209334344882	0.00207628360288	875.0	1601.0	2476.0	-0.293214862682	212.873990307	0.0	823.0	1653.0	2476.0	-0.3352180937	278.231017771	0.0	1655.0	461.0	2116.0	0.56427221172	673.741020794	0.0	1603.0	513.0	2116.0	0.515122873346	561.483931947	0.0	none	0	1	0	0	0	0	0	0	0	0	0	0
14	18000124	497531	3639.0	0.00154462736995	0.00181596724626	0.00172552062083	740.0	1292.0	2032.0	-0.271653543307	149.952755906	0.0	721.0	1311.0	2032.0	-0.290354330709	171.309055118	0.0	1338.0	420.0	1758.0	0.522184300341	479.365187713	0.0	1319.0	439.0	1758.0	0.500568828214	440.500568828	0.0	none	0	1	0	0	0	0	0	0	0	0	0	0
14	18500010	497607	4166.0	0.00162377136978	0.00217842594658	0.00196138719914	820.0	1652.0	2472.0	-0.336569579288	280.025889968	0.0	806.0	1666.0	2472.0	-0.347896440129	299.190938511	0.0	1413.0	471.0	1884.0	0.5	471.0	0.0	1399.0	485.0	1884.0	0.485138004246	443.416135881	0.0	none	0	1	0	0	0	0	0	0	0	0	0	0
14	19000097	497680	4340.0	0.00173906928147	0.0020957241601	0.00198370438836	863.0	1612.0	2475.0	-0.302626262626	226.667070707	0.0	836.0	1639.0	2475.0	-0.324444444444	260.528888889	0.0	1525.0	607.0	2132.0	0.430581613508	395.273921201	0.0	1498.0	634.0	2132.0	0.405253283302	350.138836773	0.0	none	0	1	0	0	0	0	0	0	0	0	0	0
14	19500010	497473	4000.0	0.00163425954775	0.00201015934533	0.00192573265283	841.0	1450.0	2291.0	-0.26582278481	161.886075949	0.0	810.0	1481.0	2291.0	-0.292885202968	196.525971192	0.0	1410.0	474.0	1884.0	0.496815286624	465.01910828	0.0	1379.0	505.0	1884.0	0.463906581741	405.454352442	0.0	none	0	1	0	0	0	0	0	0	0	0	0	0
14	20000062	498240	4189.0	0.00168693802184	0.00215057000642	0.00197996949261	849.0	1590.0	2439.0	-0.30381303813	225.125461255	0.0	832.0	1607.0	2439.0	-0.317753177532	246.258712587	0.0	1472.0	465.0	1937.0	0.519876097057	523.515229737	0.0	1455.0	482.0	1937.0	0.502323180176	488.760454311	0.0	none	0	1	0	0	0	0	0	0	0	0	0	0
14	20500019	498175	3682.0	0.00146434485873	0.0019762131781	0.00180559040498	760.0	1428.0	2188.0	-0.305301645338	203.941499086	0.0	735.0	1453.0	2188.0	-0.328153564899	235.614259598	0.0	1301.0	344.0	1645.0	0.581762917933	556.747112462	0.0	1276.0	369.0	1645.0	0.551367781155	500.090577508	0.0	none	0	1	0	0	0	0	0	0	0	0	0	0
14	21000246	497982	4479.0	0.00176211188356	0.00226313400886	0.00210399171054	898.0	1743.0	2641.0	-0.319954562666	270.361605452	0.0	913.0	1728.0	2641.0	-0.30859522908	251.5051117	0.0	1567.0	518.0	2085.0	0.503117505995	527.770263789	0.0	1582.0	503.0	2085.0	0.517505995204	558.388968825	0.0	none	0	1	0	0	0	0	0	0	0	0	0	0
14	21500027	497953	4151.0	0.00171602540802	0.00213775195651	0.0020021969945	801.0	1591.0	2392.0	-0.330267558528	260.911371237	0.0	763.0	1629.0	2392.0	-0.362040133779	313.526755853	0.0	1482.0	415.0	1897.0	0.562467053242	600.152345809	0.0	1444.0	453.0	1897.0	0.522403795467	517.702161307	0.0	none	0	1	0	0	0	0	0	0	0	0	0	0
14	22000024	497830	3838.0	0.00157784785971	0.001940421429	0.00187564027881	848.0	1361.0	2209.0	-0.232231779086	119.134902671	0.0	844.0	1365.0	2209.0	-0.235853327297	122.879583522	0.0	1311.0	470.0	1781.0	0.472206625491	397.125772038	0.0	1307.0	474.0	1781.0	0.467714766985	389.606400898	0.0	none	0	1	0	0	0	0	0	0	0	0	0	0
14	22500001	497565	4324.0	0.00166410418739	0.00216755599771	0.00201430968818	1033.0	1548.0	2581.0	-0.199535063929	102.760557923	0.0	931.0	1650.0	2581.0	-0.278574196048	200.294846959	0.0	1551.0	448.0	1999.0	0.551775887944	608.608804402	0.0	1449.0	550.0	1999.0	0.449724862431	404.302651326	0.0	none	0	1	0	0	0	0	0	0	0	0	0	0
14	23000091	497460	4663.0	0.00181522132433	0.00219615647489	0.00210519438749	1214.0	1538.0	2752.0	-0.11773255814	38.1453488372	6.56660836817e-10	1037.0	1715.0	2752.0	-0.24636627907	167.036337209	0.0	1741.0	547.0	2288.0	0.521853146853	623.092657343	0.0	1564.0	724.0	2288.0	0.367132867133	308.391608392	0.0	none	0	1	0	0	0	0	0	0	0	0	0	0
14	23500004	497786	4207.0	0.00166637872499	0.0021485136183	0.00199885091184	893.0	1544.0	2437.0	-0.267131719327	173.902749282	0.0	855.0	1582.0	2437.0	-0.298317603611	216.876897825	0.0	1457.0	487.0	1944.0	0.498971193416	484.002057613	0.0	1419.0	525.0	1944.0	0.45987654321	411.12962963	0.0	none	0	1	0	0	0	0	0	0	0	0	0	0
14	24000007	497748	4205.0	0.00165746522337	0.00213762787595	0.00196987230486	868.0	1602.0	2470.0	-0.297165991903	218.119838057	0.0	864.0	1606.0	2470.0	-0.3004048583	222.900404858	0.0	1458.0	495.0	1953.0	0.493087557604	474.843317972	0.0	1454.0	499.0	1953.0	0.488991295443	466.986687148	0.0	none	0	1	0	0	0	0	0	0	0	0	0	0
14	24500047	497325	4306.0	0.00174232141959	0.00215754285427	0.00210375508973	923.0	1568.0	2491.0	-0.258932155761	167.011240466	0.0	929.0	1562.0	2491.0	-0.254114813328	160.854676837	0.0	1484.0	551.0	2035.0	0.458476658477	427.758722359	0.0	1490.0	545.0	2035.0	0.464373464373	438.832923833	0.0	none	0	1	0	0	0	0	0	0	0	0	0	0
14	25000001	496824	4346.0	0.00160117063588	0.00221607651804	0.00207367196432	1012.0	1641.0	2653.0	-0.237090086694	149.129664531	0.0	1074.0	1579.0	2653.0	-0.190350546551	96.1270260083	0.0	1306.0	651.0	1957.0	0.334695963209	219.225855902	0.0	1368.0	589.0	1957.0	0.398058252427	310.087378641	0.0	none	0	1	0	0	0	0	0	0	0	0	0	0
14	25500106	497174	4461.0	0.00167245270268	0.00214210718984	0.00205410982875	1258.0	1459.0	2717.0	-0.073978652926	14.8697092381	0.000115198034142	1164.0	1553.0	2717.0	-0.143172616857	55.6941479573	8.47100167789e-14	1487.0	575.0	2062.0	0.442289039767	403.367604268	0.0	1393.0	669.0	2062.0	0.35111542192	254.20756547	0.0	none	0	1	0	0	0	0	0	0	0	0	0	0
14	26000008	497543	4264.0	0.00178678023809	0.00202193579248	0.00200284196542	835.0	1534.0	2369.0	-0.29506120726	206.247783875	0.0	838.0	1531.0	2369.0	-0.292528493035	202.722245673	0.0	1476.0	678.0	2154.0	0.370473537604	295.637883008	0.0	1479.0	675.0	2154.0	0.373259052925	300.100278552	0.0	none	0	1	0	0	0	0	0	0	0	0	0	0
14	26500092	497931	4578.0	0.00188781176508	0.00214085887402	0.00212077577014	924.0	1657.0	2581.0	-0.283998450213	208.170864006	0.0	942.0	1639.0	2581.0	-0.270050368074	188.225106548	0.0	1582.0	743.0	2325.0	0.360860215054	302.76172043	0.0	1600.0	725.0	2325.0	0.376344086022	329.301075269	0.0	none	0	1	0	0	0	0	0	0	0	0	0	0
14	27000069	497086	4436.0	0.00179546396398	0.00216763296492	0.00213142192699	952.0	1598.0	2550.0	-0.253333333333	163.653333333	0.0	950.0	1600.0	2550.0	-0.254901960784	165.68627451	0.0	1485.0	637.0	2122.0	0.399622997172	338.880301602	0.0	1483.0	639.0	2122.0	0.397737983035	335.690857681	0.0	none	0	1	0	0	0	0	0	0	0	0	0	0
14	27500131	497175	4659.0	0.00177704027757	0.00226479609795	0.00216674209282	1039.0	1723.0	2762.0	-0.247646632875	169.390296886	0.0	1058.0	1704.0	2762.0	-0.233888486604	151.091962346	0.0	1535.0	711.0	2246.0	0.366874443455	302.304541407	0.0	1554.0	692.0	2246.0	0.383793410508	330.829919858	0.0	none	0	1	0	0	0	0	0	0	0	0	0	0
14	28000009	496877	4545.0	0.0018183574607	0.00208301048348	0.00208351362611	1005.0	1593.0	2598.0	-0.226327944573	133.080831409	0.0	996.0	1602.0	2598.0	-0.233256351039	141.35334873	0.0	1514.0	794.0	2308.0	0.311958405546	224.610051993	0.0	1505.0	803.0	2308.0	0.304159445407	213.519930676	0.0	none	0	1	0	0	0	0	0	0	0	0	0	0
14	28500039	497579	4185.0	0.00163089680232	0.00210016901839	0.00199315083635	921.0	1545.0	2466.0	-0.25304136253	157.897810219	0.0	939.0	1527.0	2466.0	-0.238442822384	140.204379562	0.0	1379.0	582.0	1961.0	0.406425293218	323.920958695	0.0	1397.0	564.0	1961.0	0.42478327384	353.844467109	0.0	none	0	1	0	0	0	0	0	0	0	0	0	0
14	29000022	497708	4288.0	0.00175303591664	0.00199514574811	0.00199866186599	913.0	1499.0	2412.0	-0.242951907131	142.369817579	0.0	913.0	1499.0	2412.0	-0.242951907131	142.369817579	0.0	1517.0	613.0	2130.0	0.42441314554	383.669483568	0.0	1517.0	613.0	2130.0	0.42441314554	383.669483568	0.0	none	0	1	0	0	0	0	0	0	0	0	0	0
14	29500049	497717	4341.0	0.00168167854423	0.00208351332183	0.00197903627965	938.0	1626.0	2564.0	-0.268330733229	184.611544462	0.0	939.0	1625.0	2564.0	-0.267550702028	183.539781591	0.0	1475.0	639.0	2114.0	0.39545884579	330.60359508	0.0	1476.0	638.0	2114.0	0.396404919584	332.187322611	0.0	none	0	1	0	0	0	0	0	0	0	0	0	0
14	30000092	497467	4350.0	0.00177097174285	0.00208154510751	0.0020247574211	871.0	1615.0	2486.0	-0.299275945294	222.661303298	0.0	928.0	1558.0	2486.0	-0.253419147224	159.654062751	0.0	1454.0	703.0	2157.0	0.348168752898	261.474733426	0.0	1511.0	646.0	2157.0	0.401019935095	346.882243857	0.0	none	0	1	0	0	0	0	0	0	0	0	0	0
14	30500001	497640	4126.0	0.00168696246282	0.00206374085684	0.00196778795917	887.0	1479.0	2366.0	-0.250211327134	148.125105664	0.0	860.0	1506.0	2366.0	-0.27303465765	176.380388842	0.0	1478.0	477.0	1955.0	0.512020460358	512.532480818	0.0	1451.0	504.0	1955.0	0.484398976982	458.725831202	0.0	none	0	1	0	0	0	0	0	0	0	0	0	0
14	31000017	497910	4117.0	0.00170713582776	0.00207567632705	0.00194764113997	900.0	1471.0	2371.0	-0.24082665542	137.512020245	0.0	850.0	1521.0	2371.0	-0.283002952341	189.894981021	0.0	1421.0	503.0	1924.0	0.477130977131	438.006237006	0.0	1371.0	553.0	1924.0	0.425155925156	347.777546778	0.0	none	0	1	0	0	0	0	0	0	0	0	0	0
14	31500116	497561	4621.0	0.00181284304839	0.0022580145952	0.00218515920661	986.0	1708.0	2694.0	-0.268002969562	193.498144024	0.0	948.0	1746.0	2694.0	-0.296213808463	236.378619154	0.0	1593.0	624.0	2217.0	0.437077131258	423.527740189	0.0	1555.0	662.0	2217.0	0.402796571944	359.697338746	0.0	none	0	1	0	0	0	0	0	0	0	0	0	0
14	32000017	497802	4269.0	0.00169947087396	0.00210023262261	0.0020103374434	931.0	1552.0	2483.0	-0.250100684656	155.312525171	0.0	886.0	1597.0	2483.0	-0.286347160693	203.592831253	0.0	1495.0	538.0	2033.0	0.470732907034	450.491392031	0.0	1450.0	583.0	2033.0	0.426463354648	369.74372848	0.0	none	0	1	0	0	0	0	0	0	0	0	0	0
14	32500006	497870	4187.0	0.00165705907165	0.00211500994235	0.00195934681744	874.0	1561.0	2435.0	-0.282135523614	193.827104723	0.0	878.0	1557.0	2435.0	-0.278850102669	189.339219713	0.0	1438.0	548.0	1986.0	0.448136958711	398.841893253	0.0	1442.0	544.0	1986.0	0.452165156093	406.044310171	0.0	none	0	1	0	0	0	0	0	0	0	0	0	0
14	33000137	498051	4078.0	0.00163437077729	0.00202388911979	0.00189639213655	949.0	1426.0	2375.0	-0.200842105263	95.8016842105	0.0	930.0	1445.0	2375.0	-0.216842105263	111.673684211	0.0	1434.0	512.0	1946.0	0.473792394656	436.836587873	0.0	1415.0	531.0	1946.0	0.454265159301	401.570400822	0.0	none	0	1	0	0	0	0	0	0	0	0	0	0
14	33500002	497767	4237.0	0.001653384013	0.00213553730962	0.00195975225356	1015.0	1458.0	2473.0	-0.179134654266	79.3566518399	0.0	958.0	1515.0	2473.0	-0.22523251112	125.454508694	0.0	1521.0	466.0	1987.0	0.530951182687	560.153497735	0.0	1464.0	523.0	1987.0	0.473578258681	445.637141419	0.0	none	0	1	0	0	0	0	0	0	0	0	0	0
14	34000020	497526	4199.0	0.00167930922203	0.002078283346	0.00200240791436	940.0	1513.0	2453.0	-0.233591520587	133.847941296	0.0	858.0	1595.0	2453.0	-0.300448430493	221.430493274	0.0	1411.0	559.0	1970.0	0.432487309645	368.479187817	0.0	1329.0	641.0	1970.0	0.34923857868	240.276142132	0.0	none	0	1	0	0	0	0	0	0	0	0	0	0
14	34500030	497923	4117.0	0.00162776172219	0.00210072641754	0.00200382388442	955.0	1477.0	2432.0	-0.214638157895	112.041118421	0.0	963.0	1469.0	2432.0	-0.208059210526	105.277960526	0.0	1382.0	473.0	1855.0	0.490026954178	445.434501348	0.0	1390.0	465.0	1855.0	0.498652291105	461.253369272	0.0	none	0	1	0	0	0	0	0	0	0	0	0	0
14	35000026	497340	4060.0	0.00158945590542	0.00204085736116	0.00191669682712	958.0	1456.0	2414.0	-0.206296603148	102.735708368	0.0	858.0	1556.0	2414.0	-0.289146644573	201.824357912	0.0	1415.0	475.0	1890.0	0.497354497354	467.513227513	0.0	1315.0	575.0	1890.0	0.391534391534	289.735449735	0.0	none	0	1	0	0	0	0	0	0	0	0	0	0
14	35500018	497311	4427.0	0.00178560297279	0.00220385231776	0.00211638190187	922.0	1602.0	2524.0	-0.26941362916	183.201267829	0.0	902.0	1622.0	2524.0	-0.285261489699	205.388272583	0.0	1514.0	589.0	2103.0	0.439847836424	406.859248692	0.0	1494.0	609.0	2103.0	0.420827389444	372.432239658	0.0	none	0	1	0	0	0	0	0	0	0	0	0	0
14	36000074	497360	4776.0	0.0019131011742	0.0022981341483	0.00220614846389	1174.0	1614.0	2788.0	-0.157819225251	69.4404591105	1.11022302463e-16	1015.0	1773.0	2788.0	-0.271879483501	206.084648494	0.0	1762.0	557.0	2319.0	0.519620526089	626.142733937	0.0	1603.0	716.0	2319.0	0.382492453644	339.270806382	0.0	none	0	1	0	0	0	0	0	0	0	0	0	0
14	36500139	497775	4737.0	0.00180402792426	0.00240470091909	0.00219275777209	1063.0	1755.0	2818.0	-0.24556422995	169.930447126	0.0	984.0	1834.0	2818.0	-0.301632363378	256.387508872	0.0	1646.0	526.0	2172.0	0.515653775322	577.532228361	0.0	1567.0	605.0	2172.0	0.442909760589	426.079189687	0.0	none	0	1	0	0	0	0	0	0	0	0	0	0
14	37000077	497244	4111.0	0.00162194013402	0.00220716589843	0.0020593511435	859.0	1578.0	2437.0	-0.29503487895	212.130077965	0.0	839.0	1598.0	2437.0	-0.311448502257	236.389413213	0.0	1376.0	428.0	1804.0	0.525498891353	498.172949002	0.0	1356.0	448.0	1804.0	0.50332594235	457.019955654	0.0	none	0	1	0	0	0	0	0	0	0	0	0	0
14	37500002	496652	4043.0	0.00168327118385	0.00200442160708	0.00191331153403	814.0	1470.0	2284.0	-0.287215411559	188.413309982	0.0	739.0	1545.0	2284.0	-0.35288966725	284.429071804	0.0	1484.0	500.0	1984.0	0.495967741935	488.032258065	0.0	1409.0	575.0	1984.0	0.420362903226	350.58266129	0.0	none	0	1	0	0	0	0	0	0	0	0	0	0
14	38000068	497775	4496.0	0.00187333634674	0.00216463261514	0.00212344934961	840.0	1676.0	2516.0	-0.332273449921	277.780604134	0.0	800.0	1716.0	2516.0	-0.364069952305	333.488076312	0.0	1585.0	633.0	2218.0	0.429215509468	408.613165014	0.0	1545.0	673.0	2218.0	0.393146979261	342.824165915	0.0	none	0	1	0	0	0	0	0	0	0	0	0	0
14	38500034	497434	4637.0	0.00183541937222	0.00223647760306	0.00217164488153	996.0	1671.0	2667.0	-0.25309336333	170.838020247	0.0	936.0	1731.0	2667.0	-0.298087739033	236.979752531	0.0	1637.0	605.0	2242.0	0.460303300624	475.033006244	0.0	1577.0	665.0	2242.0	0.406779661017	370.983050847	0.0	none	0	1	0	0	0	0	0	0	0	0	0	0
14	39000048	497984	4747.0	0.00193781326308	0.00228923017607	0.00223300346999	990.0	1690.0	2680.0	-0.261194029851	182.835820896	0.0	928.0	1752.0	2680.0	-0.307462686567	253.349253731	0.0	1693.0	658.0	2351.0	0.440238196512	455.64653339	0.0	1631.0	720.0	2351.0	0.387494683114	353.007656316	0.0	none	0	1	0	0	0	0	0	0	0	0	0	0
14	39500071	497529	4943.0	0.00191948610031	0.00241694453992	0.0023028808371	1070.0	1825.0	2895.0	-0.26079447323	196.899827288	0.0	1024.0	1871.0	2895.0	-0.292573402418	247.809671848	0.0	1724.0	634.0	2358.0	0.462256149279	503.859202714	0.0	1678.0	680.0	2358.0	0.423240033927	422.393553859	0.0	none	0	1	0	0	0	0	0	0	0	0	0	0
14	40000012	497695	4533.0	0.00182842905796	0.00225238348788	0.00213584625122	916.0	1717.0	2633.0	-0.304215723509	243.676794531	0.0	921.0	1712.0	2633.0	-0.300417774402	237.630459552	0.0	1564.0	571.0	2135.0	0.465105386417	461.849648712	0.0	1569.0	566.0	2135.0	0.469789227166	471.198594848	0.0	none	0	1	0	0	0	0	0	0	0	0	0	0
14	40500059	497701	3689.0	0.00148985033183	0.00194896132417	0.00175858597833	742.0	1420.0	2162.0	-0.313598519889	212.619796485	0.0	725.0	1437.0	2162.0	-0.329324699352	234.479185939	0.0	1313.0	349.0	1662.0	0.580024067389	559.143200963	0.0	1296.0	366.0	1662.0	0.559566787004	520.397111913	0.0	none	0	1	0	0	0	0	0	0	0	0	0	0
14	41000312	497946	4340.0	0.00176826402863	0.00219300888048	0.00205092520072	931.0	1588.0	2519.0	-0.260817784835	171.357284637	0.0	826.0	1693.0	2519.0	-0.344184200079	298.407701469	0.0	1570.0	474.0	2044.0	0.536203522505	587.679060665	0.0	1465.0	579.0	2044.0	0.433463796477	384.048923679	0.0	none	0	1	0	0	0	0	0	0	0	0	0	0
14	41500087	497710	4511.0	0.00179321291515	0.00216692451428	0.00201924815656	984.0	1640.0	2624.0	-0.25	164.0	0.0	809.0	1815.0	2624.0	-0.383384146341	385.68445122	0.0	1735.0	513.0	2248.0	0.54359430605	664.272241993	0.0	1560.0	688.0	2248.0	0.387900355872	338.24911032	0.0	none	0	1	0	0	0	0	0	0	0	0	0	0
14	42000080	498055	4603.0	0.00177088875727	0.00223870857636	0.00206503297829	1054.0	1675.0	2729.0	-0.227555881275	141.312202272	0.0	848.0	1881.0	2729.0	-0.378526932942	391.01832173	0.0	1714.0	538.0	2252.0	0.522202486679	614.110124334	0.0	1508.0	744.0	2252.0	0.339253996448	259.190053286	0.0	none	0	1	0	0	0	0	0	0	0	0	0	0
14	42500161	498270	5043.0	0.00189555863287	0.00243843699199	0.00224426515744	1132.0	1871.0	3003.0	-0.246087246087	181.858474858	0.0	818.0	2185.0	3003.0	-0.455211455211	622.274059274	0.0	1844.0	640.0	2484.0	0.484702093398	583.581320451	0.0	1530.0	954.0	2484.0	0.231884057971	133.565217391	0.0	none	0	1	0	0	0	0	0	0	0	0	0	0
14	43000027	497584	4776.0	0.00189214283417	0.00231317727258	0.00216295138107	1015.0	1782.0	2797.0	-0.274222381123	210.328566321	0.0	788.0	2009.0	2797.0	-0.436539149088	533.014301037	0.0	1739.0	627.0	2366.0	0.469991546915	522.630600169	0.0	1512.0	854.0	2366.0	0.278106508876	182.99408284	0.0	none	0	1	0	0	0	0	0	0	0	0	0	0
14	43500137	497740	4299.0	0.00176799132077	0.00210853055812	0.0020055651545	853.0	1612.0	2465.0	-0.307910750507	233.704259635	0.0	695.0	1770.0	2465.0	-0.436105476673	468.813387424	0.0	1603.0	489.0	2092.0	0.532504780115	593.210325048	0.0	1445.0	647.0	2092.0	0.381453154876	304.399617591	0.0	none	0	1	0	0	0	0	0	0	0	0	0	0
14	44000031	497465	5073.0	0.00196496235916	0.00252882112309	0.00239966630818	1055.0	1952.0	3007.0	-0.298303957433	267.578649817	0.0	916.0	2091.0	3007.0	-0.390754905221	459.137013635	0.0	1803.0	560.0	2363.0	0.526026237833	653.850613627	0.0	1664.0	699.0	2363.0	0.40837917901	394.085907744	0.0	none	0	1	0	0	0	0	0	0	0	0	0	0
14	44500045	497702	4871.0	0.00191781427441	0.00235884123431	0.00225486335197	998.0	1830.0	2828.0	-0.294200848656	244.775106082	0.0	929.0	1899.0	2828.0	-0.342998585573	332.708628006	0.0	1662.0	732.0	2394.0	0.388471177945	361.278195489	0.0	1593.0	801.0	2394.0	0.330827067669	262.015037594	0.0	none	0	1	0	0	0	0	0	0	0	0	0	0
14	45000263	497724	4500.0	0.00182731795131	0.00221809677653	0.0021191463542	885.0	1691.0	2576.0	-0.312888198758	252.187888199	0.0	818.0	1758.0	2576.0	-0.364906832298	343.01242236	0.0	1593.0	570.0	2163.0	0.472954230236	483.832177531	0.0	1526.0	637.0	2163.0	0.411003236246	365.381877023	0.0	none	0	1	0	0	0	0	0	0	0	0	0	0
14	45500076	496954	3921.0	0.00155145144219	0.00199314222242	0.00183668911006	840.0	1485.0	2325.0	-0.277419354839	178.935483871	0.0	735.0	1590.0	2325.0	-0.367741935484	314.419354839	0.0	1387.0	468.0	1855.0	0.495417789757	455.288948787	0.0	1282.0	573.0	1855.0	0.382210242588	270.987061995	0.0	none	0	1	0	0	0	0	0	0	0	0	0	0
14	46000124	498109	4488.0	0.00175262844076	0.00220032161635	0.00205477114447	993.0	1674.0	2667.0	-0.255343082115	173.88863892	0.0	843.0	1824.0	2667.0	-0.367829021372	360.840269966	0.0	1670.0	509.0	2179.0	0.532813217072	618.596145021	0.0	1520.0	659.0	2179.0	0.395135383203	340.211564938	0.0	none	0	1	0	0	0	0	0	0	0	0	0	0
14	46500071	497830	4956.0	0.00183697246048	0.00236426089227	0.00219201333789	1244.0	1765.0	3009.0	-0.173147224992	90.2097042207	0.0	961.0	2048.0	3009.0	-0.36124958458	392.678298438	0.0	1837.0	583.0	2420.0	0.518181818182	649.8	0.0	1554.0	866.0	2420.0	0.284297520661	195.596694215	0.0	none	0	1	0	0	0	0	0	0	0	0	0	0
14	47000112	497712	4802.0	0.00185348153149	0.00232262834732	0.00220458819558	1087.0	1755.0	2842.0	-0.235045742435	157.010555947	0.0	948.0	1894.0	2842.0	-0.332864180155	314.889514426	0.0	1667.0	654.0	2321.0	0.436449806118	442.123653598	0.0	1528.0	793.0	2321.0	0.31667384748	232.755277897	0.0	none	0	1	0	0	0	0	0	0	0	0	0	0
14	47500093	497724	4644.0	0.00182129051442	0.00234467295127	0.00221558534449	840.0	1873.0	2713.0	-0.38075930704	393.324364173	0.0	836.0	1877.0	2713.0	-0.383708072245	399.440103207	0.0	1518.0	643.0	2161.0	0.404905136511	354.291994447	0.0	1514.0	647.0	2161.0	0.401203146691	347.843128181	0.0	none	0	1	0	0	0	0	0	0	0	0	0	0
14	48000050	497526	5452.0	0.00214260159268	0.00254559560706	0.00252499366867	1227.0	1934.0	3161.0	-0.223663397659	158.130022145	0.0	1124.0	2037.0	3161.0	-0.288832647896	263.704207529	0.0	1960.0	732.0	2692.0	0.456166419019	560.172362556	0.0	1857.0	835.0	2692.0	0.379643387816	387.995542348	0.0	none	0	1	0	0	0	0	0	0	0	0	0	0
14	48500146	498099	4958.0	0.00198956432356	0.00236599551495	0.00231630659768	1094.0	1774.0	2868.0	-0.23709902371	161.227336123	0.0	1045.0	1823.0	2868.0	-0.271269177127	211.047419805	0.0	1755.0	654.0	2409.0	0.45703611457	503.196762142	0.0	1706.0	703.0	2409.0	0.416355334164	417.604400166	0.0	none	0	1	0	0	0	0	0	0	0	0	0	0
14	49000001	497408	4721.0	0.00185360910962	0.00231600617602	0.00224463619403	924.0	1801.0	2725.0	-0.321834862385	282.249174312	0.0	923.0	1802.0	2725.0	-0.322568807339	283.537981651	0.0	1621.0	648.0	2269.0	0.428823270163	417.245041869	0.0	1620.0	649.0	2269.0	0.427941824592	415.531511679	0.0	none	0	1	0	0	0	0	0	0	0	0	0	0
14	49500031	497625	4453.0	0.00178548103492	0.00216026124089	0.00213162521979	902.0	1615.0	2517.0	-0.283273738578	201.974175606	0.0	869.0	1648.0	2517.0	-0.309495431069	241.096940803	0.0	1569.0	612.0	2181.0	0.43878954608	419.921595598	0.0	1536.0	645.0	2181.0	0.408528198074	363.998624484	0.0	none	0	1	0	0	0	0	0	0	0	0	0	0
14	50000086	497356	4435.0	0.0016205695719	0.00219058380717	0.0020322465196	1056.0	1593.0	2649.0	-0.202718006795	108.859569649	0.0	1025.0	1624.0	2649.0	-0.226123065308	135.447716119	0.0	1432.0	667.0	2099.0	0.364459266317	278.811338733	0.0	1401.0	698.0	2099.0	0.334921391139	235.44973797	0.0	none	0	1	0	0	0	0	0	0	0	0	0	0
14	50500133	497350	4781.0	0.00189504373178	0.00217854629537	0.00227003116518	1070.0	1649.0	2719.0	-0.212945936006	123.295696947	0.0	981.0	1738.0	2719.0	-0.278411180581	210.7572637	0.0	1669.0	762.0	2431.0	0.373097490745	338.399424105	0.0	1580.0	851.0	2431.0	0.299876593994	218.610037022	0.0	none	0	1	0	0	0	0	0	0	0	0	0	0
14	51000004	497672	4295.0	0.00177024224791	0.00204753331512	0.00200734620393	814.0	1618.0	2432.0	-0.330592105263	265.796052632	0.0	840.0	1592.0	2432.0	-0.309210526316	232.526315789	0.0	1575.0	544.0	2119.0	0.486550259556	501.633317603	0.0	1601.0	518.0	2119.0	0.511090136857	553.510618216	0.0	none	0	1	0	0	0	0	0	0	0	0	0	0
14	51500082	497702	3889.0	0.00150190274502	0.00202530831703	0.00182790103315	927.0	1396.0	2323.0	-0.201894102454	94.6883340508	0.0	813.0	1510.0	2323.0	-0.300043047783	209.130004305	0.0	1415.0	349.0	1764.0	0.604308390023	644.192743764	0.0	1301.0	463.0	1764.0	0.475056689342	398.097505669	0.0	none	0	1	0	0	0	0	0	0	0	0	0	0
14	52000143	497726	4603.0	0.00186347508469	0.00228840767812	0.00217438912173	865.0	1784.0	2649.0	-0.346923367308	318.822574556	0.0	841.0	1808.0	2649.0	-0.365043412609	352.996979992	0.0	1641.0	593.0	2234.0	0.469113697404	491.631154879	0.0	1617.0	617.0	2234.0	0.447627573859	447.627573859	0.0	none	0	1	0	0	0	0	0	0	0	0	0	0
14	52500055	497120	4755.0	0.00189793208883	0.00230326681687	0.00224040473125	1078.0	1681.0	2759.0	-0.218557448351	131.790141356	0.0	1058.0	1701.0	2759.0	-0.233055454875	149.854657485	0.0	1645.0	635.0	2280.0	0.44298245614	447.412280702	0.0	1625.0	655.0	2280.0	0.425438596491	412.675438596	0.0	none	0	1	0	0	0	0	0	0	0	0	0	0
14	53000054	497643	3836.0	0.00156839340652	0.00190498007608	0.00178390934867	776.0	1432.0	2208.0	-0.297101449275	194.898550725	0.0	743.0	1465.0	2208.0	-0.326992753623	236.088768116	0.0	1370.0	465.0	1835.0	0.493188010899	446.335149864	0.0	1337.0	498.0	1835.0	0.457220708447	383.608174387	0.0	none	0	1	0	0	0	0	0	0	0	0	0	0
14	53500036	497879	4080.0	0.0016540163373	0.00199044346116	0.00192667294664	814.0	1514.0	2328.0	-0.300687285223	210.481099656	0.0	806.0	1522.0	2328.0	-0.307560137457	220.213058419	0.0	1445.0	539.0	1984.0	0.456653225806	413.727822581	0.0	1437.0	547.0	1984.0	0.448588709677	399.243951613	0.0	none	0	1	0	0	0	0	0	0	0	0	0	0
14	54000049	497968	4073.0	0.00161556565884	0.00205535295441	0.00192281431739	770.0	1578.0	2348.0	-0.344122657581	278.051107325	0.0	800.0	1548.0	2348.0	-0.318568994889	238.289608177	0.0	1427.0	496.0	1923.0	0.484139365575	450.73374935	0.0	1457.0	466.0	1923.0	0.515340613625	510.702548102	0.0	none	0	1	0	0	0	0	0	0	0	0	0	0
14	54500040	497953	4233.0	0.00168891441562	0.00210160396664	0.00197960450083	913.0	1565.0	2478.0	-0.263115415658	171.551251009	0.0	820.0	1658.0	2478.0	-0.338175948345	283.391444713	0.0	1564.0	468.0	2032.0	0.53937007874	591.149606299	0.0	1471.0	561.0	2032.0	0.447834645669	407.529527559	0.0	none	0	1	0	0	0	0	0	0	0	0	0	0
14	55000049	497598	4513.0	0.00178256343474	0.00214329639589	0.00209556710437	1005.0	1604.0	2609.0	-0.229589881181	137.524338827	0.0	918.0	1691.0	2609.0	-0.296282100422	229.026063626	0.0	1585.0	634.0	2219.0	0.428571428571	407.571428571	0.0	1498.0	721.0	2219.0	0.350157728707	272.072555205	0.0	none	0	1	0	0	0	0	0	0	0	0	0	0
14	55500003	497534	4537.0	0.00177977786443	0.00220487444074	0.00210588623089	907.0	1719.0	2626.0	-0.309215536938	251.083015994	0.0	856.0	1770.0	2626.0	-0.348057882711	318.124904798	0.0	1560.0	658.0	2218.0	0.406672678088	366.818755636	0.0	1509.0	709.0	2218.0	0.360685302074	288.548241659	0.0	none	0	1	0	0	0	0	0	0	0	0	0	0
14	56000169	497710	4587.0	0.00178919451086	0.00225432480762	0.00211920596331	1008.0	1667.0	2675.0	-0.246355140187	162.348037383	0.0	952.0	1723.0	2675.0	-0.288224299065	222.220934579	0.0	1685.0	529.0	2214.0	0.522131887986	603.584462511	0.0	1629.0	585.0	2214.0	0.471544715447	492.292682927	0.0	none	0	1	0	0	0	0	0	0	0	0	0	0
14	56500064	497237	4683.0	0.00178084092696	0.00229669151732	0.00215239412996	912.0	1821.0	2733.0	-0.332601536773	302.334796926	0.0	935.0	1798.0	2733.0	-0.31577021588	272.509696304	0.0	1605.0	670.0	2275.0	0.410989010989	384.274725275	0.0	1628.0	647.0	2275.0	0.431208791209	423.015824176	0.0	none	0	1	0	0	0	0	0	0	0	0	0	0
14	57000066	497359	5311.0	0.00204178470682	0.00245798306656	0.00244692465603	1123.0	1925.0	3048.0	-0.26312335958	211.024934383	0.0	1057.0	1991.0	3048.0	-0.306430446194	286.206036745	0.0	1831.0	848.0	2679.0	0.366927958193	360.690182904	0.0	1765.0	914.0	2679.0	0.317655841732	270.325121314	0.0	none	0	1	0	0	0	0	0	0	0	0	0	0
14	57500009	497045	4537.0	0.00187809956845	0.00209940749832	0.00215071070024	978.0	1541.0	2519.0	-0.22350138944	125.831282255	0.0	906.0	1613.0	2519.0	-0.280666931322	198.431520445	0.0	1645.0	669.0	2314.0	0.421780466724	411.657735523	0.0	1573.0	741.0	2314.0	0.359550561798	299.146067416	0.0	none	0	1	0	0	0	0	0	0	0	0	0	0
14	58000485	497436	4846.0	0.00191280888396	0.00222541191229	0.00219877531984	1065.0	1688.0	2753.0	-0.226298583364	140.984017436	0.0	988.0	1765.0	2753.0	-0.282237559027	219.298583364	0.0	1693.0	767.0	2460.0	0.376422764228	348.567479675	0.0	1616.0	844.0	2460.0	0.313821138211	242.269918699	0.0	none	0	1	0	0	0	0	0	0	0	0	0	0
14	58500195	496619	5457.0	0.00197737098258	0.00243949587108	0.00238865206527	1319.0	1890.0	3209.0	-0.177937052041	101.602056715	0.0	1196.0	2013.0	3209.0	-0.254596447491	208.0052976	0.0	1991.0	782.0	2773.0	0.435989902633	527.111792283	0.0	1868.0	905.0	2773.0	0.347277316985	334.428056257	0.0	none	0	1	0	0	0	0	0	0	0	0	0	0
14	59000006	496868	4844.0	0.00186669296473	0.00231852322951	0.00223550319199	1068.0	1741.0	2809.0	-0.239587041652	161.242079032	0.0	990.0	1819.0	2809.0	-0.295122819509	244.656817373	0.0	1660.0	719.0	2379.0	0.395544346364	372.207229929	0.0	1582.0	797.0	2379.0	0.329970575872	259.02690206	0.0	none	0	1	0	0	0	0	0	0	0	0	0	0
14	59500032	496896	5160.0	0.00198230615662	0.00234958623132	0.00231990195131	1164.0	1821.0	2985.0	-0.220100502513	144.606030151	0.0	1055.0	1930.0	2985.0	-0.293132328308	256.49078727	0.0	1834.0	792.0	2626.0	0.396801218583	413.466869764	0.0	1725.0	901.0	2626.0	0.313785224676	258.559025133	0.0	none	0	1	0	0	0	0	0	0	0	0	0	0
14	60002333	498896	5505.0	0.00207257624836	0.00253259196305	0.0024899979154	1253.0	1963.0	3216.0	-0.220771144279	156.747512438	0.0	1198.0	2018.0	3216.0	-0.254975124378	209.07960199	0.0	1904.0	838.0	2742.0	0.388767323122	414.425966448	0.0	1849.0	893.0	2742.0	0.348650619985	333.309992706	0.0	none	0	1	0	0	0	0	0	0	0	0	0	0
14	60500083	494677	4811.0	0.00178197086179	0.00231767395695	0.00217515671842	1157.0	1736.0	2893.0	-0.200138264777	115.880055306	0.0	958.0	1935.0	2893.0	-0.33771171794	329.944348427	0.0	1744.0	591.0	2335.0	0.493790149893	569.340042827	0.0	1545.0	790.0	2335.0	0.323340471092	244.122055675	0.0	none	0	1	0	0	0	0	0	0	0	0	0	0
14	60966462	463310	4726.0	0.00191232652004	0.00232133992359	0.00225928643889	1106.0	1672.0	2778.0	-0.203743700504	115.318934485	0.0	993.0	1785.0	2778.0	-0.285097192225	225.796976242	0.0	1784.0	609.0	2393.0	0.491015461763	576.943167572	0.0	1671.0	722.0	2393.0	0.396573338905	376.348098621	0.0	none	0	1	0	0	0	0	0	0	0	0	0	0
