#chrom	coord	total	dtotal	T12	T34	T1234	DFO_left	DFO_right	DFO_total	DFO_stat	DFO_chisq	DFO_Pvalue	DIL_left	DIL_right	DIL_total	DIL_stat	DIL_chisq	DIL_Pvalue	DFI_left	DFI_right	DFI_total	DFI_stat	DFI_chisq	DFI_Pvalue	DOL_left	DOL_right	DOL_total	DOL_stat	DOL_chisq	DOL_Pvalue	introgression	introgna	intrognone	introg13	introg14	introg23	introg24	introg31	introg41	introg32	introg42	introg123	introg124
21	500101	491401	313.0	0.000123117372574	0.000155677338874	0.000148554846246	92.0	94.0	186.0	-0.010752688172	0.0215053763441	0.88341056326	94.0	92.0	186.0	0.010752688172	0.0215053763441	0.88341056326	94.0	51.0	145.0	0.296551724138	12.7517241379	0.000355681145125	96.0	49.0	145.0	0.324137931034	15.2344827586	9.49537017446e-05	none	0	1	0	0	0	0	0	0	0	0	0	0
21	1000118	493711	110.0	2.63311937551e-05	7.69681048225e-05	5.26623875101e-05	66.0	17.0	83.0	0.590361445783	28.9277108434	7.51303663726e-08	65.0	18.0	83.0	0.566265060241	26.6144578313	2.48378112411e-07	20.0	12.0	32.0	0.25	2.0	0.15729920705	19.0	13.0	32.0	0.1875	1.125	0.288844366346	123	0	0	0	0	0	0	0	0	0	0	1	0
21	1500002	492872	64.0	2.23181678002e-05	3.24627895275e-05	2.94194030093e-05	22.0	18.0	40.0	0.1	0.4	0.527089256866	21.0	19.0	40.0	0.05	0.1	0.751829634046	14.0	15.0	29.0	-0.0344827586207	0.0344827586207	0.852683684335	13.0	16.0	29.0	-0.103448275862	0.310344827586	0.577468662427	none	0	1	0	0	0	0	0	0	0	0	0	0
21	2000138	492765	79.0	3.65285683845e-05	4.0587298205e-05	4.16019806602e-05	24.0	18.0	42.0	0.142857142857	0.857142857143	0.354539479774	26.0	16.0	42.0	0.238095238095	2.38095238095	0.122822648101	16.0	23.0	39.0	-0.179487179487	1.25641025641	0.262331675408	18.0	21.0	39.0	-0.0769230769231	0.230769230769	0.630954041184	none	0	1	0	0	0	0	0	0	0	0	0	0
21	2500017	492299	136.0	5.58603612845e-05	6.50011476765e-05	7.0587183805e-05	34.0	41.0	75.0	-0.0933333333333	0.653333333333	0.418923440946	31.0	44.0	75.0	-0.173333333333	2.25333333333	0.133326931774	28.0	40.0	68.0	-0.176470588235	2.11764705882	0.145610095397	25.0	43.0	68.0	-0.264705882353	4.76470588235	0.0290490221619	none	0	1	0	0	0	0	0	0	0	0	0	0
21	3000012	491787	124.0	3.8634612139e-05	6.8118921403e-05	5.64268677293e-05	50.0	32.0	82.0	0.219512195122	3.9512195122	0.0468374130836	50.0	32.0	82.0	0.219512195122	3.9512195122	0.0468374130836	33.0	17.0	50.0	0.32	5.12	0.0236516166554	33.0	17.0	50.0	0.32	5.12	0.0236516166554	none	0	1	0	0	0	0	0	0	0	0	0	0
21	3500063	492584	152.0	4.16172673087e-05	8.93248664187e-05	6.75011774641e-05	75.0	33.0	108.0	0.388888888889	16.3333333333	5.31212815941e-05	78.0	30.0	108.0	0.444444444444	21.3333333333	3.8596164369e-06	31.0	20.0	51.0	0.21568627451	2.37254901961	0.123485272145	34.0	17.0	51.0	0.333333333333	5.66666666667	0.0172902805929	123	0	0	0	0	0	0	0	0	0	0	1	0
21	4000029	493443	75.0	1.01328826227e-05	5.47175661627e-05	3.24252243927e-05	50.0	14.0	64.0	0.5625	20.25	6.79534624948e-06	50.0	14.0	64.0	0.5625	20.25	6.79534624948e-06	8.0	9.0	17.0	-0.0588235294118	0.0588235294118	0.808365155915	8.0	9.0	17.0	-0.0588235294118	0.0588235294118	0.808365155915	123	0	0	0	0	0	0	0	0	0	0	1	0
21	4500060	492507	97.0	3.85781318844e-05	4.7715057857e-05	4.51770228646e-05	37.0	16.0	53.0	0.396226415094	8.32075471698	0.00391946316926	33.0	20.0	53.0	0.245283018868	3.18867924528	0.0741498977382	36.0	12.0	48.0	0.5	12.0	0.000532005505139	32.0	16.0	48.0	0.333333333333	5.33333333333	0.0209213353378	none	0	1	0	0	0	0	0	0	0	0	0	0
21	5000115	493151	100.0	3.14305354749e-05	5.5763853262e-05	4.66388590918e-05	41.0	27.0	68.0	0.205882352941	2.88235294118	0.0895550744136	42.0	26.0	68.0	0.235294117647	3.76470588235	0.0523450632732	25.0	16.0	41.0	0.219512195122	1.9756097561	0.159853674838	26.0	15.0	41.0	0.268292682927	2.9512195122	0.0858127806506	none	0	1	0	0	0	0	0	0	0	0	0	0
21	5500044	493934	49.0	1.41719339021e-05	2.93561487972e-05	2.48008843287e-05	17.0	17.0	34.0	0.0	0	1	16.0	18.0	34.0	-0.0588235294118	0.117647058824	0.73160058896	16.0	4.0	20.0	0.6	7.2	0.00729035809154	15.0	5.0	20.0	0.5	5.0	0.0253473186775	na	1	0	0	0	0	0	0	0	0	0	0	0
21	6000125	493809	32.0	9.11283512451e-06	2.12632819572e-05	1.51880585409e-05	18.0	5.0	23.0	0.565217391304	7.34782608696	0.00671438978555	18.0	5.0	23.0	0.565217391304	7.34782608696	0.00671438978555	7.0	4.0	11.0	0.272727272727	0.818181818182	0.365712296282	7.0	4.0	11.0	0.272727272727	0.818181818182	0.365712296282	123	0	0	0	0	0	0	0	0	0	0	1	0
21	6500096	493133	54.0	9.12532724437e-06	3.95430847256e-05	2.63620564837e-05	39.0	4.0	43.0	0.813953488372	28.488372093	9.42629052592e-08	38.0	5.0	43.0	0.767441860465	25.3255813953	4.84243801613e-07	10.0	4.0	14.0	0.428571428571	2.57142857143	0.108809430041	9.0	5.0	14.0	0.285714285714	1.14285714286	0.285049407403	123	0	0	0	0	0	0	0	0	0	0	1	0
21	7000026	492617	99.0	3.55245555878e-05	5.27793397305e-05	4.61819222642e-05	34.0	27.0	61.0	0.114754098361	0.803278688525	0.370114899917	34.0	27.0	61.0	0.114754098361	0.803278688525	0.370114899917	26.0	16.0	42.0	0.238095238095	2.38095238095	0.122822648101	26.0	16.0	42.0	0.238095238095	2.38095238095	0.122822648101	none	0	1	0	0	0	0	0	0	0	0	0	0
21	7500049	492745	130.0	4.76920110808e-05	7.20453784412e-05	6.0883418401e-05	47.0	32.0	79.0	0.189873417722	2.84810126582	0.0914819210568	46.0	33.0	79.0	0.164556962025	2.13924050633	0.143572955978	27.0	25.0	52.0	0.0384615384615	0.0769230769231	0.781511294999	26.0	26.0	52.0	0.0	0	1	na	1	0	0	0	0	0	0	0	0	0	0	0
21	8000011	492849	34.0	1.01450951508e-05	1.92756807866e-05	1.67394069989e-05	7.0	15.0	22.0	-0.363636363636	2.90909090909	0.0880815116622	7.0	15.0	22.0	-0.363636363636	2.90909090909	0.0880815116622	9.0	5.0	14.0	0.285714285714	1.14285714286	0.285049407403	9.0	5.0	14.0	0.285714285714	1.14285714286	0.285049407403	none	0	1	0	0	0	0	0	0	0	0	0	0
21	8500097	493630	10.0	2.02580880417e-06	7.09033081458e-06	5.57097421145e-06	6.0	2.0	8.0	0.5	0	1.0	6.0	2.0	8.0	0.5	0	1.0	0.0	2.0	2.0	-1.0	0	1.0	0.0	2.0	2.0	-1.0	0	1.0	na	1	0	0	0	0	0	0	0	0	0	0	0
21	9000124	492609	90.0	2.33450870772e-05	6.39452385157e-05	4.66901741543e-05	53.0	14.0	67.0	0.582089552239	22.7014925373	1.89220837843e-06	54.0	13.0	67.0	0.611940298507	25.0895522388	5.47285782249e-07	18.0	6.0	24.0	0.5	6.0	0.0143058784354	19.0	5.0	24.0	0.583333333333	8.16666666667	0.00426672482218	none	0	1	0	0	0	0	0	0	0	0	0	0
21	9500153	493466	47.0	7.09268723681e-06	3.74899182517e-05	2.33045437781e-05	33.0	7.0	40.0	0.65	16.9	3.94015827251e-05	33.0	7.0	40.0	0.65	16.9	3.94015827251e-05	5.0	4.0	9.0	0.111111111111	0	1.0	5.0	4.0	9.0	0.111111111111	0	1.0	na	1	0	0	0	0	0	0	0	0	0	0	0
21	10000173	493175	112.0	5.37334617529e-05	4.96781061489e-05	5.37334617529e-05	31.0	26.0	57.0	0.0877192982456	0.438596491228	0.507800648275	33.0	24.0	57.0	0.157894736842	1.42105263158	0.233230222782	35.0	26.0	61.0	0.147540983607	1.32786885246	0.249184705261	37.0	24.0	61.0	0.213114754098	2.77049180328	0.0960166565958	none	0	1	0	0	0	0	0	0	0	0	0	0
21	10500062	492384	53.0	2.3355754858e-05	2.64021576656e-05	2.69098914668e-05	21.0	9.0	30.0	0.4	4.8	0.0284597369163	18.0	12.0	30.0	0.2	1.2	0.273321678292	21.0	5.0	26.0	0.615384615385	9.84615384615	0.00170187209267	18.0	8.0	26.0	0.384615384615	3.84615384615	0.0498602037569	none	0	1	0	0	0	0	0	0	0	0	0	0
21	11000111	492154	58.0	2.03188432889e-05	3.35260914267e-05	2.99702938511e-05	18.0	19.0	37.0	-0.027027027027	0.027027027027	0.869417060741	20.0	17.0	37.0	0.0810810810811	0.243243243243	0.621873424331	14.0	9.0	23.0	0.217391304348	1.08695652174	0.297146530348	16.0	7.0	23.0	0.391304347826	3.52173913043	0.0605688602027	none	0	1	0	0	0	0	0	0	0	0	0	0
21	11500024	492710	29.0	8.11836577297e-06	1.31923443811e-05	1.0655355077e-05	9.0	10.0	19.0	-0.0526315789474	0.0526315789474	0.818545808382	13.0	6.0	19.0	0.368421052632	2.57894736842	0.108293655899	7.0	9.0	16.0	-0.125	0.25	0.617075077452	11.0	5.0	16.0	0.375	2.25	0.133614402538	none	0	1	0	0	0	0	0	0	0	0	0	0
21	12000029	492790	57.0	1.72487266381e-05	3.75413462124e-05	2.73950364253e-05	35.0	5.0	40.0	0.75	22.5	2.10143595603e-06	36.0	4.0	40.0	0.8	25.6	4.20039397597e-07	10.0	8.0	18.0	0.111111111111	0.222222222222	0.637351888234	11.0	7.0	18.0	0.222222222222	0.888888888889	0.345778586151	123	0	0	0	0	0	0	0	0	0	0	1	0
21	12500064	492660	15.0	5.07449356554e-06	1.01489871311e-05	7.61174034831e-06	8.0	2.0	10.0	0.6	3.6	0.0577795711236	8.0	2.0	10.0	0.6	3.6	0.0577795711236	2.0	3.0	5.0	-0.2	0	1.0	2.0	3.0	5.0	-0.2	0	1.0	na	1	0	0	0	0	0	0	0	0	0	0	0
21	13000071	493521	19.0	4.05251245641e-06	1.51969217115e-05	9.62471708397e-06	12.0	3.0	15.0	0.6	5.4	0.0201367515503	12.0	3.0	15.0	0.6	5.4	0.0201367515503	1.0	3.0	4.0	-0.5	0	1.0	1.0	3.0	4.0	-0.5	0	1.0	na	1	0	0	0	0	0	0	0	0	0	0	0
21	13500242	492730	26.0	6.08852718527e-06	1.92803360867e-05	1.2684431636e-05	12.0	8.0	20.0	0.2	0.8	0.371093369523	13.0	7.0	20.0	0.3	1.8	0.179712494879	4.0	3.0	7.0	0.142857142857	0	1.0	5.0	2.0	7.0	0.428571428571	0	1.0	na	1	0	0	0	0	0	0	0	0	0	0	0
21	14000051	493706	100.0	1.72167241233e-05	8.00071297493e-05	5.26629208476e-05	61.0	22.0	83.0	0.469879518072	18.3253012048	1.86217524203e-05	59.0	24.0	83.0	0.421686746988	14.7590361446	0.000122160674668	9.0	10.0	19.0	-0.0526315789474	0.0526315789474	0.818545808382	7.0	12.0	19.0	-0.263157894737	1.31578947368	0.25134910881	123	0	0	0	0	0	0	0	0	0	0	1	0
21	14500006	493846	116.0	2.93613798634e-05	7.89719872187e-05	5.61916062902e-05	56.0	28.0	84.0	0.333333333333	9.33333333333	0.00225022656809	55.0	29.0	84.0	0.309523809524	8.04761904762	0.00455634980319	20.0	15.0	35.0	0.142857142857	0.714285714286	0.398024719507	19.0	16.0	35.0	0.0857142857143	0.257142857143	0.612089880089	123	0	0	0	0	0	0	0	0	0	0	1	0
21	15000085	493049	30.0	1.11550778929e-05	1.9267861815e-05	1.52114698539e-05	13.0	6.0	19.0	0.368421052632	2.57894736842	0.108293655899	13.0	6.0	19.0	0.368421052632	2.57894736842	0.108293655899	9.0	2.0	11.0	0.636363636364	4.45454545455	0.0348084788119	9.0	2.0	11.0	0.636363636364	4.45454545455	0.0348084788119	none	0	1	0	0	0	0	0	0	0	0	0	0
21	15500047	492856	35.0	4.0579804243e-06	1.92754070154e-05	1.16666937199e-05	22.0	5.0	27.0	0.62962962963	10.7037037037	0.00106921275492	18.0	9.0	27.0	0.333333333333	3.0	0.0832645166636	8.0	4.0	12.0	0.333333333333	1.33333333333	0.24821307899	4.0	8.0	12.0	-0.333333333333	1.33333333333	0.24821307899	none	0	1	0	0	0	0	0	0	0	0	0	0
21	16000159	493000	58.0	1.72413793103e-05	3.24543610548e-05	2.68762677485e-05	24.0	15.0	39.0	0.230769230769	2.07692307692	0.149541354585	24.0	15.0	39.0	0.230769230769	2.07692307692	0.149541354585	8.0	15.0	23.0	-0.304347826087	2.13043478261	0.144399792213	8.0	15.0	23.0	-0.304347826087	2.13043478261	0.144399792213	none	0	1	0	0	0	0	0	0	0	0	0	0
21	16500009	492994	75.0	2.0284222526e-05	4.86821340625e-05	3.65116005469e-05	33.0	21.0	54.0	0.222222222222	2.66666666667	0.10247043486	32.0	22.0	54.0	0.185185185185	1.85185185185	0.173568166556	21.0	5.0	26.0	0.615384615385	9.84615384615	0.00170187209267	20.0	6.0	26.0	0.538461538462	7.53846153846	0.00603955904866	none	0	1	0	0	0	0	0	0	0	0	0	0
21	17000052	492515	185.0	5.38054678538e-05	0.000107610935708	8.67993868207e-05	61.0	66.0	127.0	-0.0393700787402	0.196850393701	0.657275219277	57.0	70.0	127.0	-0.102362204724	1.33070866142	0.24867918532	46.0	30.0	76.0	0.210526315789	3.36842105263	0.0664574200169	42.0	34.0	76.0	0.105263157895	0.842105263158	0.358795357887	none	0	1	0	0	0	0	0	0	0	0	0	0
21	17500082	492636	119.0	6.29267856998e-05	4.77025633531e-05	5.93744671522e-05	27.0	26.0	53.0	0.0188679245283	0.0188679245283	0.890745800932	24.0	29.0	53.0	-0.0943396226415	0.471698113208	0.492206992656	42.0	29.0	71.0	0.183098591549	2.38028169014	0.122875388479	39.0	32.0	71.0	0.0985915492958	0.69014084507	0.40611647822	none	0	1	0	0	0	0	0	0	0	0	0	0
21	18000130	492442	48.0	1.11688280041e-05	2.94450920108e-05	2.23376560082e-05	22.0	9.0	31.0	0.41935483871	5.45161290323	0.0195502690929	21.0	10.0	31.0	0.354838709677	3.90322580645	0.0481934882932	8.0	10.0	18.0	-0.111111111111	0.222222222222	0.637351888234	7.0	11.0	18.0	-0.222222222222	0.888888888889	0.345778586151	none	0	1	0	0	0	0	0	0	0	0	0	0
21	18500091	492177	122.0	4.165168222e-05	5.8921891921e-05	5.13026817588e-05	43.0	36.0	79.0	0.0886075949367	0.620253164557	0.430953224001	37.0	42.0	79.0	-0.0632911392405	0.316455696203	0.573745467796	33.0	22.0	55.0	0.2	2.2	0.138010737569	27.0	28.0	55.0	-0.0181818181818	0.0181818181818	0.892738400944	none	0	1	0	0	0	0	0	0	0	0	0	0
21	19000066	492309	20.0	3.04686690676e-06	1.42187122315e-05	8.63278956915e-06	15.0	0.0	15.0	1.0	15.0	0.000107511176729	14.0	1.0	15.0	0.866666666667	11.2666666667	0.000789112989016	5.0	1.0	6.0	0.666666666667	0	1.0	4.0	2.0	6.0	0.333333333333	0	1.0	na	1	0	0	0	0	0	0	0	0	0	0	0
21	19500137	492691	24.0	9.13351370332e-06	1.11631834152e-05	1.21780182711e-05	10.0	4.0	14.0	0.428571428571	2.57142857143	0.108809430041	10.0	4.0	14.0	0.428571428571	2.57142857143	0.108809430041	6.0	6.0	12.0	0.0	0	1	6.0	6.0	12.0	0.0	0	1	na	1	0	0	0	0	0	0	0	0	0	0	0
21	20000043	492439	15.0	0.0	8.12283348801e-06	4.061416744e-06	5.0	10.0	15.0	-0.333333333333	1.66666666667	0.196705602459	5.0	10.0	15.0	-0.333333333333	1.66666666667	0.196705602459	0.0	0.0	0.0	0	0	1.0	0.0	0.0	0.0	0	0	1.0	na	1	0	0	0	0	0	0	0	0	0	0	0
21	20500116	493253	21.0	2.02735715748e-06	1.62188572599e-05	9.12310720867e-06	13.0	5.0	18.0	0.444444444444	3.55555555556	0.0593464387919	13.0	5.0	18.0	0.444444444444	3.55555555556	0.0593464387919	1.0	2.0	3.0	-0.333333333333	0	1.0	1.0	2.0	3.0	-0.333333333333	0	1.0	na	1	0	0	0	0	0	0	0	0	0	0	0
21	21000044	493128	49.0	1.82508395386e-05	2.73762593079e-05	2.28135494233e-05	20.0	11.0	31.0	0.290322580645	2.61290322581	0.105997548425	20.0	11.0	31.0	0.290322580645	2.61290322581	0.105997548425	14.0	8.0	22.0	0.272727272727	1.63636363636	0.200825122695	14.0	8.0	22.0	0.272727272727	1.63636363636	0.200825122695	none	0	1	0	0	0	0	0	0	0	0	0	0
21	21500261	493413	42.0	5.06674935602e-06	3.24271958785e-05	1.87469726173e-05	27.0	9.0	36.0	0.5	9.0	0.00269979606326	24.0	12.0	36.0	0.333333333333	4.0	0.0455002638964	4.0	5.0	9.0	-0.111111111111	0	1.0	1.0	8.0	9.0	-0.777777777778	0	1.0	na	1	0	0	0	0	0	0	0	0	0	0	0
21	22000006	492017	67.0	1.82920508844e-05	4.57301272111e-05	3.20110890477e-05	29.0	20.0	49.0	0.183673469388	1.65306122449	0.198542793687	31.0	18.0	49.0	0.265306122449	3.44897959184	0.0632908322333	8.0	12.0	20.0	-0.2	0.8	0.371093369523	10.0	10.0	20.0	0.0	0	1	na	1	0	0	0	0	0	0	0	0	0	0	0
21	22500012	492855	12.0	4.05798865792e-06	8.11597731584e-06	6.08698298688e-06	6.0	2.0	8.0	0.5	0	1.0	6.0	2.0	8.0	0.5	0	1.0	2.0	2.0	4.0	0.0	0	1.0	2.0	2.0	4.0	0.0	0	1.0	na	1	0	0	0	0	0	0	0	0	0	0	0
21	23000014	493004	112.0	2.83973355186e-05	7.70784821218e-05	5.27379088202e-05	57.0	25.0	82.0	0.390243902439	12.487804878	0.000409617227901	56.0	26.0	82.0	0.365853658537	10.9756097561	0.00092318874387	17.0	18.0	35.0	-0.0285714285714	0.0285714285714	0.865772374993	16.0	19.0	35.0	-0.0857142857143	0.257142857143	0.612089880089	123	0	0	0	0	0	0	0	0	0	0	1	0
21	23500001	492582	24.0	8.12047537263e-06	1.11656536374e-05	9.643064505e-06	13.0	2.0	15.0	0.733333333333	8.06666666667	0.0045086983649	10.0	5.0	15.0	0.333333333333	1.66666666667	0.196705602459	10.0	2.0	12.0	0.666666666667	5.33333333333	0.0209213353378	7.0	5.0	12.0	0.166666666667	0.333333333333	0.563702861651	none	0	1	0	0	0	0	0	0	0	0	0	0
21	24000110	493446	24.0	1.01328210179e-06	2.22922062394e-05	1.26660262724e-05	20.0	3.0	23.0	0.739130434783	12.5652173913	0.000392993026415	20.0	3.0	23.0	0.739130434783	12.5652173913	0.000392993026415	0.0	1.0	1.0	-1.0	0	1.0	0.0	1.0	1.0	-1.0	0	1.0	na	1	0	0	0	0	0	0	0	0	0	0	0
21	24500050	492634	108.0	5.17625661241e-05	4.77027570164e-05	5.17625661241e-05	28.0	25.0	53.0	0.0566037735849	0.169811320755	0.680279547334	31.0	22.0	53.0	0.169811320755	1.52830188679	0.216367480258	34.0	26.0	60.0	0.133333333333	1.06666666667	0.301699582478	37.0	23.0	60.0	0.233333333333	3.26666666667	0.070701144866	none	0	1	0	0	0	0	0	0	0	0	0	0
21	25000001	492806	48.0	1.31897744751e-05	2.53649509137e-05	2.0291960731e-05	31.0	2.0	33.0	0.878787878788	25.4848484848	4.45870721899e-07	26.0	7.0	33.0	0.575757575758	10.9393939394	0.000941409585934	13.0	9.0	22.0	0.181818181818	0.727272727273	0.393768634643	8.0	14.0	22.0	-0.272727272727	1.63636363636	0.200825122695	123	0	0	0	0	0	0	0	0	0	0	1	0
21	25500169	493625	124.0	3.84907571537e-05	7.29298556597e-05	5.77361357306e-05	52.0	33.0	85.0	0.223529411765	4.24705882353	0.0393183690817	46.0	39.0	85.0	0.0823529411765	0.576470588235	0.447699072465	28.0	21.0	49.0	0.142857142857	1.0	0.317310507863	22.0	27.0	49.0	-0.102040816327	0.510204081633	0.475050524054	none	0	1	0	0	0	0	0	0	0	0	0	0
21	26000257	493216	53.0	9.12379160449e-06	4.05501849088e-05	2.48369882567e-05	38.0	5.0	43.0	0.767441860465	25.3255813953	4.84243801613e-07	35.0	8.0	43.0	0.627906976744	16.9534883721	3.83068665372e-05	13.0	0.0	13.0	1.0	13.0	0.000311490976767	10.0	3.0	13.0	0.538461538462	3.76923076923	0.0522036353413	13	0	0	1	0	0	0	0	0	0	0	0	0
21	26500000	492898	23.0	3.04322598185e-06	1.92737645517e-05	1.11584952668e-05	18.0	2.0	20.0	0.8	12.8	0.000346619351135	17.0	3.0	20.0	0.7	9.8	0.00174511869953	4.0	0.0	4.0	1.0	0	1.0	3.0	1.0	4.0	0.5	0	1.0	na	1	0	0	0	0	0	0	0	0	0	0	0
21	27000023	491435	196.0	9.05511410461e-05	8.9533712495e-05	9.20772838727e-05	59.0	44.0	103.0	0.145631067961	2.18446601942	0.139409406367	57.0	46.0	103.0	0.106796116505	1.17475728155	0.278425899049	61.0	44.0	105.0	0.161904761905	2.75238095238	0.097109722259	59.0	46.0	105.0	0.12380952381	1.60952380952	0.204558752721	none	0	1	0	0	0	0	0	0	0	0	0	0
21	27500008	490180	126.0	3.77412379126e-05	7.24223754539e-05	6.52821412542e-05	55.0	31.0	86.0	0.279069767442	6.6976744186	0.00965387481569	57.0	29.0	86.0	0.325581395349	9.11627906977	0.00253344751709	28.0	24.0	52.0	0.0769230769231	0.307692307692	0.579099741954	30.0	22.0	52.0	0.153846153846	1.23076923077	0.267257493154	123	0	0	0	0	0	0	0	0	0	0	1	0
21	28000007	490206	123.0	3.97791948691e-05	6.9358596182e-05	5.55888748812e-05	55.0	26.0	81.0	0.358024691358	10.3827160494	0.00127200437924	52.0	29.0	81.0	0.283950617284	6.53086419753	0.0106018435685	28.0	21.0	49.0	0.142857142857	1.0	0.317310507863	25.0	24.0	49.0	0.0204081632653	0.0204081632653	0.886403006367	none	0	1	0	0	0	0	0	0	0	0	0	0
21	28500353	490467	71.0	2.24276047114e-05	3.77191533783e-05	3.4151125356e-05	27.0	18.0	45.0	0.2	1.8	0.179712494879	23.0	22.0	45.0	0.0222222222222	0.0222222222222	0.881497452191	21.0	9.0	30.0	0.4	4.8	0.0284597369163	17.0	13.0	30.0	0.133333333333	0.533333333333	0.465208818452	none	0	1	0	0	0	0	0	0	0	0	0	0
21	29000099	490710	167.0	6.41927003729e-05	8.55902671639e-05	8.10050742801e-05	61.0	41.0	102.0	0.196078431373	3.92156862745	0.0476703806562	52.0	50.0	102.0	0.0196078431373	0.0392156862745	0.84302197637	54.0	28.0	82.0	0.317073170732	8.24390243902	0.00408891260343	45.0	37.0	82.0	0.0975609756098	0.780487804878	0.376991993237	none	0	1	0	0	0	0	0	0	0	0	0	0
21	29500050	490405	144.0	5.6076100366e-05	7.54478441288e-05	7.08597995534e-05	47.0	36.0	83.0	0.132530120482	1.4578313253	0.227275495	47.0	36.0	83.0	0.132530120482	1.4578313253	0.227275495	39.0	28.0	67.0	0.164179104478	1.80597014925	0.178992405437	39.0	28.0	67.0	0.164179104478	1.80597014925	0.178992405437	none	0	1	0	0	0	0	0	0	0	0	0	0
21	30000003	492856	27.0	6.08697063645e-06	2.02899021215e-05	1.3188436379e-05	12.0	8.0	20.0	0.2	0.8	0.371093369523	12.0	8.0	20.0	0.2	0.8	0.371093369523	6.0	1.0	7.0	0.714285714286	0	1.0	6.0	1.0	7.0	0.714285714286	0	1.0	na	1	0	0	0	0	0	0	0	0	0	0	0
21	30500011	491211	206.0	7.63419385967e-05	0.000119093424211	0.000101789251462	81.0	49.0	130.0	0.246153846154	7.87692307692	0.00500695979055	82.0	48.0	130.0	0.261538461538	8.89230769231	0.00286374556612	55.0	32.0	87.0	0.264367816092	6.08045977011	0.0136685192389	56.0	31.0	87.0	0.287356321839	7.18390804598	0.00735603065815	none	0	1	0	0	0	0	0	0	0	0	0	0
21	31000069	491890	141.0	4.77749090244e-05	7.21706072496e-05	6.20057329891e-05	37.0	43.0	80.0	-0.075	0.45	0.502334954361	39.0	41.0	80.0	-0.025	0.05	0.823063273758	40.0	25.0	65.0	0.230769230769	3.46153846154	0.0628118475161	42.0	23.0	65.0	0.292307692308	5.55384615385	0.0184401239377	none	0	1	0	0	0	0	0	0	0	0	0	0
21	31500120	492276	18.0	4.06276154027e-06	1.4219665391e-05	9.14121346562e-06	8.0	6.0	14.0	0.142857142857	0.285714285714	0.592980098017	8.0	6.0	14.0	0.142857142857	0.285714285714	0.592980098017	2.0	2.0	4.0	0.0	0	1.0	2.0	2.0	4.0	0.0	0	1.0	na	1	0	0	0	0	0	0	0	0	0	0	0
21	32000076	492803	55.0	1.62336674087e-05	3.75403558826e-05	2.68870116456e-05	24.0	15.0	39.0	0.230769230769	2.07692307692	0.149541354585	26.0	13.0	39.0	0.333333333333	4.33333333333	0.0373729883407	7.0	11.0	18.0	-0.222222222222	0.888888888889	0.345778586151	9.0	9.0	18.0	0.0	0	1	na	1	0	0	0	0	0	0	0	0	0	0	0
21	32500167	493281	12.0	1.01362103953e-06	1.01362103953e-05	5.57491571741e-06	8.0	3.0	11.0	0.454545454545	2.27272727273	0.131668016023	7.0	4.0	11.0	0.272727272727	0.818181818182	0.365712296282	1.0	1.0	2.0	0.0	0	1.0	0.0	2.0	2.0	-1.0	0	1.0	na	1	0	0	0	0	0	0	0	0	0	0	0
21	33000035	492229	48.0	5.07893683631e-06	3.96157073232e-05	2.23473220798e-05	35.0	7.0	42.0	0.666666666667	18.6666666667	1.55680431351e-05	36.0	6.0	42.0	0.714285714286	21.4285714286	3.67257511424e-06	2.0	5.0	7.0	-0.428571428571	0	1.0	3.0	4.0	7.0	-0.142857142857	0	1.0	na	1	0	0	0	0	0	0	0	0	0	0	0
21	33500249	493486	79.0	2.63431991992e-05	4.66071985831e-05	3.74883988604e-05	27.0	25.0	52.0	0.0384615384615	0.0769230769231	0.781511294999	26.0	26.0	52.0	0.0	0	1	18.0	10.0	28.0	0.285714285714	2.28571428571	0.130570018116	17.0	11.0	28.0	0.214285714286	1.28571428571	0.256839257958	na	1	0	0	0	0	0	0	0	0	0	0	0
21	34000012	492540	53.0	2.13180655378e-05	2.94392333618e-05	2.74089414058e-05	23.0	9.0	32.0	0.4375	6.125	0.0133283287808	22.0	10.0	32.0	0.375	4.5	0.0338948535247	14.0	8.0	22.0	0.272727272727	1.63636363636	0.200825122695	13.0	9.0	22.0	0.181818181818	0.727272727273	0.393768634643	none	0	1	0	0	0	0	0	0	0	0	0	0
21	34500009	492016	79.0	3.76004032389e-05	3.65841761244e-05	4.21734252545e-05	21.0	19.0	40.0	0.05	0.1	0.751829634046	22.0	18.0	40.0	0.1	0.4	0.527089256866	32.0	10.0	42.0	0.52380952381	11.5238095238	0.000687104384357	33.0	9.0	42.0	0.571428571429	13.7142857143	0.000212829419014	none	0	1	0	0	0	0	0	0	0	0	0	0
21	35000029	492453	42.0	1.52298798058e-05	2.23371570485e-05	1.87835184271e-05	17.0	10.0	27.0	0.259259259259	1.81481481481	0.177931725268	16.0	11.0	27.0	0.185185185185	0.925925925926	0.335923813152	6.0	12.0	18.0	-0.333333333333	2.0	0.15729920705	5.0	13.0	18.0	-0.444444444444	3.55555555556	0.0593464387919	none	0	1	0	0	0	0	0	0	0	0	0	0
21	35500055	491647	35.0	8.13591865709e-06	2.13567864748e-05	1.57633423981e-05	15.0	11.0	26.0	0.153846153846	0.615384615385	0.432767580668	16.0	10.0	26.0	0.230769230769	1.38461538462	0.239316541221	4.0	6.0	10.0	-0.2	0.4	0.527089256866	5.0	5.0	10.0	0.0	0	1	na	1	0	0	0	0	0	0	0	0	0	0	0
21	36000023	492114	52.0	1.3208321649e-05	3.96249649471e-05	2.64166432981e-05	36.0	3.0	39.0	0.846153846154	27.9230769231	1.26235212172e-07	36.0	3.0	39.0	0.846153846154	27.9230769231	1.26235212172e-07	6.0	7.0	13.0	-0.0769230769231	0.0769230769231	0.781511294999	6.0	7.0	13.0	-0.0769230769231	0.0769230769231	0.781511294999	123	0	0	0	0	0	0	0	0	0	0	1	0
21	36500090	492622	15.0	7.10483900435e-06	8.11981600497e-06	7.61232750466e-06	5.0	3.0	8.0	0.25	0	1.0	5.0	3.0	8.0	0.25	0	1.0	6.0	1.0	7.0	0.714285714286	0	1.0	6.0	1.0	7.0	0.714285714286	0	1.0	na	1	0	0	0	0	0	0	0	0	0	0	0
21	37000171	492735	22.0	1.11621865709e-05	1.11621865709e-05	1.11621865709e-05	7.0	4.0	11.0	0.272727272727	0.818181818182	0.365712296282	7.0	4.0	11.0	0.272727272727	0.818181818182	0.365712296282	6.0	5.0	11.0	0.0909090909091	0.0909090909091	0.763024600553	6.0	5.0	11.0	0.0909090909091	0.0909090909091	0.763024600553	none	0	1	0	0	0	0	0	0	0	0	0	0
21	37500073	492608	29.0	2.03001169287e-06	2.43601403144e-05	1.31950760036e-05	23.0	4.0	27.0	0.703703703704	13.3703703704	0.000255630867837	20.0	7.0	27.0	0.481481481481	6.25925925926	0.0123545850179	4.0	1.0	5.0	0.6	0	1.0	1.0	4.0	5.0	-0.6	0	1.0	na	1	0	0	0	0	0	0	0	0	0	0	0
21	38000043	492337	125.0	5.07782271087e-05	6.60116952413e-05	5.94105257171e-05	42.0	32.0	74.0	0.135135135135	1.35135135135	0.245042010632	41.0	33.0	74.0	0.108108108108	0.864864864865	0.352380865109	39.0	19.0	58.0	0.344827586207	6.89655172414	0.00863621676032	38.0	20.0	58.0	0.310344827586	5.58620689655	0.0181024551495	none	0	1	0	0	0	0	0	0	0	0	0	0
21	38500267	492756	20.0	1.01470098791e-06	1.31911128429e-05	7.10290691539e-06	8.0	11.0	19.0	-0.157894736842	0.473684210526	0.491297124216	14.0	5.0	19.0	0.473684210526	4.26315789474	0.038947455742	1.0	6.0	7.0	-0.714285714286	0	1.0	7.0	0.0	7.0	1.0	0	1.0	na	1	0	0	0	0	0	0	0	0	0	0	0
21	39000089	494298	20.0	2.02307110286e-06	1.71961043743e-05	9.60958773857e-06	16.0	2.0	18.0	0.777777777778	10.8888888889	0.000967428450248	16.0	2.0	18.0	0.777777777778	10.8888888889	0.000967428450248	2.0	0.0	2.0	1.0	0	1.0	2.0	0.0	2.0	1.0	0	1.0	na	1	0	0	0	0	0	0	0	0	0	0	0
21	39500017	494397	27.0	3.03399899271e-06	2.02266599514e-05	1.26416624696e-05	16.0	5.0	21.0	0.52380952381	5.7619047619	0.0163773083415	16.0	5.0	21.0	0.52380952381	5.7619047619	0.0163773083415	2.0	4.0	6.0	-0.333333333333	0	1.0	2.0	4.0	6.0	-0.333333333333	0	1.0	na	1	0	0	0	0	0	0	0	0	0	0	0
21	40000041	492627	98.0	2.84190675704e-05	6.19129686355e-05	4.82109181998e-05	46.0	22.0	68.0	0.352941176471	8.47058823529	0.00360934693595	49.0	19.0	68.0	0.441176470588	13.2352941176	0.000274726763808	16.0	17.0	33.0	-0.030303030303	0.030303030303	0.861804433049	19.0	14.0	33.0	0.151515151515	0.757575757576	0.384088249474	123	0	0	0	0	0	0	0	0	0	0	1	0
21	40500121	492586	8.0	3.04515353664e-06	5.0752558944e-06	5.0752558944e-06	3.0	2.0	5.0	0.2	0	1.0	3.0	2.0	5.0	0.2	0	1.0	3.0	0.0	3.0	1.0	0	1.0	3.0	0.0	3.0	1.0	0	1.0	na	1	0	0	0	0	0	0	0	0	0	0	0
21	41000024	491847	60.0	4.06630517214e-06	5.59116961169e-05	3.10055769375e-05	44.0	12.0	56.0	0.571428571429	18.2857142857	1.90127628179e-05	45.0	11.0	56.0	0.607142857143	20.6428571429	5.53432709571e-06	2.0	3.0	5.0	-0.2	0	1.0	3.0	2.0	5.0	0.2	0	1.0	na	1	0	0	0	0	0	0	0	0	0	0	0
21	41500071	492338	8.0	3.0466874383e-06	2.03112495887e-06	2.53890619859e-06	1.0	4.0	5.0	-0.6	0	1.0	2.0	3.0	5.0	-0.2	0	1.0	3.0	1.0	4.0	0.5	0	1.0	4.0	0.0	4.0	1.0	0	1.0	na	1	0	0	0	0	0	0	0	0	0	0	0
21	42000011	491566	16.0	3.05147223364e-06	8.1372592897e-06	5.59436576167e-06	5.0	8.0	13.0	-0.230769230769	0.692307692308	0.405380556459	5.0	8.0	13.0	-0.230769230769	0.692307692308	0.405380556459	2.0	3.0	5.0	-0.2	0	1.0	2.0	3.0	5.0	-0.2	0	1.0	na	1	0	0	0	0	0	0	0	0	0	0	0
21	42500022	492262	24.0	4.06287708578e-06	2.03143854289e-05	1.21886312573e-05	14.0	6.0	20.0	0.4	3.2	0.0736382701203	14.0	6.0	20.0	0.4	3.2	0.0736382701203	4.0	0.0	4.0	1.0	0	1.0	4.0	0.0	4.0	1.0	0	1.0	na	1	0	0	0	0	0	0	0	0	0	0	0
21	43000007	491584	38.0	8.13696133316e-06	2.84793646661e-05	1.93252831663e-05	23.0	6.0	29.0	0.586206896552	9.96551724138	0.00159499361695	24.0	5.0	29.0	0.655172413793	12.4482758621	0.000418377845865	6.0	4.0	10.0	0.2	0.4	0.527089256866	7.0	3.0	10.0	0.4	1.6	0.205903210732	123	0	0	0	0	0	0	0	0	0	0	1	0
21	43500094	492091	40.0	6.09643338326e-06	3.45464558385e-05	2.03214446109e-05	31.0	3.0	34.0	0.823529411765	23.0588235294	1.57119782429e-06	31.0	3.0	34.0	0.823529411765	23.0588235294	1.57119782429e-06	3.0	3.0	6.0	0.0	0	1.0	3.0	3.0	6.0	0.0	0	1.0	na	1	0	0	0	0	0	0	0	0	0	0	0
21	44000012	491769	12.0	3.05021259982e-06	8.13390026618e-06	5.592056433e-06	9.0	0.0	9.0	1.0	0	1.0	9.0	0.0	9.0	1.0	0	1.0	3.0	0.0	3.0	1.0	0	1.0	3.0	0.0	3.0	1.0	0	1.0	na	1	0	0	0	0	0	0	0	0	0	0	0
21	44500240	492539	38.0	6.09088823423e-06	2.23332568588e-05	1.52272205856e-05	21.0	11.0	32.0	0.3125	3.125	0.0770998717435	24.0	8.0	32.0	0.5	8.0	0.00467773498105	4.0	9.0	13.0	-0.384615384615	1.92307692308	0.165517858697	7.0	6.0	13.0	0.0769230769231	0.0769230769231	0.781511294999	none	0	1	0	0	0	0	0	0	0	0	0	0
21	45000113	491641	62.0	2.13570471136e-05	3.86460852533e-05	3.20355706705e-05	18.0	23.0	41.0	-0.121951219512	0.609756097561	0.434879658496	21.0	20.0	41.0	0.0243902439024	0.0243902439024	0.875896057923	14.0	10.0	24.0	0.166666666667	0.666666666667	0.414216178243	17.0	7.0	24.0	0.416666666667	4.16666666667	0.0412268333372	none	0	1	0	0	0	0	0	0	0	0	0	0
21	45500021	491067	107.0	4.98913590203e-05	4.17458310169e-05	4.98913590203e-05	29.0	24.0	53.0	0.0943396226415	0.471698113208	0.492206992656	26.0	27.0	53.0	-0.0188679245283	0.0188679245283	0.890745800932	35.0	28.0	63.0	0.111111111111	0.777777777778	0.3778216371	32.0	31.0	63.0	0.015873015873	0.015873015873	0.899741298687	none	0	1	0	0	0	0	0	0	0	0	0	0
21	46000020	491342	43.0	8.14096901954e-06	3.25638760782e-05	2.03524225489e-05	26.0	9.0	35.0	0.485714285714	8.25714285714	0.00405919636556	27.0	8.0	35.0	0.542857142857	10.3142857143	0.00132004376756	6.0	5.0	11.0	0.0909090909091	0.0909090909091	0.763024600553	7.0	4.0	11.0	0.272727272727	0.818181818182	0.365712296282	123	0	0	0	0	0	0	0	0	0	0	1	0
21	46500054	491059	18.0	3.05462276427e-06	1.32366986452e-05	1.01820758809e-05	9.0	6.0	15.0	0.2	0.6	0.438578026081	11.0	4.0	15.0	0.466666666667	3.26666666667	0.070701144866	3.0	2.0	5.0	0.2	0	1.0	5.0	0.0	5.0	1.0	0	1.0	na	1	0	0	0	0	0	0	0	0	0	0	0
21	47000230	490486	46.0	1.01939708779e-05	3.46595009847e-05	2.34461330191e-05	30.0	6.0	36.0	0.666666666667	16.0	6.33424836662e-05	30.0	6.0	36.0	0.666666666667	16.0	6.33424836662e-05	8.0	2.0	10.0	0.6	3.6	0.0577795711236	8.0	2.0	10.0	0.6	3.6	0.0577795711236	123	0	0	0	0	0	0	0	0	0	0	1	0
21	47500046	491192	18.0	5.08965944071e-06	1.01793188814e-05	9.67035293734e-06	9.0	2.0	11.0	0.636363636364	4.45454545455	0.0348084788119	9.0	2.0	11.0	0.636363636364	4.45454545455	0.0348084788119	4.0	3.0	7.0	0.142857142857	0	1.0	4.0	3.0	7.0	0.142857142857	0	1.0	na	1	0	0	0	0	0	0	0	0	0	0	0
21	48000092	491565	30.0	1.32230732457e-05	1.32230732457e-05	1.32230732457e-05	12.0	4.0	16.0	0.5	4.0	0.0455002638964	9.0	7.0	16.0	0.125	0.25	0.617075077452	12.0	5.0	17.0	0.411764705882	2.88235294118	0.0895550744136	9.0	8.0	17.0	0.0588235294118	0.0588235294118	0.808365155915	none	0	1	0	0	0	0	0	0	0	0	0	0
21	48500035	492110	9.0	1.01603300075e-06	8.12826400601e-06	4.57214850338e-06	5.0	3.0	8.0	0.25	0	1.0	5.0	3.0	8.0	0.25	0	1.0	1.0	0.0	1.0	1.0	0	1.0	1.0	0.0	1.0	1.0	0	1.0	na	1	0	0	0	0	0	0	0	0	0	0	0
21	49000037	493162	52.0	1.3180253142e-05	2.83882375365e-05	2.38258422182e-05	25.0	8.0	33.0	0.515151515152	8.75757575758	0.00308318609091	28.0	5.0	33.0	0.69696969697	16.0303030303	6.23367352516e-05	8.0	16.0	24.0	-0.333333333333	2.66666666667	0.10247043486	11.0	13.0	24.0	-0.0833333333333	0.166666666667	0.68309139831	123	0	0	0	0	0	0	0	0	0	0	1	0
21	49500193	491546	30.0	1.11891867699e-05	1.83095783508e-05	1.57665813576e-05	8.0	11.0	19.0	-0.157894736842	0.473684210526	0.491297124216	8.0	11.0	19.0	-0.157894736842	0.473684210526	0.491297124216	6.0	5.0	11.0	0.0909090909091	0.0909090909091	0.763024600553	6.0	5.0	11.0	0.0909090909091	0.0909090909091	0.763024600553	none	0	1	0	0	0	0	0	0	0	0	0	0
21	50000048	491265	16.0	6.10668376538e-06	1.01778062756e-05	1.01778062756e-05	8.0	2.0	10.0	0.6	3.6	0.0577795711236	8.0	2.0	10.0	0.6	3.6	0.0577795711236	6.0	0.0	6.0	1.0	0	1.0	6.0	0.0	6.0	1.0	0	1.0	na	1	0	0	0	0	0	0	0	0	0	0	0
21	50500065	490683	27.0	1.01898781902e-05	1.63038051043e-05	1.32468416473e-05	14.0	2.0	16.0	0.75	9.0	0.00269979606326	14.0	2.0	16.0	0.75	9.0	0.00269979606326	9.0	2.0	11.0	0.636363636364	4.45454545455	0.0348084788119	9.0	2.0	11.0	0.636363636364	4.45454545455	0.0348084788119	123	0	0	0	0	0	0	0	0	0	0	1	0
21	50858420	353566	70.0	4.52532200494e-05	4.52532200494e-05	4.6667383176e-05	20.0	18.0	38.0	0.0526315789474	0.105263157895	0.745602788927	21.0	17.0	38.0	0.105263157895	0.421052631579	0.516412268396	23.0	14.0	37.0	0.243243243243	2.18918918919	0.138982460293	24.0	13.0	37.0	0.297297297297	3.27027027027	0.0705460004569	none	0	1	0	0	0	0	0	0	0	0	0	0
