#chrom	coord	total	dtotal	T12	T34	T1234	DFO_left	DFO_right	DFO_total	DFO_stat	DFO_chisq	DFO_Pvalue	DIL_left	DIL_right	DIL_total	DIL_stat	DIL_chisq	DIL_Pvalue	DFI_left	DFI_right	DFI_total	DFI_stat	DFI_chisq	DFI_Pvalue	DOL_left	DOL_right	DOL_total	DOL_stat	DOL_chisq	DOL_Pvalue	introgression	introgna	intrognone	introg13	introg14	introg23	introg24	introg31	introg41	introg32	introg42	introg123	introg124
8	500018	489741	455.0	0.000172540179401	0.000234817995634	0.00021695140901	139.0	136.0	275.0	0.0109090909091	0.0327272727273	0.856440725998	140.0	135.0	275.0	0.0181818181818	0.0909090909091	0.763024600553	121.0	84.0	205.0	0.180487804878	6.67804878049	0.00976074139295	122.0	83.0	205.0	0.190243902439	7.41951219512	0.00645203052578	none	0	1	0	0	0	0	0	0	0	0	0	0
8	1000094	491119	288.0	6.71934907833e-05	0.0001934358068	0.000138459314341	134.0	81.0	215.0	0.246511627907	13.0651162791	0.000300846526732	144.0	71.0	215.0	0.339534883721	24.7860465116	6.40595231194e-07	46.0	43.0	89.0	0.0337078651685	0.101123595506	0.750485419342	56.0	33.0	89.0	0.258426966292	5.94382022472	0.0147689732192	123	0	0	0	0	0	0	0	0	0	0	1	0
8	1500011	493091	43.0	1.52101741869e-05	2.12942438617e-05	1.82522090243e-05	19.0	7.0	26.0	0.461538461538	5.53846153846	0.0186029299011	16.0	10.0	26.0	0.230769230769	1.38461538462	0.239316541221	12.0	8.0	20.0	0.2	0.8	0.371093369523	9.0	11.0	20.0	-0.1	0.2	0.654720846019	none	0	1	0	0	0	0	0	0	0	0	0	0
8	2000012	492949	35.0	7.10012597652e-06	2.53575927733e-05	1.62288593749e-05	22.0	6.0	28.0	0.571428571429	9.14285714286	0.00249690891514	20.0	8.0	28.0	0.428571428571	5.14285714286	0.0233422020129	8.0	1.0	9.0	0.777777777778	0	1.0	6.0	3.0	9.0	0.333333333333	0	1.0	na	1	0	0	0	0	0	0	0	0	0	0	0
8	2500017	489711	121.0	4.79874864971e-05	6.33026417622e-05	5.76870848317e-05	39.0	31.0	70.0	0.114285714286	0.914285714286	0.338979843979	40.0	30.0	70.0	0.142857142857	1.42857142857	0.231997723629	32.0	24.0	56.0	0.142857142857	1.14285714286	0.285049407403	33.0	23.0	56.0	0.178571428571	1.78571428571	0.181449207721	none	0	1	0	0	0	0	0	0	0	0	0	0
8	3000076	491861	150.0	5.28604626104e-05	8.74230727787e-05	7.31914097682e-05	54.0	41.0	95.0	0.136842105263	1.77894736842	0.182278636669	59.0	36.0	95.0	0.242105263158	5.56842105263	0.0182872439883	36.0	26.0	62.0	0.161290322581	1.61290322581	0.204084177766	41.0	21.0	62.0	0.322580645161	6.45161290323	0.0110851663806	none	0	1	0	0	0	0	0	0	0	0	0	0
8	3500073	492848	37.0	1.21741388826e-05	1.92757198974e-05	1.572492939e-05	12.0	13.0	25.0	-0.04	0.04	0.841480581122	11.0	14.0	25.0	-0.12	0.36	0.5485062355	12.0	3.0	15.0	0.6	5.4	0.0201367515503	11.0	4.0	15.0	0.466666666667	3.26666666667	0.070701144866	none	0	1	0	0	0	0	0	0	0	0	0	0
8	4000021	493385	28.0	6.0804442778e-06	2.02681475927e-05	1.31742959352e-05	15.0	6.0	21.0	0.428571428571	3.85714285714	0.0495346134356	14.0	7.0	21.0	0.333333333333	2.33333333333	0.126630457948	6.0	2.0	8.0	0.5	0	1.0	5.0	3.0	8.0	0.25	0	1.0	na	1	0	0	0	0	0	0	0	0	0	0	0
8	4500109	492794	78.0	2.94240595462e-05	3.95702869759e-05	3.4497173261e-05	25.0	21.0	46.0	0.0869565217391	0.347826086957	0.555346316671	21.0	25.0	46.0	-0.0869565217391	0.347826086957	0.555346316671	25.0	13.0	38.0	0.315789473684	3.78947368421	0.0515758636209	21.0	17.0	38.0	0.105263157895	0.421052631579	0.516412268396	none	0	1	0	0	0	0	0	0	0	0	0	0
8	5000162	492747	11.0	3.04415856413e-06	8.11775617102e-06	5.58095736757e-06	5.0	3.0	8.0	0.25	0	1.0	5.0	3.0	8.0	0.25	0	1.0	3.0	0.0	3.0	1.0	0	1.0	3.0	0.0	3.0	1.0	0	1.0	na	1	0	0	0	0	0	0	0	0	0	0	0
8	5500021	493146	42.0	1.52084778139e-05	2.43335645022e-05	2.0784919679e-05	18.0	9.0	27.0	0.333333333333	3.0	0.0832645166636	19.0	8.0	27.0	0.407407407407	4.48148148148	0.0342640077349	9.0	7.0	16.0	0.125	0.25	0.617075077452	10.0	6.0	16.0	0.25	1.0	0.317310507863	none	0	1	0	0	0	0	0	0	0	0	0	0
8	6000072	493505	98.0	5.1671209005e-05	3.444747267e-05	4.30593408375e-05	21.0	21.0	42.0	0.0	0	1	23.0	19.0	42.0	0.0952380952381	0.380952380952	0.537093978443	34.0	28.0	62.0	0.0967741935484	0.58064516129	0.446059549371	36.0	26.0	62.0	0.161290322581	1.61290322581	0.204084177766	na	1	0	0	0	0	0	0	0	0	0	0	0
8	6500020	493831	66.0	2.4299811069e-05	3.74622087313e-05	3.49309784116e-05	25.0	15.0	40.0	0.25	2.5	0.113846298007	23.0	17.0	40.0	0.15	0.9	0.342781711148	16.0	12.0	28.0	0.142857142857	0.571428571429	0.449691797969	14.0	14.0	28.0	0.0	0	1	na	1	0	0	0	0	0	0	0	0	0	0	0
8	7000107	493500	49.0	7.09219858156e-06	3.85005065856e-05	2.48226950355e-05	34.0	8.0	42.0	0.619047619048	16.0952380952	6.02353074229e-05	32.0	10.0	42.0	0.52380952381	11.5238095238	0.000687104384357	6.0	3.0	9.0	0.333333333333	0	1.0	4.0	5.0	9.0	-0.111111111111	0	1.0	na	1	0	0	0	0	0	0	0	0	0	0	0
8	7500266	493713	71.0	2.53183529702e-05	4.253483299e-05	3.49393270989e-05	27.0	18.0	45.0	0.2	1.8	0.179712494879	27.0	18.0	45.0	0.2	1.8	0.179712494879	17.0	11.0	28.0	0.214285714286	1.28571428571	0.256839257958	17.0	11.0	28.0	0.214285714286	1.28571428571	0.256839257958	none	0	1	0	0	0	0	0	0	0	0	0	0
8	8000034	492663	113.0	4.46552714533e-05	6.698290718e-05	5.78488743827e-05	38.0	31.0	69.0	0.101449275362	0.710144927536	0.399395703667	35.0	34.0	69.0	0.0144927536232	0.0144927536232	0.904177497499	26.0	21.0	47.0	0.106382978723	0.531914893617	0.465802909242	23.0	24.0	47.0	-0.0212765957447	0.0212765957447	0.884027968681	none	0	1	0	0	0	0	0	0	0	0	0	0
8	8500119	492807	180.0	5.88465667087e-05	0.000111605557551	8.8269850063e-05	66.0	54.0	120.0	0.1	1.2	0.273321678292	65.0	55.0	120.0	0.0833333333333	0.833333333333	0.361310428526	38.0	29.0	67.0	0.134328358209	1.20895522388	0.271539135877	37.0	30.0	67.0	0.10447761194	0.731343283582	0.392448124248	none	0	1	0	0	0	0	0	0	0	0	0	0
8	9000032	493421	40.0	1.72266685042e-05	1.9253335387e-05	1.9253335387e-05	17.0	6.0	23.0	0.478260869565	5.26086956522	0.0218101191437	16.0	7.0	23.0	0.391304347826	3.52173913043	0.0605688602027	10.0	10.0	20.0	0.0	0	1	9.0	11.0	20.0	-0.1	0.2	0.654720846019	na	1	0	0	0	0	0	0	0	0	0	0	0
8	9500123	493454	41.0	1.11459224163e-05	2.12785791583e-05	1.62122507873e-05	14.0	12.0	26.0	0.0769230769231	0.153846153846	0.694886602372	16.0	10.0	26.0	0.230769230769	1.38461538462	0.239316541221	11.0	6.0	17.0	0.294117647059	1.47058823529	0.225252906361	13.0	4.0	17.0	0.529411764706	4.76470588235	0.0290490221619	none	0	1	0	0	0	0	0	0	0	0	0	0
8	10000057	494062	29.0	4.04807493796e-06	2.22644121588e-05	1.41682622829e-05	7.0	18.0	25.0	-0.44	4.84	0.027806895027	7.0	18.0	25.0	-0.44	4.84	0.027806895027	3.0	1.0	4.0	0.5	0	1.0	3.0	1.0	4.0	0.5	0	1.0	na	1	0	0	0	0	0	0	0	0	0	0	0
8	10500028	493287	59.0	1.31769132371e-05	4.15579571325e-05	2.83810438953e-05	25.0	20.0	45.0	0.111111111111	0.555555555556	0.45605654025	27.0	18.0	45.0	0.2	1.8	0.179712494879	10.0	6.0	16.0	0.25	1.0	0.317310507863	12.0	4.0	16.0	0.5	4.0	0.0455002638964	none	0	1	0	0	0	0	0	0	0	0	0	0
8	11000320	494178	85.0	3.13652165819e-05	4.45183719227e-05	4.19889189725e-05	27.0	27.0	54.0	0.0	0	1	31.0	23.0	54.0	0.148148148148	1.18518518519	0.276302917337	22.0	17.0	39.0	0.128205128205	0.641025641026	0.423339641582	26.0	13.0	39.0	0.333333333333	4.33333333333	0.0373729883407	na	1	0	0	0	0	0	0	0	0	0	0	0
8	11500000	492885	76.0	1.92742729034e-05	5.27506416304e-05	3.90557635148e-05	42.0	13.0	55.0	0.527272727273	15.2909090909	9.21589680632e-05	40.0	15.0	55.0	0.454545454545	11.3636363636	0.000748960447639	15.0	8.0	23.0	0.304347826087	2.13043478261	0.144399792213	13.0	10.0	23.0	0.130434782609	0.391304347826	0.531614576882	123	0	0	0	0	0	0	0	0	0	0	1	0
8	12000013	493776	19.0	2.02520981174e-06	1.41764686822e-05	8.10083924695e-06	16.0	1.0	17.0	0.882352941176	13.2352941176	0.000274726763808	16.0	1.0	17.0	0.882352941176	13.2352941176	0.000274726763808	2.0	2.0	4.0	0.0	0	1.0	2.0	2.0	4.0	0.0	0	1.0	na	1	0	0	0	0	0	0	0	0	0	0	0
8	12500166	494056	45.0	1.21443722979e-05	2.93488997199e-05	2.17586670337e-05	19.0	13.0	32.0	0.1875	1.125	0.288844366346	19.0	13.0	32.0	0.1875	1.125	0.288844366346	8.0	7.0	15.0	0.0666666666667	0.0666666666667	0.796253414738	8.0	7.0	15.0	0.0666666666667	0.0666666666667	0.796253414738	none	0	1	0	0	0	0	0	0	0	0	0	0
8	13000008	493495	16.0	0.0	1.62109038592e-05	1.0131814912e-05	16.0	0.0	16.0	1.0	16.0	6.33424836662e-05	16.0	0.0	16.0	1.0	16.0	6.33424836662e-05	0.0	0.0	0.0	0	0	1.0	0.0	0.0	0.0	0	0	1.0	na	1	0	0	0	0	0	0	0	0	0	0	0
8	13500140	492895	54.0	1.21729780176e-05	3.65189340529e-05	2.43459560353e-05	32.0	10.0	42.0	0.52380952381	11.5238095238	0.000687104384357	29.0	13.0	42.0	0.380952380952	6.09523809524	0.0135546660648	10.0	7.0	17.0	0.176470588235	0.529411764706	0.466854270823	7.0	10.0	17.0	-0.176470588235	0.529411764706	0.466854270823	none	0	1	0	0	0	0	0	0	0	0	0	0
8	14000143	493648	25.0	7.09007227822e-06	1.82316144297e-05	1.2660843354e-05	14.0	4.0	18.0	0.555555555556	5.55555555556	0.0184221254541	14.0	4.0	18.0	0.555555555556	5.55555555556	0.0184221254541	4.0	3.0	7.0	0.142857142857	0	1.0	4.0	3.0	7.0	0.142857142857	0	1.0	na	1	0	0	0	0	0	0	0	0	0	0	0
8	14500082	493652	20.0	1.01285926118e-06	1.82314667012e-05	9.62216298121e-06	16.0	3.0	19.0	0.684210526316	8.89473684211	0.00285993820846	16.0	3.0	19.0	0.684210526316	8.89473684211	0.00285993820846	0.0	1.0	1.0	-1.0	0	1.0	0.0	1.0	1.0	-1.0	0	1.0	na	1	0	0	0	0	0	0	0	0	0	0	0
8	15000032	493615	21.0	7.09054627594e-06	1.41810925519e-05	1.06358194139e-05	5.0	9.0	14.0	-0.285714285714	1.14285714286	0.285049407403	5.0	9.0	14.0	-0.285714285714	1.14285714286	0.285049407403	5.0	2.0	7.0	0.428571428571	0	1.0	5.0	2.0	7.0	0.428571428571	0	1.0	na	1	0	0	0	0	0	0	0	0	0	0	0
8	15500146	494087	26.0	1.41675453918e-05	1.01196752799e-05	1.31555778638e-05	6.0	6.0	12.0	0.0	0	1	5.0	7.0	12.0	-0.166666666667	0.333333333333	0.563702861651	10.0	5.0	15.0	0.333333333333	1.66666666667	0.196705602459	9.0	6.0	15.0	0.2	0.6	0.438578026081	na	1	0	0	0	0	0	0	0	0	0	0	0
8	16000426	493625	114.0	4.15295011395e-05	6.28007090403e-05	5.31780197518e-05	47.0	25.0	72.0	0.305555555556	6.72222222222	0.0095218911841	45.0	27.0	72.0	0.25	4.5	0.0338948535247	25.0	23.0	48.0	0.0416666666667	0.0833333333333	0.772829992684	23.0	25.0	48.0	-0.0416666666667	0.0833333333333	0.772829992684	none	0	1	0	0	0	0	0	0	0	0	0	0
8	16500042	492996	19.0	3.04262103546e-06	1.62273121891e-05	9.63496661231e-06	13.0	3.0	16.0	0.625	6.25	0.0124193306516	13.0	3.0	16.0	0.625	6.25	0.0124193306516	2.0	1.0	3.0	0.333333333333	0	1.0	2.0	1.0	3.0	0.333333333333	0	1.0	na	1	0	0	0	0	0	0	0	0	0	0	0
8	17000106	492919	97.0	3.85458868496e-05	4.56464449534e-05	4.20961659015e-05	33.0	24.0	57.0	0.157894736842	1.42105263158	0.233230222782	27.0	30.0	57.0	-0.0526315789474	0.157894736842	0.691102223845	35.0	15.0	50.0	0.4	8.0	0.00467773498105	29.0	21.0	50.0	0.16	1.28	0.257899035292	none	0	1	0	0	0	0	0	0	0	0	0	0
8	17500019	492773	63.0	2.23226516063e-05	3.34839774095e-05	2.891798049e-05	21.0	17.0	38.0	0.105263157895	0.421052631579	0.516412268396	22.0	16.0	38.0	0.157894736842	0.947368421053	0.330390048849	14.0	12.0	26.0	0.0769230769231	0.153846153846	0.694886602372	15.0	11.0	26.0	0.153846153846	0.615384615385	0.432767580668	none	0	1	0	0	0	0	0	0	0	0	0	0
8	18000122	493439	99.0	4.25584520072e-05	4.66116379127e-05	4.66116379127e-05	32.0	21.0	53.0	0.207547169811	2.28301886792	0.130797061807	31.0	22.0	53.0	0.169811320755	1.52830188679	0.216367480258	30.0	21.0	51.0	0.176470588235	1.58823529412	0.207578442336	29.0	22.0	51.0	0.137254901961	0.960784313725	0.326989349598	none	0	1	0	0	0	0	0	0	0	0	0	0
8	18500025	492562	101.0	3.45134216606e-05	5.88758369505e-05	4.87248305797e-05	52.0	14.0	66.0	0.575757575758	21.8787878788	2.90426622718e-06	48.0	18.0	66.0	0.454545454545	13.6363636364	0.000221846680663	23.0	18.0	41.0	0.121951219512	0.609756097561	0.434879658496	19.0	22.0	41.0	-0.0731707317073	0.219512195122	0.639411852803	123	0	0	0	0	0	0	0	0	0	0	1	0
8	19000077	492871	51.0	1.92748203891e-05	2.94194626992e-05	2.43471415441e-05	20.0	12.0	32.0	0.25	2.0	0.15729920705	21.0	11.0	32.0	0.3125	3.125	0.0770998717435	15.0	7.0	22.0	0.363636363636	2.90909090909	0.0880815116622	16.0	6.0	22.0	0.454545454545	4.54545454545	0.0330062576612	none	0	1	0	0	0	0	0	0	0	0	0	0
8	19500110	492644	82.0	2.63882235448e-05	4.97316520652e-05	4.11047328294e-05	40.0	15.0	55.0	0.454545454545	11.3636363636	0.000748960447639	37.0	18.0	55.0	0.345454545455	6.56363636364	0.0104083461878	22.0	10.0	32.0	0.375	4.5	0.0338948535247	19.0	13.0	32.0	0.1875	1.125	0.288844366346	none	0	1	0	0	0	0	0	0	0	0	0	0
8	20000166	492643	79.0	2.74032108444e-05	4.3642150604e-05	3.75525481941e-05	28.0	22.0	50.0	0.12	0.72	0.396143909152	31.0	19.0	50.0	0.24	2.88	0.0896860217704	19.0	13.0	32.0	0.1875	1.125	0.288844366346	22.0	10.0	32.0	0.375	4.5	0.0338948535247	none	0	1	0	0	0	0	0	0	0	0	0	0
8	20500154	492140	60.0	1.62555370423e-05	4.06388426058e-05	2.8447189824e-05	28.0	14.0	42.0	0.333333333333	4.66666666667	0.0307535612593	29.0	13.0	42.0	0.380952380952	6.09523809524	0.0135546660648	9.0	10.0	19.0	-0.0526315789474	0.0526315789474	0.818545808382	10.0	9.0	19.0	0.0526315789474	0.0526315789474	0.818545808382	none	0	1	0	0	0	0	0	0	0	0	0	0
8	21000051	491752	179.0	6.71069970229e-05	0.000106761131627	8.89676096894e-05	64.0	48.0	112.0	0.142857142857	2.28571428571	0.130570018116	61.0	51.0	112.0	0.0892857142857	0.892857142857	0.344704222007	50.0	20.0	70.0	0.428571428571	12.8571428571	0.000336193504748	47.0	23.0	70.0	0.342857142857	8.22857142857	0.00412359760131	none	0	1	0	0	0	0	0	0	0	0	0	0
8	21500173	492791	122.0	4.15997857104e-05	6.29069930254e-05	5.83411628865e-05	46.0	28.0	74.0	0.243243243243	4.37837837838	0.0363976100037	44.0	30.0	74.0	0.189189189189	2.64864864865	0.103637964014	28.0	26.0	54.0	0.037037037037	0.0740740740741	0.785494747118	26.0	28.0	54.0	-0.037037037037	0.0740740740741	0.785494747118	none	0	1	0	0	0	0	0	0	0	0	0	0
8	22000015	492195	80.0	3.35232986926e-05	3.86025863733e-05	3.91105151414e-05	21.0	24.0	45.0	-0.0666666666667	0.2	0.654720846019	25.0	20.0	45.0	0.111111111111	0.555555555556	0.45605654025	23.0	16.0	39.0	0.179487179487	1.25641025641	0.262331675408	27.0	12.0	39.0	0.384615384615	5.76923076923	0.0163091718778	none	0	1	0	0	0	0	0	0	0	0	0	0
8	22500208	493573	113.0	2.43125130427e-05	8.30677528957e-05	5.57161757227e-05	54.0	33.0	87.0	0.241379310345	5.06896551724	0.024357915718	56.0	31.0	87.0	0.287356321839	7.18390804598	0.00735603065815	14.0	16.0	30.0	-0.0666666666667	0.133333333333	0.715000654688	16.0	14.0	30.0	0.0666666666667	0.133333333333	0.715000654688	none	0	1	0	0	0	0	0	0	0	0	0	0
8	23000142	492642	131.0	6.08961477097e-05	6.08961477097e-05	6.29260193e-05	34.0	32.0	66.0	0.030303030303	0.0606060606061	0.805540588667	33.0	33.0	66.0	0.0	0	1	31.0	39.0	70.0	-0.114285714286	0.914285714286	0.338979843979	30.0	40.0	70.0	-0.142857142857	1.42857142857	0.231997723629	na	1	0	0	0	0	0	0	0	0	0	0	0
8	23500095	492778	58.0	1.11612125541e-05	3.34836376624e-05	2.43517364817e-05	30.0	15.0	45.0	0.333333333333	5.0	0.0253473186775	26.0	19.0	45.0	0.155555555556	1.08888888889	0.296717526322	13.0	4.0	17.0	0.529411764706	4.76470588235	0.0290490221619	9.0	8.0	17.0	0.0588235294118	0.0588235294118	0.808365155915	none	0	1	0	0	0	0	0	0	0	0	0	0
8	24000216	492864	74.0	2.84054018959e-05	4.15936242046e-05	3.80429489677e-05	27.0	19.0	46.0	0.173913043478	1.39130434783	0.238184949992	27.0	19.0	46.0	0.173913043478	1.39130434783	0.238184949992	17.0	15.0	32.0	0.0625	0.125	0.723673609832	17.0	15.0	32.0	0.0625	0.125	0.723673609832	none	0	1	0	0	0	0	0	0	0	0	0	0
8	24500008	492579	87.0	2.53766400922e-05	5.58286082029e-05	4.36478209587e-05	42.0	20.0	62.0	0.354838709677	7.8064516129	0.00520600288718	40.0	22.0	62.0	0.290322580645	5.22580645161	0.0222541248231	23.0	6.0	29.0	0.586206896552	9.96551724138	0.00159499361695	21.0	8.0	29.0	0.448275862069	5.8275862069	0.0157767563889	none	0	1	0	0	0	0	0	0	0	0	0	0
8	25000034	492875	54.0	2.13035759574e-05	2.94192239412e-05	2.63758559472e-05	21.0	11.0	32.0	0.3125	3.125	0.0770998717435	21.0	11.0	32.0	0.3125	3.125	0.0770998717435	15.0	9.0	24.0	0.25	1.5	0.22067136192	15.0	9.0	24.0	0.25	1.5	0.22067136192	none	0	1	0	0	0	0	0	0	0	0	0	0
8	25500004	492768	98.0	4.7689785051e-05	4.66751087733e-05	5.02264757452e-05	22.0	29.0	51.0	-0.137254901961	0.960784313725	0.326989349598	24.0	27.0	51.0	-0.0588235294118	0.176470588235	0.674424072235	28.0	23.0	51.0	0.0980392156863	0.490196078431	0.483839851394	30.0	21.0	51.0	0.176470588235	1.58823529412	0.207578442336	none	0	1	0	0	0	0	0	0	0	0	0	0
8	26000000	492935	77.0	2.43439804437e-05	4.86879608873e-05	3.65159706655e-05	38.0	14.0	52.0	0.461538461538	11.0769230769	0.000874087211298	37.0	15.0	52.0	0.423076923077	9.30769230769	0.00228193725332	18.0	10.0	28.0	0.285714285714	2.28571428571	0.130570018116	17.0	11.0	28.0	0.214285714286	1.28571428571	0.256839257958	123	0	0	0	0	0	0	0	0	0	0	1	0
8	26500080	493069	63.0	1.52108528421e-05	4.05622742456e-05	2.89006204e-05	27.0	20.0	47.0	0.148936170213	1.04255319149	0.307228409731	29.0	18.0	47.0	0.234042553191	2.57446808511	0.108600601382	9.0	9.0	18.0	0.0	0	1	11.0	7.0	18.0	0.222222222222	0.888888888889	0.345778586151	na	1	0	0	0	0	0	0	0	0	0	0	0
8	27000011	493960	31.0	7.08559397522e-06	2.02445542149e-05	1.56895295166e-05	18.0	5.0	23.0	0.565217391304	7.34782608696	0.00671438978555	19.0	4.0	23.0	0.652173913043	9.78260869565	0.00176170192143	5.0	4.0	9.0	0.111111111111	0	1.0	6.0	3.0	9.0	0.333333333333	0	1.0	na	1	0	0	0	0	0	0	0	0	0	0	0
8	27500219	493843	23.0	5.06233762552e-06	1.21496103012e-05	8.60597396339e-06	12.0	4.0	16.0	0.5	4.0	0.0455002638964	13.0	3.0	16.0	0.625	6.25	0.0124193306516	6.0	2.0	8.0	0.5	0	1.0	7.0	1.0	8.0	0.75	0	1.0	na	1	0	0	0	0	0	0	0	0	0	0	0
8	28000039	493420	66.0	1.62133679219e-05	4.45867617851e-05	3.14134003486e-05	32.0	17.0	49.0	0.30612244898	4.59183673469	0.0321245712077	33.0	16.0	49.0	0.34693877551	5.89795918367	0.0151584388774	11.0	9.0	20.0	0.1	0.2	0.654720846019	12.0	8.0	20.0	0.2	0.8	0.371093369523	none	0	1	0	0	0	0	0	0	0	0	0	0
8	28500035	492659	80.0	1.42086108241e-05	5.48046417502e-05	3.75513286066e-05	49.0	13.0	62.0	0.58064516129	20.9032258065	4.83080395841e-06	47.0	15.0	62.0	0.516129032258	16.5161290323	4.82379852373e-05	19.0	3.0	22.0	0.727272727273	11.6363636364	0.000646749122576	17.0	5.0	22.0	0.545454545455	6.54545454545	0.0105152459359	13	0	0	1	0	0	0	0	0	0	0	0	0
8	29000160	493180	96.0	3.24425159171e-05	5.37329169877e-05	4.61292023196e-05	37.0	27.0	64.0	0.15625	1.5625	0.211299547334	38.0	26.0	64.0	0.1875	2.25	0.133614402538	25.0	16.0	41.0	0.219512195122	1.9756097561	0.159853674838	26.0	15.0	41.0	0.268292682927	2.9512195122	0.0858127806506	none	0	1	0	0	0	0	0	0	0	0	0	0
8	29500150	493245	58.0	1.72328153352e-05	3.75067157295e-05	2.93971555718e-05	28.0	12.0	40.0	0.4	6.4	0.011412036386	27.0	13.0	40.0	0.35	4.9	0.0268566955075	9.0	12.0	21.0	-0.142857142857	0.428571428571	0.512690760262	8.0	13.0	21.0	-0.238095238095	1.19047619048	0.275233524075	none	0	1	0	0	0	0	0	0	0	0	0	0
8	30000030	493974	84.0	2.83415726334e-05	4.85855530858e-05	4.25123589501e-05	31.0	25.0	56.0	0.107142857143	0.642857142857	0.422678074171	28.0	28.0	56.0	0.0	0	1	22.0	13.0	35.0	0.257142857143	2.31428571429	0.128190174345	19.0	16.0	35.0	0.0857142857143	0.257142857143	0.612089880089	na	1	0	0	0	0	0	0	0	0	0	0	0
8	30500063	493673	21.0	1.01281617589e-06	2.02563235178e-05	1.06345698468e-05	18.0	2.0	20.0	0.8	12.8	0.000346619351135	18.0	2.0	20.0	0.8	12.8	0.000346619351135	1.0	0.0	1.0	1.0	0	1.0	1.0	0.0	1.0	1.0	0	1.0	na	1	0	0	0	0	0	0	0	0	0	0	0
8	31000135	493017	24.0	0.0	2.33257676713e-05	1.26770476474e-05	19.0	5.0	24.0	0.583333333333	8.16666666667	0.00426672482218	20.0	4.0	24.0	0.666666666667	10.6666666667	0.00109083517613	0.0	1.0	1.0	-1.0	0	1.0	1.0	0.0	1.0	1.0	0	1.0	na	1	0	0	0	0	0	0	0	0	0	0	0
8	31500135	493124	40.0	1.41952125632e-05	2.23067625993e-05	2.23067625993e-05	18.0	6.0	24.0	0.5	6.0	0.0143058784354	17.0	7.0	24.0	0.416666666667	4.16666666667	0.0412268333372	12.0	5.0	17.0	0.411764705882	2.88235294118	0.0895550744136	11.0	6.0	17.0	0.294117647059	1.47058823529	0.225252906361	none	0	1	0	0	0	0	0	0	0	0	0	0
8	32000006	493907	64.0	2.1259062941e-05	3.94811168904e-05	3.03700899157e-05	24.0	18.0	42.0	0.142857142857	0.857142857143	0.354539479774	26.0	16.0	42.0	0.238095238095	2.38095238095	0.122822648101	18.0	6.0	24.0	0.5	6.0	0.0143058784354	20.0	4.0	24.0	0.666666666667	10.6666666667	0.00109083517613	none	0	1	0	0	0	0	0	0	0	0	0	0
8	32500013	493715	51.0	1.11400301794e-05	2.83564404565e-05	2.27864253669e-05	31.0	6.0	37.0	0.675675675676	16.8918918919	3.95702499234e-05	24.0	13.0	37.0	0.297297297297	3.27027027027	0.0705460004569	14.0	7.0	21.0	0.333333333333	2.33333333333	0.126630457948	7.0	14.0	21.0	-0.333333333333	2.33333333333	0.126630457948	none	0	1	0	0	0	0	0	0	0	0	0	0
8	33000128	493628	52.0	8.103268048e-06	4.1529248746e-05	2.5829166903e-05	37.0	7.0	44.0	0.681818181818	20.4545454545	6.10643575905e-06	35.0	9.0	44.0	0.590909090909	15.3636363636	8.86785829959e-05	7.0	3.0	10.0	0.4	1.6	0.205903210732	5.0	5.0	10.0	0.0	0	1	na	1	0	0	0	0	0	0	0	0	0	0	0
8	33500216	493035	85.0	3.24520571562e-05	4.76639589481e-05	4.41145151967e-05	31.0	19.0	50.0	0.24	2.88	0.0896860217704	31.0	19.0	50.0	0.24	2.88	0.0896860217704	18.0	19.0	37.0	-0.027027027027	0.027027027027	0.869417060741	18.0	19.0	37.0	-0.027027027027	0.027027027027	0.869417060741	none	0	1	0	0	0	0	0	0	0	0	0	0
8	34000148	492886	75.0	2.23175338719e-05	4.97072345329e-05	3.60123842024e-05	33.0	19.0	52.0	0.269230769231	3.76923076923	0.0522036353413	30.0	22.0	52.0	0.153846153846	1.23076923077	0.267257493154	21.0	5.0	26.0	0.615384615385	9.84615384615	0.00170187209267	18.0	8.0	26.0	0.384615384615	3.84615384615	0.0498602037569	none	0	1	0	0	0	0	0	0	0	0	0	0
8	34500022	493380	37.0	1.01341764968e-05	2.73622765414e-05	1.87482265191e-05	19.0	8.0	27.0	0.407407407407	4.48148148148	0.0342640077349	19.0	8.0	27.0	0.407407407407	4.48148148148	0.0342640077349	7.0	3.0	10.0	0.4	1.6	0.205903210732	7.0	3.0	10.0	0.4	1.6	0.205903210732	none	0	1	0	0	0	0	0	0	0	0	0	0
8	35000019	493802	42.0	6.07530953702e-06	3.54393056326e-05	2.07573075848e-05	32.0	4.0	36.0	0.777777777778	21.7777777778	3.06125347305e-06	33.0	3.0	36.0	0.833333333333	25.0	5.73303143736e-07	1.0	6.0	7.0	-0.714285714286	0	1.0	2.0	5.0	7.0	-0.428571428571	0	1.0	na	1	0	0	0	0	0	0	0	0	0	0	0
8	35500320	494154	94.0	3.44022308835e-05	4.75560250448e-05	4.09791279642e-05	43.0	17.0	60.0	0.433333333333	11.2666666667	0.000789112989016	42.0	18.0	60.0	0.4	9.6	0.00194577369374	25.0	18.0	43.0	0.162790697674	1.13953488372	0.285750630373	24.0	19.0	43.0	0.116279069767	0.581395348837	0.445765907915	123	0	0	0	0	0	0	0	0	0	0	1	0
8	36000035	494337	66.0	1.11260132258e-05	5.057278739e-05	3.18608560557e-05	30.0	24.0	54.0	0.111111111111	0.666666666667	0.414216178243	32.0	22.0	54.0	0.185185185185	1.85185185185	0.173568166556	8.0	6.0	14.0	0.142857142857	0.285714285714	0.592980098017	10.0	4.0	14.0	0.428571428571	2.57142857143	0.108809430041	none	0	1	0	0	0	0	0	0	0	0	0	0
8	36500034	493469	98.0	3.74896903352e-05	5.57279180658e-05	4.76220390744e-05	32.0	29.0	61.0	0.0491803278689	0.147540983607	0.700896445856	37.0	24.0	61.0	0.213114754098	2.77049180328	0.0960166565958	19.0	23.0	42.0	-0.0952380952381	0.380952380952	0.537093978443	24.0	18.0	42.0	0.142857142857	0.857142857143	0.354539479774	none	0	1	0	0	0	0	0	0	0	0	0	0
8	37000061	493916	74.0	1.31601324922e-05	5.36528478527e-05	3.44188080564e-05	41.0	19.0	60.0	0.366666666667	8.06666666667	0.0045086983649	39.0	21.0	60.0	0.3	5.4	0.0201367515503	10.0	8.0	18.0	0.111111111111	0.222222222222	0.637351888234	8.0	10.0	18.0	-0.111111111111	0.222222222222	0.637351888234	none	0	1	0	0	0	0	0	0	0	0	0	0
8	37500064	493316	65.0	2.22980807434e-05	3.34471211151e-05	2.78726009292e-05	23.0	15.0	38.0	0.210526315789	1.68421052632	0.194365910803	25.0	13.0	38.0	0.315789473684	3.78947368421	0.0515758636209	13.0	18.0	31.0	-0.161290322581	0.806451612903	0.369171416333	15.0	16.0	31.0	-0.0322580645161	0.0322580645161	0.857462441959	none	0	1	0	0	0	0	0	0	0	0	0	0
8	38000145	493440	38.0	1.21595330739e-05	2.43190661479e-05	2.02658884565e-05	14.0	11.0	25.0	0.12	0.36	0.5485062355	14.0	11.0	25.0	0.12	0.36	0.5485062355	7.0	6.0	13.0	0.0769230769231	0.0769230769231	0.781511294999	7.0	6.0	13.0	0.0769230769231	0.0769230769231	0.781511294999	none	0	1	0	0	0	0	0	0	0	0	0	0
8	38500013	493172	53.0	8.11076054602e-06	4.25814928666e-05	2.73738168428e-05	32.0	13.0	45.0	0.422222222222	8.02222222222	0.00462068396336	33.0	12.0	45.0	0.466666666667	9.8	0.00174511869953	3.0	6.0	9.0	-0.333333333333	0	1.0	4.0	5.0	9.0	-0.111111111111	0	1.0	na	1	0	0	0	0	0	0	0	0	0	0	0
8	39000011	493411	14.0	3.0400619362e-06	9.12018580859e-06	6.08012387239e-06	4.0	7.0	11.0	-0.272727272727	0.818181818182	0.365712296282	4.0	7.0	11.0	-0.272727272727	0.818181818182	0.365712296282	1.0	2.0	3.0	-0.333333333333	0	1.0	1.0	2.0	3.0	-0.333333333333	0	1.0	na	1	0	0	0	0	0	0	0	0	0	0	0
8	39500090	493078	19.0	2.02807669375e-06	1.622461355e-05	1.01403834687e-05	13.0	4.0	17.0	0.529411764706	4.76470588235	0.0290490221619	12.0	5.0	17.0	0.411764705882	2.88235294118	0.0895550744136	1.0	2.0	3.0	-0.333333333333	0	1.0	0.0	3.0	3.0	-1.0	0	1.0	na	1	0	0	0	0	0	0	0	0	0	0	0
8	40000034	493429	23.0	4.0532680487e-06	1.62130721948e-05	1.01331701217e-05	14.0	5.0	19.0	0.473684210526	4.26315789474	0.038947455742	13.0	6.0	19.0	0.368421052632	2.57894736842	0.108293655899	3.0	2.0	5.0	0.2	0	1.0	2.0	3.0	5.0	-0.2	0	1.0	na	1	0	0	0	0	0	0	0	0	0	0	0
8	40500208	493154	16.0	4.05552829339e-06	7.09717451344e-06	5.57635140342e-06	7.0	4.0	11.0	0.272727272727	0.818181818182	0.365712296282	6.0	5.0	11.0	0.0909090909091	0.0909090909091	0.763024600553	7.0	1.0	8.0	0.75	0	1.0	6.0	2.0	8.0	0.5	0	1.0	na	1	0	0	0	0	0	0	0	0	0	0	0
8	41000139	493872	65.0	2.3285385687e-05	3.54342825671e-05	3.13846502738e-05	27.0	14.0	41.0	0.317073170732	4.12195121951	0.0423302291214	24.0	17.0	41.0	0.170731707317	1.19512195122	0.274298827396	18.0	11.0	29.0	0.241379310345	1.68965517241	0.193646431269	15.0	14.0	29.0	0.0344827586207	0.0344827586207	0.852683684335	none	0	1	0	0	0	0	0	0	0	0	0	0
8	41500217	493664	98.0	3.54492124198e-05	5.57059052311e-05	4.6590393466e-05	39.0	21.0	60.0	0.3	5.4	0.0201367515503	37.0	23.0	60.0	0.233333333333	3.26666666667	0.070701144866	28.0	14.0	42.0	0.333333333333	4.66666666667	0.0307535612593	26.0	16.0	42.0	0.238095238095	2.38095238095	0.122822648101	none	0	1	0	0	0	0	0	0	0	0	0	0
8	42000013	493111	65.0	2.23073506776e-05	3.54889669871e-05	2.99121293177e-05	30.0	9.0	39.0	0.538461538462	11.3076923077	0.000771866448829	27.0	12.0	39.0	0.384615384615	5.76923076923	0.0163091718778	18.0	11.0	29.0	0.241379310345	1.68965517241	0.193646431269	15.0	14.0	29.0	0.0344827586207	0.0344827586207	0.852683684335	none	0	1	0	0	0	0	0	0	0	0	0	0
8	42500068	494041	10.0	2.02412350392e-06	8.09649401568e-06	5.0603087598e-06	7.0	1.0	8.0	0.75	0	1.0	7.0	1.0	8.0	0.75	0	1.0	1.0	1.0	2.0	0.0	0	1.0	1.0	1.0	2.0	0.0	0	1.0	na	1	0	0	0	0	0	0	0	0	0	0	0
8	43000332	492813	45.0	7.10208537518e-06	3.55104268759e-05	2.13062561255e-05	33.0	5.0	38.0	0.736842105263	20.6315789474	5.56702423693e-06	32.0	6.0	38.0	0.684210526316	17.7894736842	2.46744572945e-05	9.0	1.0	10.0	0.8	6.4	0.011412036386	8.0	2.0	10.0	0.6	3.6	0.0577795711236	123	0	0	0	0	0	0	0	0	0	0	1	0
8	43500079	492525	16.0	3.04553068372e-06	1.31972996295e-05	9.13659205116e-06	12.0	1.0	13.0	0.846153846154	9.30769230769	0.00228193725332	12.0	1.0	13.0	0.846153846154	9.30769230769	0.00228193725332	2.0	1.0	3.0	0.333333333333	0	1.0	2.0	1.0	3.0	0.333333333333	0	1.0	na	1	0	0	0	0	0	0	0	0	0	0	0
8	44000003	492412	47.0	2.13236070608e-05	2.33544267808e-05	2.23390169208e-05	16.0	10.0	26.0	0.230769230769	1.38461538462	0.239316541221	14.0	12.0	26.0	0.0769230769231	0.153846153846	0.694886602372	16.0	7.0	23.0	0.391304347826	3.52173913043	0.0605688602027	14.0	9.0	23.0	0.217391304348	1.08695652174	0.297146530348	none	0	1	0	0	0	0	0	0	0	0	0	0
8	44500085	492740	63.0	8.11787149409e-06	4.56630271543e-05	2.68904493242e-05	37.0	18.0	55.0	0.345454545455	6.56363636364	0.0104083461878	41.0	14.0	55.0	0.490909090909	13.2545454545	0.000271919711768	9.0	7.0	16.0	0.125	0.25	0.617075077452	13.0	3.0	16.0	0.625	6.25	0.0124193306516	none	0	1	0	0	0	0	0	0	0	0	0	0
8	45000045	494213	22.0	5.05854763027e-06	1.11288047866e-05	9.10538573449e-06	12.0	2.0	14.0	0.714285714286	7.14285714286	0.00752631516646	12.0	2.0	14.0	0.714285714286	7.14285714286	0.00752631516646	8.0	2.0	10.0	0.6	3.6	0.0577795711236	8.0	2.0	10.0	0.6	3.6	0.0577795711236	123	0	0	0	0	0	0	0	0	0	0	1	0
8	45500003	493369	92.0	3.34435280693e-05	5.37123329597e-05	4.4591370759e-05	46.0	12.0	58.0	0.586206896552	19.9310344828	8.02864199734e-06	43.0	15.0	58.0	0.48275862069	13.5172413793	0.000236381636519	20.0	17.0	37.0	0.0810810810811	0.243243243243	0.621873424331	17.0	20.0	37.0	-0.0810810810811	0.243243243243	0.621873424331	123	0	0	0	0	0	0	0	0	0	0	1	0
8	46000081	492895	52.0	2.94180302093e-05	2.02882966961e-05	2.48531634527e-05	12.0	10.0	22.0	0.0909090909091	0.181818181818	0.669815357599	13.0	9.0	22.0	0.181818181818	0.727272727273	0.393768634643	18.0	13.0	31.0	0.161290322581	0.806451612903	0.369171416333	19.0	12.0	31.0	0.225806451613	1.58064516129	0.208667787698	none	0	1	0	0	0	0	0	0	0	0	0	0
8	46500098	492875	24.0	3.04336799391e-06	1.52168399696e-05	9.13010398174e-06	12.0	9.0	21.0	0.142857142857	0.428571428571	0.512690760262	15.0	6.0	21.0	0.428571428571	3.85714285714	0.0495346134356	2.0	4.0	6.0	-0.333333333333	0	1.0	5.0	1.0	6.0	0.666666666667	0	1.0	na	1	0	0	0	0	0	0	0	0	0	0	0
8	47000041	492999	32.0	5.07100420082e-06	2.23124184836e-05	1.47059121824e-05	22.0	5.0	27.0	0.62962962963	10.7037037037	0.00106921275492	21.0	6.0	27.0	0.555555555556	8.33333333333	0.00389241712278	6.0	0.0	6.0	1.0	0	1.0	5.0	1.0	6.0	0.666666666667	0	1.0	na	1	0	0	0	0	0	0	0	0	0	0	0
8	47500018	493393	30.0	4.05356379195e-06	2.43213827517e-05	1.41874732718e-05	23.0	1.0	24.0	0.916666666667	20.1666666667	7.09790833087e-06	23.0	1.0	24.0	0.916666666667	20.1666666667	7.09790833087e-06	4.0	2.0	6.0	0.333333333333	0	1.0	4.0	2.0	6.0	0.333333333333	0	1.0	na	1	0	0	0	0	0	0	0	0	0	0	0
8	48000002	492880	53.0	1.92744684304e-05	3.24622626197e-05	2.58683655251e-05	21.0	12.0	33.0	0.272727272727	2.45454545455	0.117185087198	22.0	11.0	33.0	0.333333333333	3.66666666667	0.0555110980979	16.0	5.0	21.0	0.52380952381	5.7619047619	0.0163773083415	17.0	4.0	21.0	0.619047619048	8.04761904762	0.00455634980319	none	0	1	0	0	0	0	0	0	0	0	0	0
8	48500018	493794	20.0	3.03770398182e-06	1.51885199091e-05	9.11311194547e-06	12.0	5.0	17.0	0.411764705882	2.88235294118	0.0895550744136	12.0	5.0	17.0	0.411764705882	2.88235294118	0.0895550744136	2.0	1.0	3.0	0.333333333333	0	1.0	2.0	1.0	3.0	0.333333333333	0	1.0	na	1	0	0	0	0	0	0	0	0	0	0	0
8	49000004	493707	14.0	3.03823927957e-06	1.11402106918e-05	7.08922498567e-06	6.0	5.0	11.0	0.0909090909091	0.0909090909091	0.763024600553	6.0	5.0	11.0	0.0909090909091	0.0909090909091	0.763024600553	2.0	1.0	3.0	0.333333333333	0	1.0	2.0	1.0	3.0	0.333333333333	0	1.0	na	1	0	0	0	0	0	0	0	0	0	0	0
8	49500208	493046	17.0	3.042312482e-06	1.2169249928e-05	7.605781205e-06	8.0	6.0	14.0	0.142857142857	0.285714285714	0.592980098017	8.0	6.0	14.0	0.142857142857	0.285714285714	0.592980098017	2.0	1.0	3.0	0.333333333333	0	1.0	2.0	1.0	3.0	0.333333333333	0	1.0	na	1	0	0	0	0	0	0	0	0	0	0	0
8	50000269	492309	45.0	6.09373381352e-06	3.65624028811e-05	2.23436906496e-05	27.0	10.0	37.0	0.459459459459	7.81081081081	0.00519345973807	27.0	10.0	37.0	0.459459459459	7.81081081081	0.00519345973807	7.0	1.0	8.0	0.75	0	1.0	7.0	1.0	8.0	0.75	0	1.0	na	1	0	0	0	0	0	0	0	0	0	0	0
8	50500037	492592	32.0	1.52255822263e-05	1.62406210413e-05	1.57331016338e-05	14.0	3.0	17.0	0.647058823529	7.11764705882	0.00763288178779	14.0	3.0	17.0	0.647058823529	7.11764705882	0.00763288178779	12.0	3.0	15.0	0.6	5.4	0.0201367515503	12.0	3.0	15.0	0.6	5.4	0.0201367515503	123	0	0	0	0	0	0	0	0	0	0	1	0
8	51000171	493397	39.0	1.62141237178e-05	1.82408891825e-05	1.92542719149e-05	12.0	10.0	22.0	0.0909090909091	0.181818181818	0.669815357599	16.0	6.0	22.0	0.454545454545	4.54545454545	0.0330062576612	10.0	11.0	21.0	-0.047619047619	0.047619047619	0.827259346563	14.0	7.0	21.0	0.333333333333	2.33333333333	0.126630457948	none	0	1	0	0	0	0	0	0	0	0	0	0
8	51500039	493339	33.0	5.06750935969e-06	2.63510486704e-05	1.5709279015e-05	16.0	11.0	27.0	0.185185185185	0.925925925926	0.335923813152	16.0	11.0	27.0	0.185185185185	0.925925925926	0.335923813152	5.0	1.0	6.0	0.666666666667	0	1.0	5.0	1.0	6.0	0.666666666667	0	1.0	na	1	0	0	0	0	0	0	0	0	0	0	0
8	52000076	493056	23.0	2.02816718588e-06	2.12957554517e-05	1.16619613188e-05	19.0	2.0	21.0	0.809523809524	13.7619047619	0.000207501594062	19.0	2.0	21.0	0.809523809524	13.7619047619	0.000207501594062	2.0	0.0	2.0	1.0	0	1.0	2.0	0.0	2.0	1.0	0	1.0	na	1	0	0	0	0	0	0	0	0	0	0	0
8	52500112	493211	23.0	3.04129469943e-06	1.6220238397e-05	9.63076654819e-06	11.0	5.0	16.0	0.375	2.25	0.133614402538	11.0	5.0	16.0	0.375	2.25	0.133614402538	5.0	2.0	7.0	0.428571428571	0	1.0	5.0	2.0	7.0	0.428571428571	0	1.0	na	1	0	0	0	0	0	0	0	0	0	0	0
8	53000076	493757	23.0	1.11390825852e-05	1.21517264565e-05	1.4683336135e-05	9.0	3.0	12.0	0.5	3.0	0.0832645166636	9.0	3.0	12.0	0.5	3.0	0.0832645166636	7.0	4.0	11.0	0.272727272727	0.818181818182	0.365712296282	7.0	4.0	11.0	0.272727272727	0.818181818182	0.365712296282	none	0	1	0	0	0	0	0	0	0	0	0	0
8	53500005	493318	119.0	4.25688906547e-05	6.99346060756e-05	5.72652933807e-05	47.0	29.0	76.0	0.236842105263	4.26315789474	0.038947455742	45.0	31.0	76.0	0.184210526316	2.57894736842	0.108293655899	27.0	22.0	49.0	0.102040816327	0.510204081633	0.475050524054	25.0	24.0	49.0	0.0204081632653	0.0204081632653	0.886403006367	none	0	1	0	0	0	0	0	0	0	0	0	0
8	54000280	493162	34.0	7.09705938414e-06	2.3318909405e-05	1.62218500209e-05	20.0	5.0	25.0	0.6	9.0	0.00269979606326	22.0	3.0	25.0	0.76	14.44	0.00014469608785	2.0	9.0	11.0	-0.636363636364	4.45454545455	0.0348084788119	4.0	7.0	11.0	-0.272727272727	0.818181818182	0.365712296282	123	0	0	0	0	0	0	0	0	0	0	1	0
8	54500050	492285	39.0	1.42194054257e-05	2.53917954031e-05	1.98056004144e-05	18.0	7.0	25.0	0.44	4.84	0.027806895027	18.0	7.0	25.0	0.44	4.84	0.027806895027	11.0	3.0	14.0	0.571428571429	4.57142857143	0.0325094446457	11.0	3.0	14.0	0.571428571429	4.57142857143	0.0325094446457	none	0	1	0	0	0	0	0	0	0	0	0	0
8	55000222	492344	57.0	1.92954519604e-05	3.24976033018e-05	2.79276278374e-05	30.0	7.0	37.0	0.621621621622	14.2972972973	0.00015608882751	30.0	7.0	37.0	0.621621621622	14.2972972973	0.00015608882751	11.0	11.0	22.0	0.0	0	1	11.0	11.0	22.0	0.0	0	1	na	1	0	0	0	0	0	0	0	0	0	0	0
8	55500034	492662	39.0	1.01489459305e-05	2.74021540123e-05	1.87755499714e-05	20.0	9.0	29.0	0.379310344828	4.1724137931	0.0410872245278	19.0	10.0	29.0	0.310344827586	2.79310344828	0.0946707198455	9.0	2.0	11.0	0.636363636364	4.45454545455	0.0348084788119	8.0	3.0	11.0	0.454545454545	2.27272727273	0.131668016023	none	0	1	0	0	0	0	0	0	0	0	0	0
8	56000042	492263	79.0	3.25029506585e-05	3.65658194908e-05	3.65658194908e-05	22.0	24.0	46.0	-0.0434782608696	0.0869565217391	0.768082561901	26.0	20.0	46.0	0.130434782609	0.782608695652	0.376344493499	17.0	22.0	39.0	-0.128205128205	0.641025641026	0.423339641582	21.0	18.0	39.0	0.0769230769231	0.230769230769	0.630954041184	none	0	1	0	0	0	0	0	0	0	0	0	0
8	56500058	492476	35.0	1.42138906261e-05	1.72597243317e-05	1.57368074789e-05	14.0	7.0	21.0	0.333333333333	2.33333333333	0.126630457948	14.0	7.0	21.0	0.333333333333	2.33333333333	0.126630457948	9.0	7.0	16.0	0.125	0.25	0.617075077452	9.0	7.0	16.0	0.125	0.25	0.617075077452	none	0	1	0	0	0	0	0	0	0	0	0	0
8	57000034	492381	21.0	1.01547378961e-05	9.13926410645e-06	1.06624747909e-05	8.0	2.0	10.0	0.6	3.6	0.0577795711236	9.0	1.0	10.0	0.8	6.4	0.011412036386	3.0	9.0	12.0	-0.5	3.0	0.0832645166636	4.0	8.0	12.0	-0.333333333333	1.33333333333	0.24821307899	none	0	1	0	0	0	0	0	0	0	0	0	0
8	57500065	492883	36.0	1.21732743876e-05	1.82599115815e-05	1.82599115815e-05	14.0	10.0	24.0	0.166666666667	0.666666666667	0.414216178243	11.0	13.0	24.0	-0.0833333333333	0.166666666667	0.68309139831	11.0	6.0	17.0	0.294117647059	1.47058823529	0.225252906361	8.0	9.0	17.0	-0.0588235294118	0.0588235294118	0.808365155915	none	0	1	0	0	0	0	0	0	0	0	0	0
8	58000007	491714	76.0	1.72864714041e-05	5.49099679895e-05	3.71150709559e-05	40.0	17.0	57.0	0.40350877193	9.28070175439	0.00231580690989	40.0	17.0	57.0	0.40350877193	9.28070175439	0.00231580690989	14.0	7.0	21.0	0.333333333333	2.33333333333	0.126630457948	14.0	7.0	21.0	0.333333333333	2.33333333333	0.126630457948	123	0	0	0	0	0	0	0	0	0	0	1	0
8	58500022	492289	31.0	7.10964494433e-06	2.33602619599e-05	1.72662805791e-05	16.0	8.0	24.0	0.333333333333	2.66666666667	0.10247043486	15.0	9.0	24.0	0.25	1.5	0.22067136192	5.0	3.0	8.0	0.25	0	1.0	4.0	4.0	8.0	0.0	0	1.0	na	1	0	0	0	0	0	0	0	0	0	0	0
8	59000031	491954	56.0	1.72780381906e-05	3.15070108181e-05	2.5408879692e-05	22.0	15.0	37.0	0.189189189189	1.32432432432	0.249817441836	20.0	17.0	37.0	0.0810810810811	0.243243243243	0.621873424331	17.0	6.0	23.0	0.478260869565	5.26086956522	0.0218101191437	15.0	8.0	23.0	0.304347826087	2.13043478261	0.144399792213	none	0	1	0	0	0	0	0	0	0	0	0	0
8	59500000	492907	15.0	4.05756055402e-06	1.11582915236e-05	7.60792603879e-06	9.0	2.0	11.0	0.636363636364	4.45454545455	0.0348084788119	9.0	2.0	11.0	0.636363636364	4.45454545455	0.0348084788119	4.0	0.0	4.0	1.0	0	1.0	4.0	0.0	4.0	1.0	0	1.0	na	1	0	0	0	0	0	0	0	0	0	0	0
8	60000101	492821	70.0	1.72476416386e-05	4.86992234503e-05	3.29734325445e-05	36.0	17.0	53.0	0.358490566038	6.81132075472	0.00905817422147	32.0	21.0	53.0	0.207547169811	2.28301886792	0.130797061807	14.0	7.0	21.0	0.333333333333	2.33333333333	0.126630457948	10.0	11.0	21.0	-0.047619047619	0.047619047619	0.827259346563	none	0	1	0	0	0	0	0	0	0	0	0	0
8	60500296	492827	3.0	1.01455480321e-06	2.02910960641e-06	1.52183220481e-06	2.0	0.0	2.0	1.0	0	1.0	2.0	0.0	2.0	1.0	0	1.0	1.0	0.0	1.0	1.0	0	1.0	1.0	0.0	1.0	1.0	0	1.0	na	1	0	0	0	0	0	0	0	0	0	0	0
8	61000139	492637	27.0	1.21793531546e-05	1.31942992508e-05	1.47167183951e-05	7.0	7.0	14.0	0.0	0	1	6.0	8.0	14.0	-0.142857142857	0.285714285714	0.592980098017	8.0	6.0	14.0	0.142857142857	0.285714285714	0.592980098017	7.0	7.0	14.0	0.0	0	1	na	1	0	0	0	0	0	0	0	0	0	0	0
8	61500012	491770	31.0	7.11714826037e-06	1.93179738496e-05	1.42342965207e-05	17.0	4.0	21.0	0.619047619048	8.04761904762	0.00455634980319	18.0	3.0	21.0	0.714285714286	10.7142857143	0.00106311491716	4.0	7.0	11.0	-0.272727272727	0.818181818182	0.365712296282	5.0	6.0	11.0	-0.0909090909091	0.0909090909091	0.763024600553	123	0	0	0	0	0	0	0	0	0	0	1	0
8	62000042	492928	11.0	0.0	8.11477538302e-06	4.05738769151e-06	8.0	2.0	10.0	0.6	3.6	0.0577795711236	8.0	2.0	10.0	0.6	3.6	0.0577795711236	1.0	2.0	3.0	-0.333333333333	0	1.0	1.0	2.0	3.0	-0.333333333333	0	1.0	na	1	0	0	0	0	0	0	0	0	0	0	0
8	62500067	492498	30.0	1.11675580408e-05	1.72589533359e-05	1.52284882375e-05	11.0	8.0	19.0	0.157894736842	0.473684210526	0.491297124216	13.0	6.0	19.0	0.368421052632	2.57894736842	0.108293655899	5.0	8.0	13.0	-0.230769230769	0.692307692308	0.405380556459	7.0	6.0	13.0	0.0769230769231	0.0769230769231	0.781511294999	none	0	1	0	0	0	0	0	0	0	0	0	0
8	63000055	493418	52.0	1.52000940379e-05	3.6480225691e-05	2.6853499467e-05	27.0	9.0	36.0	0.5	9.0	0.00269979606326	27.0	9.0	36.0	0.5	9.0	0.00269979606326	10.0	6.0	16.0	0.25	1.0	0.317310507863	10.0	6.0	16.0	0.25	1.0	0.317310507863	123	0	0	0	0	0	0	0	0	0	0	1	0
8	63500013	492022	24.0	4.06485888842e-06	1.82918649979e-05	1.11783619432e-05	9.0	11.0	20.0	-0.1	0.2	0.654720846019	9.0	11.0	20.0	-0.1	0.2	0.654720846019	5.0	1.0	6.0	0.666666666667	0	1.0	5.0	1.0	6.0	0.666666666667	0	1.0	na	1	0	0	0	0	0	0	0	0	0	0	0
8	64000015	491258	9.0	1.01779513005e-06	8.14236104043e-06	4.58007808524e-06	7.0	1.0	8.0	0.75	0	1.0	7.0	1.0	8.0	0.75	0	1.0	1.0	0.0	1.0	1.0	0	1.0	1.0	0.0	1.0	1.0	0	1.0	na	1	0	0	0	0	0	0	0	0	0	0	0
8	64500004	491422	18.0	6.10473279585e-06	1.22094655917e-05	9.15709919377e-06	11.0	1.0	12.0	0.833333333333	8.33333333333	0.00389241712278	11.0	1.0	12.0	0.833333333333	8.33333333333	0.00389241712278	5.0	1.0	6.0	0.666666666667	0	1.0	5.0	1.0	6.0	0.666666666667	0	1.0	na	1	0	0	0	0	0	0	0	0	0	0	0
8	65000001	490336	55.0	1.83547608171e-05	3.36503948313e-05	2.80419956927e-05	21.0	16.0	37.0	0.135135135135	0.675675675676	0.411079778723	19.0	18.0	37.0	0.027027027027	0.027027027027	0.869417060741	16.0	4.0	20.0	0.6	7.2	0.00729035809154	14.0	6.0	20.0	0.4	3.2	0.0736382701203	none	0	1	0	0	0	0	0	0	0	0	0	0
8	65500206	492490	11.0	1.01524904059e-06	1.01524904059e-05	5.58386972324e-06	8.0	2.0	10.0	0.6	3.6	0.0577795711236	8.0	2.0	10.0	0.6	3.6	0.0577795711236	1.0	0.0	1.0	1.0	0	1.0	1.0	0.0	1.0	1.0	0	1.0	na	1	0	0	0	0	0	0	0	0	0	0	0
8	66000012	491793	31.0	1.22002549853e-05	1.62670066471e-05	1.62670066471e-05	14.0	5.0	19.0	0.473684210526	4.26315789474	0.038947455742	12.0	7.0	19.0	0.263157894737	1.31578947368	0.25134910881	8.0	6.0	14.0	0.142857142857	0.285714285714	0.592980098017	6.0	8.0	14.0	-0.142857142857	0.285714285714	0.592980098017	none	0	1	0	0	0	0	0	0	0	0	0	0
8	66500034	491915	27.0	7.11505036439e-06	2.03287153268e-05	1.67711901446e-05	14.0	6.0	20.0	0.4	3.2	0.0736382701203	14.0	6.0	20.0	0.4	3.2	0.0736382701203	1.0	6.0	7.0	-0.714285714286	0	1.0	1.0	6.0	7.0	-0.714285714286	0	1.0	na	1	0	0	0	0	0	0	0	0	0	0	0
8	67000204	492440	15.0	3.04605637235e-06	1.21842254894e-05	7.61514093087e-06	11.0	1.0	12.0	0.833333333333	8.33333333333	0.00389241712278	11.0	1.0	12.0	0.833333333333	8.33333333333	0.00389241712278	2.0	1.0	3.0	0.333333333333	0	1.0	2.0	1.0	3.0	0.333333333333	0	1.0	na	1	0	0	0	0	0	0	0	0	0	0	0
8	67500183	492353	13.0	9.13978385427e-06	3.04659461809e-06	8.1242523149e-06	2.0	2.0	4.0	0.0	0	1.0	3.0	1.0	4.0	0.5	0	1.0	5.0	5.0	10.0	0.0	0	1	6.0	4.0	10.0	0.2	0.4	0.527089256866	na	1	0	0	0	0	0	0	0	0	0	0	0
8	68000158	492664	13.0	1.01489047302e-06	1.11637952032e-05	6.08934283812e-06	10.0	2.0	12.0	0.666666666667	5.33333333333	0.0209213353378	11.0	1.0	12.0	0.833333333333	8.33333333333	0.00389241712278	1.0	1.0	2.0	0.0	0	1.0	2.0	0.0	2.0	1.0	0	1.0	na	1	0	0	0	0	0	0	0	0	0	0	0
8	68500029	492303	36.0	5.07817340134e-06	3.14846750883e-05	1.82814242448e-05	28.0	3.0	31.0	0.806451612903	20.1612903226	7.11788655394e-06	28.0	3.0	31.0	0.806451612903	20.1612903226	7.11788655394e-06	4.0	1.0	5.0	0.6	0	1.0	4.0	1.0	5.0	0.6	0	1.0	na	1	0	0	0	0	0	0	0	0	0	0	0
8	69000093	492723	19.0	5.07384473629e-06	9.13292052533e-06	7.10338263081e-06	8.0	3.0	11.0	0.454545454545	2.27272727273	0.131668016023	6.0	5.0	11.0	0.0909090909091	0.0909090909091	0.763024600553	5.0	5.0	10.0	0.0	0	1	3.0	7.0	10.0	-0.4	1.6	0.205903210732	na	1	0	0	0	0	0	0	0	0	0	0	0
8	69500081	492783	13.0	1.01464539158e-06	1.01464539158e-05	5.5805496537e-06	9.0	2.0	11.0	0.636363636364	4.45454545455	0.0348084788119	8.0	3.0	11.0	0.454545454545	2.27272727273	0.131668016023	3.0	0.0	3.0	1.0	0	1.0	2.0	1.0	3.0	0.333333333333	0	1.0	na	1	0	0	0	0	0	0	0	0	0	0	0
8	70000036	492026	13.0	7.11344522444e-06	6.09723876381e-06	6.60534199412e-06	5.0	1.0	6.0	0.666666666667	0	1.0	5.0	1.0	6.0	0.666666666667	0	1.0	6.0	1.0	7.0	0.714285714286	0	1.0	6.0	1.0	7.0	0.714285714286	0	1.0	na	1	0	0	0	0	0	0	0	0	0	0	0
8	70500037	492720	39.0	8.11820100666e-06	2.94284786491e-05	1.87733398279e-05	26.0	5.0	31.0	0.677419354839	14.2258064516	0.000162131752044	24.0	7.0	31.0	0.548387096774	9.32258064516	0.00226346981204	9.0	1.0	10.0	0.8	6.4	0.011412036386	7.0	3.0	10.0	0.4	1.6	0.205903210732	123	0	0	0	0	0	0	0	0	0	0	1	0
8	71000043	493381	15.0	2.02683119131e-06	1.11475715522e-05	6.58720137176e-06	13.0	0.0	13.0	1.0	13.0	0.000311490976767	13.0	0.0	13.0	1.0	13.0	0.000311490976767	2.0	0.0	2.0	1.0	0	1.0	2.0	0.0	2.0	1.0	0	1.0	na	1	0	0	0	0	0	0	0	0	0	0	0
8	71500538	492729	18.0	3.04426977101e-06	1.42065922647e-05	8.62543101786e-06	14.0	1.0	15.0	0.866666666667	11.2666666667	0.000789112989016	14.0	1.0	15.0	0.866666666667	11.2666666667	0.000789112989016	3.0	0.0	3.0	1.0	0	1.0	3.0	0.0	3.0	1.0	0	1.0	na	1	0	0	0	0	0	0	0	0	0	0	0
8	72000099	491716	27.0	5.08423561568e-06	2.03369424627e-05	1.77948246549e-05	17.0	5.0	22.0	0.545454545455	6.54545454545	0.0105152459359	18.0	4.0	22.0	0.636363636364	8.90909090909	0.00283754488879	4.0	2.0	6.0	0.333333333333	0	1.0	5.0	1.0	6.0	0.666666666667	0	1.0	na	1	0	0	0	0	0	0	0	0	0	0	0
8	72500032	491448	15.0	4.06960655044e-06	8.13921310088e-06	6.10440982566e-06	7.0	2.0	9.0	0.555555555556	0	1.0	7.0	2.0	9.0	0.555555555556	0	1.0	2.0	4.0	6.0	-0.333333333333	0	1.0	2.0	4.0	6.0	-0.333333333333	0	1.0	na	1	0	0	0	0	0	0	0	0	0	0	0
8	73000134	490117	45.0	1.83629623131e-05	2.24436206049e-05	2.0403291459e-05	17.0	10.0	27.0	0.259259259259	1.81481481481	0.177931725268	15.0	12.0	27.0	0.111111111111	0.333333333333	0.563702861651	15.0	5.0	20.0	0.5	5.0	0.0253473186775	13.0	7.0	20.0	0.3	1.8	0.179712494879	none	0	1	0	0	0	0	0	0	0	0	0	0
8	73500019	484863	277.0	9.79658171483e-05	0.000137152144008	0.000122715076217	119.0	58.0	177.0	0.344632768362	21.0225988701	4.53897856922e-06	101.0	76.0	177.0	0.141242937853	3.53107344633	0.0602287828562	92.0	44.0	136.0	0.352941176471	16.9411764706	3.85561071562e-05	74.0	62.0	136.0	0.0882352941176	1.05882352941	0.303483664025	none	0	1	0	0	0	0	0	0	0	0	0	0
8	74000005	479831	302.0	0.000129212160115	0.000127128093016	0.000142758596256	109.0	62.0	171.0	0.27485380117	12.918128655	0.000325415029155	82.0	89.0	171.0	-0.0409356725146	0.286549707602	0.592440090171	115.0	55.0	170.0	0.352941176471	21.1764705882	4.18875557517e-06	88.0	82.0	170.0	0.0352941176471	0.211764705882	0.645387747869	none	0	1	0	0	0	0	0	0	0	0	0	0
8	74330358	318232	141.0	7.6987857915e-05	0.000116267377259	0.000107625883004	54.0	33.0	87.0	0.241379310345	5.06896551724	0.024357915718	57.0	30.0	87.0	0.310344827586	8.37931034483	0.00379516406699	38.0	21.0	59.0	0.28813559322	4.89830508475	0.026883068544	41.0	18.0	59.0	0.389830508475	8.96610169492	0.00275034801911	none	0	1	0	0	0	0	0	0	0	0	0	0
