#chrom	pos	AAAAA	AAABA	AABAA	AABBA	ABAAA	ABABA	ABBAA	ABBBA	BAAAA	BAABA	BABAA	BABBA	BBAAA	BBABA	BBBAA	BBBBA
36	500053	492836	27	15	1	20	1	3	1	18	0	1	3	0	3	0	25
36	1000026	493001	24	18	1	17	0	1	0	11	0	1	0	0	0	0	4
36	1500201	493229	12	1	0	5	0	0	0	2	0	0	0	0	0	2	8
36	2000088	493282	10	3	0	6	0	0	0	3	0	1	0	1	0	1	5
36	2500096	493644	7	6	0	4	1	0	0	2	0	3	0	0	0	0	2
36	3000198	493450	14	0	0	2	0	2	1	5	1	0	0	0	1	2	2
36	3500012	492731	25	9	0	3	0	0	1	4	3	2	2	0	1	0	10
36	4000399	493392	7	1	1	1	0	0	0	6	0	0	1	1	0	1	6
36	4500030	493035	19	12	0	9	0	0	1	5	1	0	0	2	0	0	11
36	5000103	492879	12	1	0	2	0	1	2	2	0	0	0	1	1	0	5
36	5500268	493735	32	3	0	4	0	0	0	6	0	0	0	0	0	0	2
36	6000049	493110	2	2	0	3	0	0	0	2	0	0	0	1	0	0	0
36	6500007	492853	18	27	0	14	1	0	7	21	2	1	1	0	2	1	28
36	7000031	493826	22	6	1	9	0	1	0	2	0	0	0	0	0	0	5
36	7500016	493722	11	5	1	1	0	1	1	2	0	0	0	0	0	1	1
36	8000020	493294	19	9	0	8	1	0	0	15	2	1	0	0	2	0	9
36	8500032	492962	22	4	0	1	0	0	0	4	0	1	0	2	0	0	1
36	9000024	493355	27	9	1	16	1	1	1	10	1	1	0	1	0	1	13
36	9500162	493242	17	1	0	1	0	0	0	2	0	0	0	0	0	0	1
36	10000077	493206	7	6	0	6	0	1	1	2	0	0	1	0	0	1	4
36	10500054	492733	39	25	5	33	1	3	1	8	0	0	0	1	0	1	21
36	11000122	493261	39	11	0	8	2	0	0	2	1	1	0	2	2	0	7
36	11500034	492729	25	9	1	16	0	2	1	10	0	1	1	1	0	0	19
36	12000045	492983	15	11	0	15	0	1	0	4	0	0	0	1	0	0	11
36	12500043	493069	21	5	0	9	0	0	0	8	0	0	1	1	0	0	12
36	13000088	492717	9	3	0	5	0	0	0	0	0	0	0	1	0	1	2
36	13500100	492678	11	3	2	3	0	0	0	2	0	0	0	0	0	0	7
36	14000033	492697	17	5	0	6	0	0	1	6	1	1	0	2	1	0	8
36	14500598	494236	45	14	0	14	0	1	0	11	1	1	1	1	1	6	25
36	15000242	493524	18	4	0	9	2	2	1	9	0	7	0	0	0	1	14
36	15500018	492983	31	9	0	20	1	2	0	15	0	1	2	0	2	0	10
36	16000001	493400	28	5	0	10	0	0	1	3	0	1	0	0	0	0	11
36	16501539	495138	30	13	0	11	0	1	1	4	0	1	0	0	0	0	10
36	17000053	490938	27	6	0	9	1	0	0	6	0	0	1	1	1	1	5
36	17500010	493056	13	2	0	6	1	0	0	1	1	1	0	1	0	3	7
36	18000001	491986	6	1	0	1	0	0	0	0	0	0	0	0	0	0	0
36	18500034	493433	3	1	0	3	0	0	0	0	0	0	0	1	0	0	2
36	19000174	493117	25	14	0	9	0	0	0	5	0	3	0	0	0	3	11
36	19500043	493002	10	2	0	1	0	0	0	0	0	0	0	0	0	1	1
36	20000045	493540	0	4	0	5	0	0	0	0	0	0	0	0	1	0	6
36	20500023	493010	18	5	1	7	0	0	0	8	0	2	0	2	1	1	7
36	21000035	493651	5	8	0	5	0	0	0	4	0	2	0	0	0	0	2
36	21500063	493904	16	1	0	5	0	1	0	6	0	0	1	0	0	0	5
36	22000161	493461	26	23	3	20	0	0	0	12	0	2	1	3	2	0	19
36	22500153	493120	6	7	0	10	0	1	0	2	0	1	0	0	0	1	6
36	23000200	493776	18	13	0	16	1	0	0	14	0	0	1	0	0	0	15
36	23500089	493303	8	0	0	6	0	0	0	1	0	0	0	0	0	1	4
36	24000087	492245	6	12	1	10	1	0	0	4	1	0	0	0	0	0	1
36	24500351	492860	2	1	0	1	0	0	0	0	0	0	0	0	0	0	2
36	25000080	492376	6	0	0	0	0	0	0	3	0	0	0	1	1	0	2
36	25500029	493072	15	19	0	8	1	1	0	7	0	1	0	2	0	3	7
36	26000078	493308	12	8	0	2	0	0	1	3	0	0	0	0	0	1	9
36	26500069	492666	9	6	0	2	0	0	0	8	0	2	0	0	0	0	4
36	27000121	492507	15	1	0	2	0	0	0	1	0	0	0	4	0	0	1
36	27500055	492202	19	7	0	2	0	0	2	6	0	1	0	0	0	1	3
36	28000074	491982	7	4	0	3	0	0	0	5	1	1	0	0	0	0	0
36	28500081	492900	5	4	0	3	1	0	0	0	1	1	0	0	0	0	4
36	29000046	491733	13	2	1	4	0	0	0	0	0	0	0	0	0	3	1
36	29500001	492985	1	1	0	0	0	0	0	0	0	0	0	0	0	1	0
36	30000106	493016	9	2	0	6	0	0	0	2	1	2	1	1	0	1	5
36	30500031	492826	19	3	0	3	0	0	0	1	0	0	0	0	0	0	5
36	30810828	307085	9	2	0	2	0	0	0	4	0	1	0	0	0	0	2
