#chrom	pos	AAAAA	AAABA	AABAA	AABBA	ABAAA	ABABA	ABBAA	ABBBA	BAAAA	BAABA	BABAA	BABBA	BBAAA	BBABA	BBBAA	BBBBA
37	500043	485327	44	47	2	47	5	7	1	37	2	4	1	2	4	2	36
37	1000018	494231	5	0	0	0	0	0	0	0	0	0	0	0	0	0	1
37	1500015	494409	18	18	2	17	0	1	0	7	0	0	2	0	2	1	10
37	2000052	493530	8	7	0	8	0	0	0	0	0	0	0	1	0	0	3
37	2500103	492318	11	4	0	7	0	0	3	0	0	0	0	0	0	2	1
37	3000174	493212	9	10	0	10	0	0	1	1	0	0	0	2	1	1	8
37	3500027	492341	40	17	1	14	0	0	0	12	1	1	0	5	1	5	11
37	4000148	492881	21	9	1	7	1	1	1	6	1	0	0	0	1	1	11
37	4500029	493059	18	4	0	2	0	0	0	2	0	0	0	0	0	1	4
37	5000222	492446	15	11	0	22	1	0	2	20	1	0	1	3	2	0	16
37	5500007	491961	21	2	0	0	1	0	0	0	0	0	0	1	0	0	4
37	6000004	492312	28	16	1	7	0	2	1	12	0	0	1	3	0	0	15
37	6500409	492843	5	6	0	2	0	0	0	5	0	1	0	1	0	1	9
37	7000195	492528	15	4	0	4	0	1	0	1	0	1	5	0	0	0	7
37	7500095	492825	21	3	0	3	0	0	0	0	0	1	0	0	0	2	5
37	8000150	493135	0	0	0	1	0	2	0	0	0	0	0	0	0	0	0
37	8500013	492868	33	12	0	15	2	1	0	9	1	0	0	1	1	1	18
37	9000005	493600	2	1	0	3	0	0	0	0	0	0	0	0	1	0	9
37	9500001	492985	7	7	1	10	0	0	2	3	1	2	1	1	0	0	6
37	10000022	492685	6	6	0	6	1	1	1	3	0	0	0	0	1	1	5
37	10500137	493799	15	3	0	5	0	1	0	3	0	0	0	0	0	0	4
37	11000128	493207	32	26	1	12	1	0	0	15	1	4	0	0	1	0	18
37	11500153	493645	18	3	1	5	1	0	0	7	0	0	0	1	0	1	10
37	12000228	493314	14	9	0	23	0	2	2	7	0	1	0	0	0	0	7
37	12500164	493766	6	4	0	4	3	0	0	4	0	0	0	0	0	0	3
37	13000079	492704	4	0	0	0	0	0	0	0	0	0	0	0	0	1	2
37	13500130	492887	7	6	0	1	0	0	0	5	1	0	0	0	0	0	3
37	14000087	493146	11	10	1	6	1	0	0	5	0	0	0	0	0	0	8
37	14500027	493240	16	6	0	13	0	0	1	13	1	0	2	0	0	0	5
37	15000175	492894	24	5	0	4	1	6	0	8	1	1	0	1	0	3	10
37	15500532	493869	18	3	1	6	1	0	0	2	0	0	1	0	0	0	6
37	16000000	492692	24	4	0	7	0	0	0	0	0	0	0	0	0	3	6
37	16500107	492764	3	4	0	1	0	0	0	0	3	0	6	0	1	0	1
37	17000172	492490	29	26	3	34	0	0	1	20	0	2	1	2	3	4	41
37	17500149	492505	13	16	0	9	2	0	0	13	1	0	2	0	0	0	11
37	18000085	493130	8	6	0	6	1	1	0	2	2	0	0	0	0	0	9
37	18500077	492806	35	21	2	16	1	1	1	20	2	1	2	2	0	1	22
37	19000049	492295	12	4	0	8	1	1	0	10	1	1	0	0	1	0	4
37	19500078	492761	10	12	0	8	1	0	0	2	0	0	0	0	1	1	9
37	20000024	492158	22	5	0	7	1	1	0	11	1	1	3	0	0	0	7
37	20500034	493154	13	12	0	8	0	0	2	9	0	0	0	0	1	1	8
37	21000039	493285	33	4	1	10	0	1	0	3	1	0	0	0	0	1	6
37	21500011	493066	16	5	1	4	0	0	0	0	0	0	0	0	0	0	2
37	22000100	492860	0	1	0	0	0	0	0	0	0	0	1	0	0	0	1
37	22500034	492474	9	7	2	6	0	1	1	2	0	0	0	1	0	0	2
37	23000042	492496	10	6	0	7	0	1	0	4	0	0	0	1	1	0	7
37	23500049	492072	12	8	0	10	1	1	0	9	0	0	0	0	0	1	8
37	24000149	492363	16	10	0	3	0	0	3	1	0	0	0	0	0	0	8
37	24500247	492740	4	5	1	10	0	0	0	2	0	1	0	0	0	0	8
37	25000199	491807	8	5	0	5	1	0	1	7	0	1	0	0	0	3	3
37	25500011	492631	17	5	1	6	0	0	1	3	0	3	0	1	0	0	7
37	26000080	493363	4	1	0	3	0	0	0	1	0	0	0	0	0	0	4
37	26500108	492677	14	3	0	3	0	0	0	0	0	0	0	1	0	1	0
37	27000006	492713	10	3	0	1	0	0	2	2	1	0	0	0	0	0	1
37	27500005	492692	11	4	1	2	0	0	0	2	0	1	0	0	0	1	8
37	28000173	492788	22	4	0	6	3	0	0	6	0	0	2	0	0	0	6
37	28500132	492649	11	2	0	6	0	0	0	2	0	0	0	1	1	0	4
37	29000003	492082	19	9	0	8	3	1	0	5	0	0	0	0	0	0	9
37	29500064	493194	16	6	0	5	0	0	0	2	0	0	0	1	1	0	5
37	30000060	492411	11	3	0	5	0	0	0	1	0	2	0	0	0	0	6
37	30500014	491580	18	5	0	5	1	1	0	4	0	0	0	0	0	0	6
37	30902856	395677	25	18	1	7	0	2	0	10	0	1	0	4	2	1	12
