#chrom	coord	total	dtotal	T12	T34	T1234	DFO_left	DFO_right	DFO_total	DFO_stat	DFO_chisq	DFO_Pvalue	DIL_left	DIL_right	DIL_total	DIL_stat	DIL_chisq	DIL_Pvalue	DFI_left	DFI_right	DFI_total	DFI_stat	DFI_chisq	DFI_Pvalue	DOL_left	DOL_right	DOL_total	DOL_stat	DOL_chisq	DOL_Pvalue	introgression	introgna	intrognone	introg13	introg14	introg23	introg24	introg31	introg41	introg32	introg42	introg123	introg124
17	500010	492155	34.0	5.07970050086e-06	2.64144426045e-05	1.57470715527e-05	20.0	7.0	27.0	0.481481481481	6.25925925926	0.0123545850179	19.0	8.0	27.0	0.407407407407	4.48148148148	0.0342640077349	7.0	1.0	8.0	0.75	0	1.0	6.0	2.0	8.0	0.5	0	1.0	na	1	0	0	0	0	0	0	0	0	0	0	0
17	1000020	491974	75.0	2.64241606264e-05	4.77667519015e-05	3.81117701342e-05	29.0	19.0	48.0	0.208333333333	2.08333333333	0.148914673179	29.0	19.0	48.0	0.208333333333	2.08333333333	0.148914673179	16.0	11.0	27.0	0.185185185185	0.925925925926	0.335923813152	16.0	11.0	27.0	0.185185185185	0.925925925926	0.335923813152	none	0	1	0	0	0	0	0	0	0	0	0	0
17	1500023	492778	23.0	6.08793412044e-06	1.31905239276e-05	9.63922902402e-06	13.0	4.0	17.0	0.529411764706	4.76470588235	0.0290490221619	14.0	3.0	17.0	0.647058823529	7.11764705882	0.00763288178779	3.0	4.0	7.0	-0.142857142857	0	1.0	4.0	3.0	7.0	0.142857142857	0	1.0	na	1	0	0	0	0	0	0	0	0	0	0	0
17	2000105	492366	4.0	1.01550472616e-06	2.03100945232e-06	1.52325708924e-06	3.0	0.0	3.0	1.0	0	1.0	3.0	0.0	3.0	1.0	0	1.0	1.0	0.0	1.0	1.0	0	1.0	1.0	0.0	1.0	1.0	0	1.0	na	1	0	0	0	0	0	0	0	0	0	0	0
17	2500051	492334	41.0	1.52335609566e-05	2.23425560697e-05	1.87880585131e-05	16.0	10.0	26.0	0.230769230769	1.38461538462	0.239316541221	15.0	11.0	26.0	0.153846153846	0.615384615385	0.432767580668	11.0	7.0	18.0	0.222222222222	0.888888888889	0.345778586151	10.0	8.0	18.0	0.111111111111	0.222222222222	0.637351888234	none	0	1	0	0	0	0	0	0	0	0	0	0
17	3000009	492359	33.0	5.07759581931e-06	2.64034982604e-05	1.67560662037e-05	23.0	4.0	27.0	0.703703703704	13.3703703704	0.000255630867837	23.0	4.0	27.0	0.703703703704	13.3703703704	0.000255630867837	3.0	3.0	6.0	0.0	0	1.0	3.0	3.0	6.0	0.0	0	1.0	na	1	0	0	0	0	0	0	0	0	0	0	0
17	3500000	492941	30.0	9.12888154972e-06	2.1300723616e-05	1.52148025829e-05	17.0	4.0	21.0	0.619047619048	8.04761904762	0.00455634980319	17.0	4.0	21.0	0.619047619048	8.04761904762	0.00455634980319	7.0	2.0	9.0	0.555555555556	0	1.0	7.0	2.0	9.0	0.555555555556	0	1.0	na	1	0	0	0	0	0	0	0	0	0	0	0
17	4000065	493103	8.0	1.01398693579e-06	6.08392161475e-06	4.56294121107e-06	3.0	3.0	6.0	0.0	0	1.0	3.0	3.0	6.0	0.0	0	1.0	0.0	2.0	2.0	-1.0	0	1.0	0.0	2.0	2.0	-1.0	0	1.0	na	1	0	0	0	0	0	0	0	0	0	0	0
17	4500034	493290	25.0	7.09521782319e-06	1.82448458311e-05	1.26700318271e-05	10.0	8.0	18.0	0.111111111111	0.222222222222	0.637351888234	10.0	8.0	18.0	0.111111111111	0.222222222222	0.637351888234	6.0	1.0	7.0	0.714285714286	0	1.0	6.0	1.0	7.0	0.714285714286	0	1.0	na	1	0	0	0	0	0	0	0	0	0	0	0
17	5000018	492668	25.0	1.01488223307e-06	2.33422913605e-05	1.31934690299e-05	21.0	3.0	24.0	0.75	13.5	0.000238563454029	20.0	4.0	24.0	0.666666666667	10.6666666667	0.00109083517613	2.0	0.0	2.0	1.0	0	1.0	1.0	1.0	2.0	0.0	0	1.0	na	1	0	0	0	0	0	0	0	0	0	0	0
17	5500046	492967	29.0	1.01426667505e-06	2.83994669014e-05	1.57211334633e-05	17.0	11.0	28.0	0.214285714286	1.28571428571	0.256839257958	17.0	11.0	28.0	0.214285714286	1.28571428571	0.256839257958	1.0	0.0	1.0	1.0	0	1.0	1.0	0.0	1.0	1.0	0	1.0	na	1	0	0	0	0	0	0	0	0	0	0	0
17	6000065	493085	32.0	1.11542634637e-05	2.02804790249e-05	1.57173712443e-05	16.0	5.0	21.0	0.52380952381	5.7619047619	0.0163773083415	17.0	4.0	21.0	0.619047619048	8.04761904762	0.00455634980319	7.0	5.0	12.0	0.166666666667	0.333333333333	0.563702861651	8.0	4.0	12.0	0.333333333333	1.33333333333	0.24821307899	none	0	1	0	0	0	0	0	0	0	0	0	0
17	6500010	493750	9.0	0.0	8.10126582278e-06	4.05063291139e-06	8.0	1.0	9.0	0.777777777778	0	1.0	8.0	1.0	9.0	0.777777777778	0	1.0	0.0	0.0	0.0	0	0	1.0	0.0	0.0	0.0	0	0	1.0	na	1	0	0	0	0	0	0	0	0	0	0	0
17	7000024	492925	35.0	1.31865902521e-05	2.02870619263e-05	1.67368260892e-05	18.0	4.0	22.0	0.636363636364	8.90909090909	0.00283754488879	18.0	4.0	22.0	0.636363636364	8.90909090909	0.00283754488879	9.0	4.0	13.0	0.384615384615	1.92307692308	0.165517858697	9.0	4.0	13.0	0.384615384615	1.92307692308	0.165517858697	123	0	0	0	0	0	0	0	0	0	0	1	0
17	7500210	492641	26.0	5.07468927678e-06	1.92838192517e-05	1.21792542643e-05	14.0	6.0	20.0	0.4	3.2	0.0736382701203	13.0	7.0	20.0	0.3	1.8	0.179712494879	4.0	3.0	7.0	0.142857142857	0	1.0	3.0	4.0	7.0	-0.142857142857	0	1.0	na	1	0	0	0	0	0	0	0	0	0	0	0
17	8000023	492435	18.0	3.04608730086e-06	1.11689867698e-05	7.10753703534e-06	7.0	6.0	13.0	0.0769230769231	0.0769230769231	0.781511294999	7.0	6.0	13.0	0.0769230769231	0.0769230769231	0.781511294999	1.0	4.0	5.0	-0.6	0	1.0	1.0	4.0	5.0	-0.6	0	1.0	na	1	0	0	0	0	0	0	0	0	0	0	0
17	8500022	492557	22.0	1.01511094147e-06	2.03022188295e-05	1.06586648855e-05	20.0	1.0	21.0	0.904761904762	17.1904761905	3.3812725633e-05	20.0	1.0	21.0	0.904761904762	17.1904761905	3.3812725633e-05	0.0	1.0	1.0	-1.0	0	1.0	0.0	1.0	1.0	-1.0	0	1.0	na	1	0	0	0	0	0	0	0	0	0	0	0
17	9000135	493081	23.0	9.12628959542e-06	1.21683861272e-05	1.16613700386e-05	8.0	5.0	13.0	0.230769230769	0.692307692308	0.405380556459	7.0	6.0	13.0	0.0769230769231	0.0769230769231	0.781511294999	10.0	1.0	11.0	0.818181818182	7.36363636364	0.00665560548295	9.0	2.0	11.0	0.636363636364	4.45454545455	0.0348084788119	none	0	1	0	0	0	0	0	0	0	0	0	0
17	9500055	492476	30.0	1.31986127243e-05	1.5229168528e-05	1.42138906261e-05	6.0	9.0	15.0	-0.2	0.6	0.438578026081	6.0	9.0	15.0	-0.2	0.6	0.438578026081	11.0	4.0	15.0	0.466666666667	3.26666666667	0.070701144866	11.0	4.0	15.0	0.466666666667	3.26666666667	0.070701144866	none	0	1	0	0	0	0	0	0	0	0	0	0
17	10000223	492866	27.0	3.04342356746e-06	2.13039649722e-05	1.21736942698e-05	21.0	2.0	23.0	0.826086956522	15.6956521739	7.43949840484e-05	19.0	4.0	23.0	0.652173913043	9.78260869565	0.00176170192143	4.0	2.0	6.0	0.333333333333	0	1.0	2.0	4.0	6.0	-0.333333333333	0	1.0	na	1	0	0	0	0	0	0	0	0	0	0	0
17	10500081	492433	72.0	1.92919645921e-05	3.65531960693e-05	2.89379468882e-05	29.0	22.0	51.0	0.137254901961	0.960784313725	0.326989349598	29.0	22.0	51.0	0.137254901961	0.960784313725	0.326989349598	13.0	12.0	25.0	0.04	0.04	0.841480581122	13.0	12.0	25.0	0.04	0.04	0.841480581122	none	0	1	0	0	0	0	0	0	0	0	0	0
17	11000003	492110	43.0	1.52404950113e-05	2.54008250188e-05	2.0320660015e-05	24.0	4.0	28.0	0.714285714286	14.2857142857	0.000157052284231	21.0	7.0	28.0	0.5	7.0	0.0081509715935	13.0	5.0	18.0	0.444444444444	3.55555555556	0.0593464387919	10.0	8.0	18.0	0.111111111111	0.222222222222	0.637351888234	123	0	0	0	0	0	0	0	0	0	0	1	0
17	11500175	493218	18.0	5.06875255972e-06	1.31787566553e-05	9.1237546075e-06	8.0	5.0	13.0	0.230769230769	0.692307692308	0.405380556459	8.0	5.0	13.0	0.230769230769	0.692307692308	0.405380556459	4.0	1.0	5.0	0.6	0	1.0	4.0	1.0	5.0	0.6	0	1.0	na	1	0	0	0	0	0	0	0	0	0	0	0
17	12000049	492286	30.0	8.12535802359e-06	2.13290648119e-05	1.57428811707e-05	21.0	1.0	22.0	0.909090909091	18.1818181818	2.00786561243e-05	21.0	1.0	22.0	0.909090909091	18.1818181818	2.00786561243e-05	4.0	4.0	8.0	0.0	0	1.0	4.0	4.0	8.0	0.0	0	1.0	na	1	0	0	0	0	0	0	0	0	0	0	0
17	12500001	493071	53.0	1.41967384008e-05	3.75199514877e-05	2.68723976871e-05	28.0	10.0	38.0	0.473684210526	8.52631578947	0.00350047582176	29.0	9.0	38.0	0.526315789474	10.5263157895	0.00117686591062	10.0	6.0	16.0	0.25	1.0	0.317310507863	11.0	5.0	16.0	0.375	2.25	0.133614402538	123	0	0	0	0	0	0	0	0	0	0	1	0
17	13000025	493480	55.0	1.51981843236e-05	3.34360055119e-05	2.43170949177e-05	23.0	15.0	38.0	0.210526315789	1.68421052632	0.194365910803	22.0	16.0	38.0	0.157894736842	0.947368421053	0.330390048849	12.0	10.0	22.0	0.0909090909091	0.181818181818	0.669815357599	11.0	11.0	22.0	0.0	0	1	na	1	0	0	0	0	0	0	0	0	0	0	0
17	13500072	493130	66.0	2.02786283536e-05	3.65015310364e-05	3.04179425304e-05	33.0	11.0	44.0	0.5	11.0	0.000911118877154	33.0	11.0	44.0	0.5	11.0	0.000911118877154	20.0	6.0	26.0	0.538461538462	7.53846153846	0.00603955904866	20.0	6.0	26.0	0.538461538462	7.53846153846	0.00603955904866	none	0	1	0	0	0	0	0	0	0	0	0	0
17	14000154	492997	59.0	2.23125090011e-05	2.63693288194e-05	2.53551238649e-05	19.0	16.0	35.0	0.0857142857143	0.257142857143	0.612089880089	17.0	18.0	35.0	-0.0285714285714	0.0285714285714	0.865772374993	23.0	9.0	32.0	0.4375	6.125	0.0133283287808	21.0	11.0	32.0	0.3125	3.125	0.0770998717435	none	0	1	0	0	0	0	0	0	0	0	0	0
17	14500000	493326	8.0	3.04058573844e-06	5.06764289739e-06	4.05411431792e-06	5.0	0.0	5.0	1.0	0	1.0	5.0	0.0	5.0	1.0	0	1.0	2.0	1.0	3.0	0.333333333333	0	1.0	2.0	1.0	3.0	0.333333333333	0	1.0	na	1	0	0	0	0	0	0	0	0	0	0	0
17	15000000	493300	2.0	1.01358199878e-06	1.01358199878e-06	1.01358199878e-06	0.0	1.0	1.0	-1.0	0	1.0	0.0	1.0	1.0	-1.0	0	1.0	1.0	0.0	1.0	1.0	0	1.0	1.0	0.0	1.0	1.0	0	1.0	na	1	0	0	0	0	0	0	0	0	0	0	0
17	15500012	493329	34.0	4.0540896643e-06	2.6351582818e-05	1.52028362411e-05	21.0	8.0	29.0	0.448275862069	5.8275862069	0.0157767563889	23.0	6.0	29.0	0.586206896552	9.96551724138	0.00159499361695	3.0	4.0	7.0	-0.142857142857	0	1.0	5.0	2.0	7.0	0.428571428571	0	1.0	na	1	0	0	0	0	0	0	0	0	0	0	0
17	16000287	493160	25.0	4.05547895206e-06	2.02773947603e-05	1.21664368562e-05	14.0	7.0	21.0	0.333333333333	2.33333333333	0.126630457948	14.0	7.0	21.0	0.333333333333	2.33333333333	0.126630457948	4.0	0.0	4.0	1.0	0	1.0	4.0	0.0	4.0	1.0	0	1.0	na	1	0	0	0	0	0	0	0	0	0	0	0
17	16500101	493158	23.0	4.05549539904e-06	1.62219815962e-05	1.41942338966e-05	13.0	5.0	18.0	0.444444444444	3.55555555556	0.0593464387919	12.0	6.0	18.0	0.333333333333	2.0	0.15729920705	5.0	1.0	6.0	0.666666666667	0	1.0	4.0	2.0	6.0	0.333333333333	0	1.0	na	1	0	0	0	0	0	0	0	0	0	0	0
17	17000039	492612	130.0	5.17648778349e-05	6.59748442994e-05	6.08998562763e-05	40.0	38.0	78.0	0.025641025641	0.0512820512821	0.820847238542	42.0	36.0	78.0	0.0769230769231	0.461538461538	0.496905847565	28.0	28.0	56.0	0.0	0	1	30.0	26.0	56.0	0.0714285714286	0.285714285714	0.592980098017	na	1	0	0	0	0	0	0	0	0	0	0	0
17	17500055	493708	29.0	1.21529325026e-05	1.51911656283e-05	1.46847934407e-05	12.0	5.0	17.0	0.411764705882	2.88235294118	0.0895550744136	11.0	6.0	17.0	0.294117647059	1.47058823529	0.225252906361	7.0	6.0	13.0	0.0769230769231	0.0769230769231	0.781511294999	6.0	7.0	13.0	-0.0769230769231	0.0769230769231	0.781511294999	none	0	1	0	0	0	0	0	0	0	0	0	0
17	18000061	492837	18.0	5.07267108598e-06	1.31889448235e-05	9.13080795476e-06	12.0	1.0	13.0	0.846153846154	9.30769230769	0.00228193725332	12.0	1.0	13.0	0.846153846154	9.30769230769	0.00228193725332	2.0	3.0	5.0	-0.2	0	1.0	2.0	3.0	5.0	-0.2	0	1.0	na	1	0	0	0	0	0	0	0	0	0	0	0
17	18500531	492646	20.0	6.08956532683e-06	1.11642030992e-05	9.64181176748e-06	7.0	6.0	13.0	0.0769230769231	0.0769230769231	0.781511294999	7.0	6.0	13.0	0.0769230769231	0.0769230769231	0.781511294999	6.0	1.0	7.0	0.714285714286	0	1.0	6.0	1.0	7.0	0.714285714286	0	1.0	na	1	0	0	0	0	0	0	0	0	0	0	0
17	19000039	493102	41.0	3.04196697641e-06	3.65036037169e-05	1.97727853466e-05	32.0	5.0	37.0	0.72972972973	19.7027027027	9.0473319071e-06	32.0	5.0	37.0	0.72972972973	19.7027027027	9.0473319071e-06	3.0	1.0	4.0	0.5	0	1.0	3.0	1.0	4.0	0.5	0	1.0	na	1	0	0	0	0	0	0	0	0	0	0	0
17	19500007	492867	32.0	5.07236232087e-06	2.43473391402e-05	1.57243231947e-05	21.0	6.0	27.0	0.555555555556	8.33333333333	0.00389241712278	21.0	6.0	27.0	0.555555555556	8.33333333333	0.00389241712278	4.0	3.0	7.0	0.142857142857	0	1.0	4.0	3.0	7.0	0.142857142857	0	1.0	na	1	0	0	0	0	0	0	0	0	0	0	0
17	20000103	493506	74.0	2.83684494211e-05	4.25526741316e-05	3.54605617764e-05	28.0	17.0	45.0	0.244444444444	2.68888888889	0.101050255925	29.0	16.0	45.0	0.288888888889	3.75555555556	0.0526323025657	19.0	13.0	32.0	0.1875	1.125	0.288844366346	20.0	12.0	32.0	0.25	2.0	0.15729920705	none	0	1	0	0	0	0	0	0	0	0	0	0
17	20500062	492950	43.0	1.01430165331e-05	2.9414747946e-05	2.07931838929e-05	22.0	9.0	31.0	0.41935483871	5.45161290323	0.0195502690929	22.0	9.0	31.0	0.41935483871	5.45161290323	0.0195502690929	8.0	4.0	12.0	0.333333333333	1.33333333333	0.24821307899	8.0	4.0	12.0	0.333333333333	1.33333333333	0.24821307899	none	0	1	0	0	0	0	0	0	0	0	0	0
17	21000025	492957	23.0	3.04286175062e-06	1.92714577539e-05	1.11571597523e-05	18.0	2.0	20.0	0.8	12.8	0.000346619351135	18.0	2.0	20.0	0.8	12.8	0.000346619351135	3.0	0.0	3.0	1.0	0	1.0	3.0	0.0	3.0	1.0	0	1.0	na	1	0	0	0	0	0	0	0	0	0	0	0
17	21500007	493485	25.0	2.0264040447e-06	2.12772424694e-05	1.1651823257e-05	18.0	4.0	22.0	0.636363636364	8.90909090909	0.00283754488879	18.0	4.0	22.0	0.636363636364	8.90909090909	0.00283754488879	1.0	2.0	3.0	-0.333333333333	0	1.0	1.0	2.0	3.0	-0.333333333333	0	1.0	na	1	0	0	0	0	0	0	0	0	0	0	0
17	22000159	494037	55.0	7.08448962325e-06	4.75672874704e-05	2.73258885468e-05	39.0	9.0	48.0	0.625	18.75	1.49023357924e-05	40.0	8.0	48.0	0.666666666667	21.3333333333	3.8596164369e-06	5.0	3.0	8.0	0.25	0	1.0	6.0	2.0	8.0	0.5	0	1.0	na	1	0	0	0	0	0	0	0	0	0	0	0
17	22500044	493727	39.0	1.82286972355e-05	2.02541080395e-05	1.92414026375e-05	9.0	12.0	21.0	-0.142857142857	0.428571428571	0.512690760262	9.0	12.0	21.0	-0.142857142857	0.428571428571	0.512690760262	11.0	7.0	18.0	0.222222222222	0.888888888889	0.345778586151	11.0	7.0	18.0	0.222222222222	0.888888888889	0.345778586151	none	0	1	0	0	0	0	0	0	0	0	0	0
17	23000084	493364	12.0	1.01345051524e-06	1.11479556676e-05	6.08070309143e-06	8.0	3.0	11.0	0.454545454545	2.27272727273	0.131668016023	8.0	3.0	11.0	0.454545454545	2.27272727273	0.131668016023	1.0	0.0	1.0	1.0	0	1.0	1.0	0.0	1.0	1.0	0	1.0	na	1	0	0	0	0	0	0	0	0	0	0	0
17	23500061	492820	127.0	4.97138914817e-05	6.8990706546e-05	6.34105758695e-05	48.0	28.0	76.0	0.263157894737	5.26315789474	0.0217814627911	46.0	30.0	76.0	0.210526315789	3.36842105263	0.0664574200169	38.0	19.0	57.0	0.333333333333	6.33333333333	0.0118489409283	36.0	21.0	57.0	0.263157894737	3.94736842105	0.0469447269785	none	0	1	0	0	0	0	0	0	0	0	0	0
17	24000028	493268	35.0	8.10918202681e-06	2.63548415871e-05	1.7232011807e-05	16.0	11.0	27.0	0.185185185185	0.925925925926	0.335923813152	16.0	11.0	27.0	0.185185185185	0.925925925926	0.335923813152	6.0	2.0	8.0	0.5	0	1.0	6.0	2.0	8.0	0.5	0	1.0	na	1	0	0	0	0	0	0	0	0	0	0	0
17	24500068	493237	36.0	9.12340315102e-06	2.12879406857e-05	1.8246806302e-05	20.0	7.0	27.0	0.481481481481	6.25925925926	0.0123545850179	18.0	9.0	27.0	0.333333333333	3.0	0.0832645166636	10.0	1.0	11.0	0.818181818182	7.36363636364	0.00665560548295	8.0	3.0	11.0	0.454545454545	2.27272727273	0.131668016023	none	0	1	0	0	0	0	0	0	0	0	0	0
17	25000007	491909	0.0	0.0	0.0	0.0	0.0	0.0	0.0	0	0	1.0	0.0	0.0	0.0	0	0	1.0	0.0	0.0	0.0	0	0	1.0	0.0	0.0	0.0	0	0	1.0	na	1	0	0	0	0	0	0	0	0	0	0	0
17	25500006	492903	147.0	6.08639022282e-05	8.52094631195e-05	7.81086745262e-05	52.0	34.0	86.0	0.209302325581	3.76744186047	0.052259500318	51.0	35.0	86.0	0.186046511628	2.97674418605	0.0844690322533	46.0	16.0	62.0	0.483870967742	14.5161290323	0.000138964650194	45.0	17.0	62.0	0.451612903226	12.6451612903	0.000376538982086	none	0	1	0	0	0	0	0	0	0	0	0	0
17	26000738	493791	33.0	2.02514829148e-06	3.03772243723e-05	1.62011863319e-05	11.0	20.0	31.0	-0.290322580645	2.61290322581	0.105997548425	11.0	20.0	31.0	-0.290322580645	2.61290322581	0.105997548425	1.0	1.0	2.0	0.0	0	1.0	1.0	1.0	2.0	0.0	0	1.0	na	1	0	0	0	0	0	0	0	0	0	0	0
17	26500064	492224	28.0	5.07898842803e-06	2.03159537121e-05	1.26974710701e-05	16.0	5.0	21.0	0.52380952381	5.7619047619	0.0163773083415	16.0	5.0	21.0	0.52380952381	5.7619047619	0.0163773083415	4.0	3.0	7.0	0.142857142857	0	1.0	4.0	3.0	7.0	0.142857142857	0	1.0	na	1	0	0	0	0	0	0	0	0	0	0	0
17	27000042	492704	101.0	3.55182827824e-05	5.88588686108e-05	5.02329999351e-05	47.0	17.0	64.0	0.46875	14.0625	0.000176834570402	46.0	18.0	64.0	0.4375	12.25	0.000465258158071	29.0	13.0	42.0	0.380952380952	6.09523809524	0.0135546660648	28.0	14.0	42.0	0.333333333333	4.66666666667	0.0307535612593	123	0	0	0	0	0	0	0	0	0	0	1	0
17	27500008	492515	83.0	3.04559252002e-05	3.95927027603e-05	3.70547089936e-05	25.0	22.0	47.0	0.063829787234	0.191489361702	0.661679914866	26.0	21.0	47.0	0.106382978723	0.531914893617	0.465802909242	20.0	23.0	43.0	-0.0697674418605	0.209302325581	0.647314784389	21.0	22.0	43.0	-0.0232558139535	0.0232558139535	0.878793717959	none	0	1	0	0	0	0	0	0	0	0	0	0
17	28000230	493226	69.0	3.04120220751e-05	3.44669583517e-05	3.54806924209e-05	21.0	17.0	38.0	0.105263157895	0.421052631579	0.516412268396	20.0	18.0	38.0	0.0526315789474	0.105263157895	0.745602788927	18.0	16.0	34.0	0.0588235294118	0.117647058824	0.73160058896	17.0	17.0	34.0	0.0	0	1	na	1	0	0	0	0	0	0	0	0	0	0	0
17	28500041	492393	56.0	2.43707770013e-05	3.04634712516e-05	2.84325731682e-05	18.0	14.0	32.0	0.125	0.5	0.479500122187	18.0	14.0	32.0	0.125	0.5	0.479500122187	17.0	9.0	26.0	0.307692307692	2.46153846154	0.116664464781	17.0	9.0	26.0	0.307692307692	2.46153846154	0.116664464781	none	0	1	0	0	0	0	0	0	0	0	0	0
17	29000069	493858	31.0	9.11193095991e-06	1.92362986931e-05	1.41741148265e-05	11.0	10.0	21.0	0.047619047619	0.047619047619	0.827259346563	10.0	11.0	21.0	-0.047619047619	0.047619047619	0.827259346563	4.0	7.0	11.0	-0.272727272727	0.818181818182	0.365712296282	3.0	8.0	11.0	-0.454545454545	2.27272727273	0.131668016023	none	0	1	0	0	0	0	0	0	0	0	0	0
17	29500337	494208	45.0	8.09375809376e-06	3.03515928516e-05	2.02343952344e-05	28.0	9.0	37.0	0.513513513514	9.75675675676	0.00178664827337	22.0	15.0	37.0	0.189189189189	1.32432432432	0.249817441836	11.0	3.0	14.0	0.571428571429	4.57142857143	0.0325094446457	5.0	9.0	14.0	-0.285714285714	1.14285714286	0.285049407403	none	0	1	0	0	0	0	0	0	0	0	0	0
17	30000032	493323	26.0	7.0947432007e-06	1.82436253732e-05	1.36827190299e-05	13.0	6.0	19.0	0.368421052632	2.57894736842	0.108293655899	13.0	6.0	19.0	0.368421052632	2.57894736842	0.108293655899	6.0	1.0	7.0	0.714285714286	0	1.0	6.0	1.0	7.0	0.714285714286	0	1.0	na	1	0	0	0	0	0	0	0	0	0	0	0
17	30500033	493517	49.0	8.10509060478e-06	3.64729077215e-05	2.33021354887e-05	33.0	7.0	40.0	0.65	16.9	3.94015827251e-05	30.0	10.0	40.0	0.5	10.0	0.001565402258	10.0	2.0	12.0	0.666666666667	5.33333333333	0.0209213353378	7.0	5.0	12.0	0.166666666667	0.333333333333	0.563702861651	123	0	0	0	0	0	0	0	0	0	0	1	0
17	31000059	493147	41.0	8.11117171959e-06	3.14307904134e-05	2.07848775314e-05	26.0	7.0	33.0	0.575757575758	10.9393939394	0.000941409585934	25.0	8.0	33.0	0.515151515152	8.75757575758	0.00308318609091	7.0	2.0	9.0	0.555555555556	0	1.0	6.0	3.0	9.0	0.333333333333	0	1.0	na	1	0	0	0	0	0	0	0	0	0	0	0
17	31500019	493883	37.0	1.31610118186e-05	2.02477104901e-05	1.67043611544e-05	17.0	5.0	22.0	0.545454545455	6.54545454545	0.0105152459359	16.0	6.0	22.0	0.454545454545	4.54545454545	0.0330062576612	12.0	4.0	16.0	0.5	4.0	0.0455002638964	11.0	5.0	16.0	0.375	2.25	0.133614402538	none	0	1	0	0	0	0	0	0	0	0	0	0
17	32000047	492566	87.0	3.75584185673e-05	3.75584185673e-05	3.8573510961e-05	22.0	26.0	48.0	-0.0833333333333	0.333333333333	0.563702861651	20.0	28.0	48.0	-0.166666666667	1.33333333333	0.24821307899	21.0	22.0	43.0	-0.0232558139535	0.0232558139535	0.878793717959	19.0	24.0	43.0	-0.116279069767	0.581395348837	0.445765907915	none	0	1	0	0	0	0	0	0	0	0	0	0
17	32500341	493730	41.0	4.05079699431e-06	2.83555789602e-05	1.72158872258e-05	24.0	10.0	34.0	0.411764705882	5.76470588235	0.0163512215758	23.0	11.0	34.0	0.352941176471	4.23529411765	0.0395917632367	6.0	4.0	10.0	0.2	0.4	0.527089256866	5.0	5.0	10.0	0.0	0	1	na	1	0	0	0	0	0	0	0	0	0	0	0
17	33000158	493173	41.0	1.21661161499e-05	2.43322322998e-05	1.82491742249e-05	24.0	4.0	28.0	0.714285714286	14.2857142857	0.000157052284231	20.0	8.0	28.0	0.428571428571	5.14285714286	0.0233422020129	9.0	8.0	17.0	0.0588235294118	0.0588235294118	0.808365155915	5.0	12.0	17.0	-0.411764705882	2.88235294118	0.0895550744136	none	0	1	0	0	0	0	0	0	0	0	0	0
17	33500043	492974	26.0	3.04275681882e-06	2.23135500047e-05	1.26781534117e-05	21.0	2.0	23.0	0.826086956522	15.6956521739	7.43949840484e-05	22.0	1.0	23.0	0.913043478261	19.1739130435	1.19333108154e-05	2.0	2.0	4.0	0.0	0	1.0	3.0	1.0	4.0	0.5	0	1.0	na	1	0	0	0	0	0	0	0	0	0	0	0
17	34000015	493763	34.0	7.08842096309e-06	2.32905260216e-05	1.72147366247e-05	16.0	9.0	25.0	0.28	1.96	0.161513318468	17.0	8.0	25.0	0.36	3.24	0.0718606382259	7.0	3.0	10.0	0.4	1.6	0.205903210732	8.0	2.0	10.0	0.6	3.6	0.0577795711236	none	0	1	0	0	0	0	0	0	0	0	0	0
17	34500008	493387	66.0	7.0938229017e-06	5.87773897569e-05	3.3949009601e-05	50.0	8.0	58.0	0.724137931034	30.4137931034	3.49037504455e-08	50.0	8.0	58.0	0.724137931034	30.4137931034	3.49037504455e-08	5.0	3.0	8.0	0.25	0	1.0	5.0	3.0	8.0	0.25	0	1.0	na	1	0	0	0	0	0	0	0	0	0	0	0
17	35000022	492954	42.0	5.07146711458e-06	3.6514563225e-05	2.07930151698e-05	31.0	6.0	37.0	0.675675675676	16.8918918919	3.95702499234e-05	30.0	7.0	37.0	0.621621621622	14.2972972973	0.00015608882751	4.0	2.0	6.0	0.333333333333	0	1.0	3.0	3.0	6.0	0.0	0	1.0	na	1	0	0	0	0	0	0	0	0	0	0	0
17	35500082	492602	69.0	2.43604370262e-05	3.55256373299e-05	3.09580553875e-05	23.0	18.0	41.0	0.121951219512	0.609756097561	0.434879658496	25.0	16.0	41.0	0.219512195122	1.9756097561	0.159853674838	14.0	18.0	32.0	-0.125	0.5	0.479500122187	16.0	16.0	32.0	0.0	0	1	na	1	0	0	0	0	0	0	0	0	0	0	0
17	36000240	492365	14.0	3.04652036599e-06	1.11705746753e-05	7.10854752064e-06	8.0	3.0	11.0	0.454545454545	2.27272727273	0.131668016023	8.0	3.0	11.0	0.454545454545	2.27272727273	0.131668016023	3.0	0.0	3.0	1.0	0	1.0	3.0	0.0	3.0	1.0	0	1.0	na	1	0	0	0	0	0	0	0	0	0	0	0
17	36500120	493235	33.0	1.01371557168e-06	2.93977515789e-05	1.52057335753e-05	24.0	8.0	32.0	0.5	8.0	0.00467773498105	22.0	10.0	32.0	0.375	4.5	0.0338948535247	3.0	0.0	3.0	1.0	0	1.0	1.0	2.0	3.0	-0.333333333333	0	1.0	na	1	0	0	0	0	0	0	0	0	0	0	0
17	37000023	493463	71.0	1.21589663257e-05	5.3702101272e-05	3.29305337989e-05	44.0	14.0	58.0	0.51724137931	15.5172413793	8.17561486673e-05	48.0	10.0	58.0	0.655172413793	24.8965517241	6.04905270429e-07	9.0	8.0	17.0	0.0588235294118	0.0588235294118	0.808365155915	13.0	4.0	17.0	0.529411764706	4.76470588235	0.0290490221619	123	0	0	0	0	0	0	0	0	0	0	1	0
17	37500207	492951	63.0	1.52144939355e-05	4.36148826151e-05	3.0428987871e-05	33.0	14.0	47.0	0.404255319149	7.68085106383	0.00558098413684	31.0	16.0	47.0	0.31914893617	4.78723404255	0.0286714327067	9.0	11.0	20.0	-0.1	0.2	0.654720846019	7.0	13.0	20.0	-0.3	1.8	0.179712494879	none	0	1	0	0	0	0	0	0	0	0	0	0
17	38000191	490666	167.0	7.03125955334e-05	7.64267342755e-05	7.74457573991e-05	54.0	42.0	96.0	0.125	1.5	0.22067136192	54.0	42.0	96.0	0.125	1.5	0.22067136192	46.0	41.0	87.0	0.0574712643678	0.287356321839	0.591919663401	46.0	41.0	87.0	0.0574712643678	0.287356321839	0.591919663401	none	0	1	0	0	0	0	0	0	0	0	0	0
17	38500154	492416	38.0	1.4215622563e-05	2.03080322329e-05	1.92926306213e-05	14.0	7.0	21.0	0.333333333333	2.33333333333	0.126630457948	13.0	8.0	21.0	0.238095238095	1.19047619048	0.275233524075	7.0	11.0	18.0	-0.222222222222	0.888888888889	0.345778586151	6.0	12.0	18.0	-0.333333333333	2.0	0.15729920705	none	0	1	0	0	0	0	0	0	0	0	0	0
17	39000074	493340	46.0	1.31754976284e-05	3.14184943447e-05	2.22969959865e-05	23.0	10.0	33.0	0.393939393939	5.12121212121	0.0236351019828	23.0	10.0	33.0	0.393939393939	5.12121212121	0.0236351019828	10.0	3.0	13.0	0.538461538462	3.76923076923	0.0522036353413	10.0	3.0	13.0	0.538461538462	3.76923076923	0.0522036353413	none	0	1	0	0	0	0	0	0	0	0	0	0
17	39500046	491746	9.0	5.08392544118e-06	2.03357017647e-06	4.57553289706e-06	2.0	2.0	4.0	0.0	0	1.0	1.0	3.0	4.0	-0.5	0	1.0	5.0	1.0	6.0	0.666666666667	0	1.0	4.0	2.0	6.0	0.333333333333	0	1.0	na	1	0	0	0	0	0	0	0	0	0	0	0
17	40000870	493245	52.0	8.10956015773e-06	4.05478007887e-05	2.43286804732e-05	31.0	13.0	44.0	0.409090909091	7.36363636364	0.00665560548295	29.0	15.0	44.0	0.318181818182	4.45454545455	0.0348084788119	8.0	2.0	10.0	0.6	3.6	0.0577795711236	6.0	4.0	10.0	0.2	0.4	0.527089256866	none	0	1	0	0	0	0	0	0	0	0	0	0
17	40500135	491443	51.0	1.62785918204e-05	2.84875356857e-05	2.34004757418e-05	18.0	16.0	34.0	0.0588235294118	0.117647058824	0.73160058896	18.0	16.0	34.0	0.0588235294118	0.117647058824	0.73160058896	15.0	6.0	21.0	0.428571428571	3.85714285714	0.0495346134356	15.0	6.0	21.0	0.428571428571	3.85714285714	0.0495346134356	none	0	1	0	0	0	0	0	0	0	0	0	0
17	41000006	492505	69.0	3.55326341865e-05	2.74108892296e-05	3.45174160668e-05	17.0	13.0	30.0	0.133333333333	0.533333333333	0.465208818452	15.0	15.0	30.0	0.0	0	1	29.0	12.0	41.0	0.414634146341	7.0487804878	0.0079319235328	27.0	14.0	41.0	0.317073170732	4.12195121951	0.0423302291214	na	1	0	0	0	0	0	0	0	0	0	0	0
17	41500064	492664	30.0	9.13401425718e-06	1.82680285144e-05	1.47159118588e-05	11.0	8.0	19.0	0.157894736842	0.473684210526	0.491297124216	10.0	9.0	19.0	0.0526315789474	0.0526315789474	0.818545808382	8.0	4.0	12.0	0.333333333333	1.33333333333	0.24821307899	7.0	5.0	12.0	0.166666666667	0.333333333333	0.563702861651	none	0	1	0	0	0	0	0	0	0	0	0	0
17	42000016	492500	117.0	3.55329949239e-05	7.10659898477e-05	5.32994923858e-05	55.0	22.0	77.0	0.428571428571	14.1428571429	0.000169439202194	54.0	23.0	77.0	0.402597402597	12.4805194805	0.000411217826857	22.0	25.0	47.0	-0.063829787234	0.191489361702	0.661679914866	21.0	26.0	47.0	-0.106382978723	0.531914893617	0.465802909242	123	0	0	0	0	0	0	0	0	0	0	1	0
17	42500114	492253	126.0	4.46924650535e-05	7.21173867909e-05	5.94206637644e-05	63.0	15.0	78.0	0.615384615385	29.5384615385	5.48180209003e-08	63.0	15.0	78.0	0.615384615385	29.5384615385	5.48180209003e-08	31.0	21.0	52.0	0.192307692308	1.92307692308	0.165517858697	31.0	21.0	52.0	0.192307692308	1.92307692308	0.165517858697	123	0	0	0	0	0	0	0	0	0	0	1	0
17	43000129	492539	115.0	3.85756254835e-05	6.69997705765e-05	5.278769803e-05	53.0	24.0	77.0	0.376623376623	10.9220779221	0.000950249659227	53.0	24.0	77.0	0.376623376623	10.9220779221	0.000950249659227	25.0	17.0	42.0	0.190476190476	1.52380952381	0.217043907757	25.0	17.0	42.0	0.190476190476	1.52380952381	0.217043907757	123	0	0	0	0	0	0	0	0	0	0	1	0
17	43500217	493113	54.0	1.62234619651e-05	3.3460890303e-05	2.58561425069e-05	27.0	10.0	37.0	0.459459459459	7.81081081081	0.00519345973807	26.0	11.0	37.0	0.405405405405	6.08108108108	0.0136637128682	15.0	3.0	18.0	0.666666666667	8.0	0.00467773498105	14.0	4.0	18.0	0.555555555556	5.55555555556	0.0184221254541	none	0	1	0	0	0	0	0	0	0	0	0	0
17	44000042	492738	29.0	9.13264249967e-06	1.82652849993e-05	1.36989637495e-05	11.0	8.0	19.0	0.157894736842	0.473684210526	0.491297124216	11.0	8.0	19.0	0.157894736842	0.473684210526	0.491297124216	5.0	5.0	10.0	0.0	0	1	5.0	5.0	10.0	0.0	0	1	na	1	0	0	0	0	0	0	0	0	0	0	0
17	44500199	492753	17.0	3.04412149698e-06	1.31911931536e-05	8.11765732527e-06	13.0	1.0	14.0	0.857142857143	10.2857142857	0.00134064111723	12.0	2.0	14.0	0.714285714286	7.14285714286	0.00752631516646	3.0	1.0	4.0	0.5	0	1.0	2.0	2.0	4.0	0.0	0	1.0	na	1	0	0	0	0	0	0	0	0	0	0	0
17	45000240	492193	51.0	1.21903399683e-05	3.55551582408e-05	2.59044724326e-05	16.0	21.0	37.0	-0.135135135135	0.675675675676	0.411079778723	17.0	20.0	37.0	-0.0810810810811	0.243243243243	0.621873424331	9.0	6.0	15.0	0.2	0.6	0.438578026081	10.0	5.0	15.0	0.333333333333	1.66666666667	0.196705602459	none	0	1	0	0	0	0	0	0	0	0	0	0
17	45500011	491898	72.0	2.33788305706e-05	3.35435395143e-05	3.15105977255e-05	27.0	20.0	47.0	0.148936170213	1.04255319149	0.307228409731	30.0	17.0	47.0	0.276595744681	3.59574468085	0.0579276698839	24.0	10.0	34.0	0.411764705882	5.76470588235	0.0163512215758	27.0	7.0	34.0	0.588235294118	11.7647058824	0.000603644198133	none	0	1	0	0	0	0	0	0	0	0	0	0
17	46000168	492324	57.0	1.72650530951e-05	3.85924716244e-05	2.89443537183e-05	28.0	12.0	40.0	0.4	6.4	0.011412036386	28.0	12.0	40.0	0.4	6.4	0.011412036386	9.0	8.0	17.0	0.0588235294118	0.0588235294118	0.808365155915	9.0	8.0	17.0	0.0588235294118	0.0588235294118	0.808365155915	none	0	1	0	0	0	0	0	0	0	0	0	0
17	46500006	492706	73.0	3.75477465263e-05	2.9429314845e-05	3.65329425662e-05	17.0	14.0	31.0	0.0967741935484	0.290322580645	0.590013887163	17.0	14.0	31.0	0.0967741935484	0.290322580645	0.590013887163	22.0	22.0	44.0	0.0	0	1	22.0	22.0	44.0	0.0	0	1	na	1	0	0	0	0	0	0	0	0	0	0	0
17	47000041	492727	76.0	1.92804534763e-05	5.37823175917e-05	3.6531385534e-05	33.0	23.0	56.0	0.178571428571	1.78571428571	0.181449207721	36.0	20.0	56.0	0.285714285714	4.57142857143	0.0325094446457	13.0	10.0	23.0	0.130434782609	0.391304347826	0.531614576882	16.0	7.0	23.0	0.391304347826	3.52173913043	0.0605688602027	none	0	1	0	0	0	0	0	0	0	0	0	0
17	47500028	492589	49.0	2.03008999389e-05	2.63911699206e-05	2.43610799267e-05	17.0	12.0	29.0	0.172413793103	0.862068965517	0.353160353316	15.0	14.0	29.0	0.0344827586207	0.0344827586207	0.852683684335	11.0	11.0	22.0	0.0	0	1	9.0	13.0	22.0	-0.181818181818	0.727272727273	0.393768634643	na	1	0	0	0	0	0	0	0	0	0	0	0
17	48000118	491734	119.0	3.15211069399e-05	7.52439326953e-05	5.64329495215e-05	50.0	37.0	87.0	0.149425287356	1.94252873563	0.163394230803	49.0	38.0	87.0	0.126436781609	1.3908045977	0.238269269346	25.0	12.0	37.0	0.351351351351	4.56756756757	0.0325827983856	24.0	13.0	37.0	0.297297297297	3.27027027027	0.0705460004569	none	0	1	0	0	0	0	0	0	0	0	0	0
17	48500357	492296	122.0	4.67198595967e-05	6.60171929083e-05	5.63685262525e-05	45.0	29.0	74.0	0.216216216216	3.45945945946	0.0628908713074	44.0	30.0	74.0	0.189189189189	2.64864864865	0.103637964014	25.0	28.0	53.0	-0.0566037735849	0.169811320755	0.680279547334	24.0	29.0	53.0	-0.0943396226415	0.471698113208	0.492206992656	none	0	1	0	0	0	0	0	0	0	0	0	0
17	49000408	493203	25.0	1.01378134358e-05	1.41929388102e-05	1.2165376123e-05	10.0	5.0	15.0	0.333333333333	1.66666666667	0.196705602459	11.0	4.0	15.0	0.466666666667	3.26666666667	0.070701144866	6.0	5.0	11.0	0.0909090909091	0.0909090909091	0.763024600553	7.0	4.0	11.0	0.272727272727	0.818181818182	0.365712296282	none	0	1	0	0	0	0	0	0	0	0	0	0
17	49500056	492355	23.0	4.06210965665e-06	1.92950208691e-05	1.16785652629e-05	16.0	3.0	19.0	0.684210526316	8.89473684211	0.00285993820846	16.0	3.0	19.0	0.684210526316	8.89473684211	0.00285993820846	2.0	2.0	4.0	0.0	0	1.0	2.0	2.0	4.0	0.0	0	1.0	na	1	0	0	0	0	0	0	0	0	0	0	0
17	50000724	493187	45.0	1.11519565601e-05	3.04144269821e-05	2.07831917711e-05	22.0	11.0	33.0	0.333333333333	3.66666666667	0.0555110980979	22.0	11.0	33.0	0.333333333333	3.66666666667	0.0555110980979	9.0	5.0	14.0	0.285714285714	1.14285714286	0.285049407403	9.0	5.0	14.0	0.285714285714	1.14285714286	0.285049407403	none	0	1	0	0	0	0	0	0	0	0	0	0
17	50500098	493121	77.0	2.23068983069e-05	5.06974961521e-05	3.65021972295e-05	39.0	12.0	51.0	0.529411764706	14.2941176471	0.0001563527116	40.0	11.0	51.0	0.56862745098	16.4901960784	4.89022874403e-05	6.0	21.0	27.0	-0.555555555556	8.33333333333	0.00389241712278	7.0	20.0	27.0	-0.481481481481	6.25925925926	0.0123545850179	23	0	0	0	0	1	0	0	0	0	0	0	0
17	51000036	492731	58.0	2.23245543715e-05	2.84130692e-05	2.84130692e-05	19.0	17.0	36.0	0.0555555555556	0.111111111111	0.738882680364	20.0	16.0	36.0	0.111111111111	0.444444444444	0.504985075094	17.0	8.0	25.0	0.36	3.24	0.0718606382259	18.0	7.0	25.0	0.44	4.84	0.027806895027	none	0	1	0	0	0	0	0	0	0	0	0	0
17	51500216	492465	40.0	1.11683063771e-05	2.53825144934e-05	1.9290711015e-05	19.0	10.0	29.0	0.310344827586	2.79310344828	0.0946707198455	18.0	11.0	29.0	0.241379310345	1.68965517241	0.193646431269	10.0	4.0	14.0	0.428571428571	2.57142857143	0.108809430041	9.0	5.0	14.0	0.285714285714	1.14285714286	0.285049407403	none	0	1	0	0	0	0	0	0	0	0	0	0
17	52000011	493057	24.0	4.05632614485e-06	1.62253045794e-05	1.01408153621e-05	12.0	8.0	20.0	0.2	0.8	0.371093369523	11.0	9.0	20.0	0.1	0.2	0.654720846019	6.0	1.0	7.0	0.714285714286	0	1.0	5.0	2.0	7.0	0.428571428571	0	1.0	na	1	0	0	0	0	0	0	0	0	0	0	0
17	52500020	493175	35.0	1.4193744614e-05	1.8249100218e-05	1.6221422416e-05	14.0	5.0	19.0	0.473684210526	4.26315789474	0.038947455742	14.0	5.0	19.0	0.473684210526	4.26315789474	0.038947455742	9.0	7.0	16.0	0.125	0.25	0.617075077452	9.0	7.0	16.0	0.125	0.25	0.617075077452	none	0	1	0	0	0	0	0	0	0	0	0	0
17	53000284	493052	46.0	1.11550100192e-05	3.24509382378e-05	2.28170659484e-05	29.0	6.0	35.0	0.657142857143	15.1142857143	0.000101194605246	28.0	7.0	35.0	0.6	12.6	0.000385746755682	6.0	6.0	12.0	0.0	0	1	5.0	7.0	12.0	-0.166666666667	0.333333333333	0.563702861651	na	1	0	0	0	0	0	0	0	0	0	0	0
17	53500075	492090	39.0	9.14466865817e-06	2.74340059745e-05	1.82893373163e-05	22.0	8.0	30.0	0.466666666667	6.53333333333	0.0105871373341	22.0	8.0	30.0	0.466666666667	6.53333333333	0.0105871373341	6.0	5.0	11.0	0.0909090909091	0.0909090909091	0.763024600553	6.0	5.0	11.0	0.0909090909091	0.0909090909091	0.763024600553	none	0	1	0	0	0	0	0	0	0	0	0	0
17	54000066	492104	70.0	2.03209077756e-05	4.47059971063e-05	3.35294978297e-05	34.0	15.0	49.0	0.387755102041	7.36734693878	0.00664188547643	35.0	14.0	49.0	0.428571428571	9.0	0.00269979606326	15.0	9.0	24.0	0.25	1.5	0.22067136192	16.0	8.0	24.0	0.333333333333	2.66666666667	0.10247043486	123	0	0	0	0	0	0	0	0	0	0	1	0
17	54500057	492301	45.0	1.42189432888e-05	2.74222477712e-05	2.18362343363e-05	19.0	11.0	30.0	0.266666666667	2.13333333333	0.144127034816	18.0	12.0	30.0	0.2	1.2	0.273321678292	10.0	6.0	16.0	0.25	1.0	0.317310507863	9.0	7.0	16.0	0.125	0.25	0.617075077452	none	0	1	0	0	0	0	0	0	0	0	0	0
17	55000027	493159	77.0	2.83884102287e-05	4.46103589309e-05	3.64993845798e-05	25.0	22.0	47.0	0.063829787234	0.191489361702	0.661679914866	23.0	24.0	47.0	-0.0212765957447	0.0212765957447	0.884027968681	20.0	12.0	32.0	0.25	2.0	0.15729920705	18.0	14.0	32.0	0.125	0.5	0.479500122187	none	0	1	0	0	0	0	0	0	0	0	0	0
17	55500003	493029	65.0	1.92686434267e-05	4.05655651087e-05	3.09312433954e-05	36.0	8.0	44.0	0.636363636364	17.8181818182	2.43049606948e-05	34.0	10.0	44.0	0.545454545455	13.0909090909	0.000296732311293	12.0	13.0	25.0	-0.04	0.04	0.841480581122	10.0	15.0	25.0	-0.2	1.0	0.317310507863	123	0	0	0	0	0	0	0	0	0	0	1	0
17	56000338	493219	92.0	4.05499382627e-05	4.86599259153e-05	4.66324290021e-05	23.0	27.0	50.0	-0.08	0.32	0.571607644953	24.0	26.0	50.0	-0.04	0.08	0.77729741079	23.0	20.0	43.0	0.0697674418605	0.209302325581	0.647314784389	24.0	19.0	43.0	0.116279069767	0.581395348837	0.445765907915	none	0	1	0	0	0	0	0	0	0	0	0	0
17	56500016	492462	58.0	2.43673623549e-05	2.63979758844e-05	2.94438961788e-05	16.0	14.0	30.0	0.0666666666667	0.133333333333	0.715000654688	18.0	12.0	30.0	0.2	1.2	0.273321678292	13.0	17.0	30.0	-0.133333333333	0.533333333333	0.465208818452	15.0	15.0	30.0	0.0	0	1	na	1	0	0	0	0	0	0	0	0	0	0	0
17	57000262	492273	129.0	4.67220424439e-05	6.9067367091e-05	6.39888842167e-05	33.0	44.0	77.0	-0.142857142857	1.57142857143	0.209999671756	35.0	42.0	77.0	-0.0909090909091	0.636363636364	0.425030652785	30.0	26.0	56.0	0.0714285714286	0.285714285714	0.592980098017	32.0	24.0	56.0	0.142857142857	1.14285714286	0.285049407403	none	0	1	0	0	0	0	0	0	0	0	0	0
17	57500024	491837	59.0	2.8464714936e-05	2.4398327088e-05	2.7448117974e-05	11.0	18.0	29.0	-0.241379310345	1.68965517241	0.193646431269	9.0	20.0	29.0	-0.379310344828	4.1724137931	0.0410872245278	27.0	7.0	34.0	0.588235294118	11.7647058824	0.000603644198133	25.0	9.0	34.0	0.470588235294	7.52941176471	0.00606997236202	none	0	1	0	0	0	0	0	0	0	0	0	0
17	58000156	492710	137.0	4.16066245865e-05	9.03168192243e-05	7.00209047919e-05	67.0	27.0	94.0	0.425531914894	17.0212765957	3.69632934338e-05	69.0	25.0	94.0	0.468085106383	20.5957446809	5.67220531955e-06	31.0	16.0	47.0	0.31914893617	4.78723404255	0.0286714327067	33.0	14.0	47.0	0.404255319149	7.68085106383	0.00558098413684	none	0	1	0	0	0	0	0	0	0	0	0	0
17	58500079	493106	22.0	3.04194230044e-06	1.82516538026e-05	1.06467980515e-05	14.0	5.0	19.0	0.473684210526	4.26315789474	0.038947455742	14.0	5.0	19.0	0.473684210526	4.26315789474	0.038947455742	3.0	0.0	3.0	1.0	0	1.0	3.0	0.0	3.0	1.0	0	1.0	na	1	0	0	0	0	0	0	0	0	0	0	0
17	59000020	492816	26.0	8.11661959027e-06	1.52186617318e-05	1.26822181098e-05	12.0	6.0	18.0	0.333333333333	2.0	0.15729920705	10.0	8.0	18.0	0.111111111111	0.222222222222	0.637351888234	8.0	2.0	10.0	0.6	3.6	0.0577795711236	6.0	4.0	10.0	0.2	0.4	0.527089256866	none	0	1	0	0	0	0	0	0	0	0	0	0
17	59500009	493127	36.0	1.52090637909e-05	2.02787517212e-05	2.07857205142e-05	9.0	11.0	20.0	-0.1	0.2	0.654720846019	9.0	11.0	20.0	-0.1	0.2	0.654720846019	7.0	9.0	16.0	-0.125	0.25	0.617075077452	7.0	9.0	16.0	-0.125	0.25	0.617075077452	none	0	1	0	0	0	0	0	0	0	0	0	0
17	60000031	492979	54.0	9.1281778737e-06	4.25981634106e-05	2.58631706422e-05	40.0	4.0	44.0	0.818181818182	29.4545454545	5.72436242852e-08	41.0	3.0	44.0	0.863636363636	32.8181818182	1.01193914359e-08	5.0	6.0	11.0	-0.0909090909091	0.0909090909091	0.763024600553	6.0	5.0	11.0	0.0909090909091	0.0909090909091	0.763024600553	123	0	0	0	0	0	0	0	0	0	0	1	0
17	60500020	492930	30.0	9.12908526566e-06	1.82581705313e-05	1.36936278985e-05	12.0	8.0	20.0	0.2	0.8	0.371093369523	12.0	8.0	20.0	0.2	0.8	0.371093369523	10.0	2.0	12.0	0.666666666667	5.33333333333	0.0209213353378	10.0	2.0	12.0	0.666666666667	5.33333333333	0.0209213353378	none	0	1	0	0	0	0	0	0	0	0	0	0
17	61000049	492536	57.0	2.13182386668e-05	3.35000893336e-05	2.94394724447e-05	21.0	15.0	36.0	0.166666666667	1.0	0.317310507863	20.0	16.0	36.0	0.111111111111	0.444444444444	0.504985075094	11.0	11.0	22.0	0.0	0	1	10.0	12.0	22.0	-0.0909090909091	0.181818181818	0.669815357599	na	1	0	0	0	0	0	0	0	0	0	0	0
17	61500017	491221	189.0	6.51437947482e-05	0.000106876538259	9.21173972611e-05	88.0	33.0	121.0	0.454545454545	25.0	5.73303143736e-07	84.0	37.0	121.0	0.388429752066	18.2561983471	1.93096576778e-05	45.0	33.0	78.0	0.153846153846	1.84615384615	0.174231388248	41.0	37.0	78.0	0.0512820512821	0.205128205128	0.650612963933	123	0	0	0	0	0	0	0	0	0	0	1	0
17	62000030	491143	94.0	3.35951036663e-05	4.6829538444e-05	4.32664213885e-05	33.0	26.0	59.0	0.118644067797	0.830508474576	0.362125539492	33.0	26.0	59.0	0.118644067797	0.830508474576	0.362125539492	29.0	16.0	45.0	0.288888888889	3.75555555556	0.0526323025657	29.0	16.0	45.0	0.288888888889	3.75555555556	0.0526323025657	none	0	1	0	0	0	0	0	0	0	0	0	0
17	62500045	493063	51.0	1.41969687444e-05	3.14361450768e-05	2.38306261066e-05	21.0	16.0	37.0	0.135135135135	0.675675675676	0.411079778723	20.0	17.0	37.0	0.0810810810811	0.243243243243	0.621873424331	9.0	10.0	19.0	-0.0526315789474	0.0526315789474	0.818545808382	8.0	11.0	19.0	-0.157894736842	0.473684210526	0.491297124216	none	0	1	0	0	0	0	0	0	0	0	0	0
17	63000102	492985	34.0	4.0569185675e-06	2.53557410469e-05	1.47063298072e-05	26.0	3.0	29.0	0.793103448276	18.2413793103	1.94604710966e-05	25.0	4.0	29.0	0.724137931034	15.2068965517	9.63509000979e-05	7.0	1.0	8.0	0.75	0	1.0	6.0	2.0	8.0	0.5	0	1.0	na	1	0	0	0	0	0	0	0	0	0	0	0
17	63500120	492374	43.0	1.92942763022e-05	2.1325252755e-05	2.03097645286e-05	6.0	18.0	24.0	-0.5	6.0	0.0143058784354	8.0	16.0	24.0	-0.333333333333	2.66666666667	0.10247043486	10.0	11.0	21.0	-0.047619047619	0.047619047619	0.827259346563	12.0	9.0	21.0	0.142857142857	0.428571428571	0.512690760262	none	0	1	0	0	0	0	0	0	0	0	0	0
17	64000076	492566	74.0	2.4362217449e-05	3.8573510961e-05	3.45131413861e-05	22.0	26.0	48.0	-0.0833333333333	0.333333333333	0.563702861651	24.0	24.0	48.0	0.0	0	1	16.0	16.0	32.0	0.0	0	1	18.0	14.0	32.0	0.125	0.5	0.479500122187	na	1	0	0	0	0	0	0	0	0	0	0	0
17	64282730	275805	57.0	3.8070375809e-05	5.80120012328e-05	4.98540635594e-05	18.0	17.0	35.0	0.0285714285714	0.0285714285714	0.865772374993	16.0	19.0	35.0	-0.0857142857143	0.257142857143	0.612089880089	11.0	13.0	24.0	-0.0833333333333	0.166666666667	0.68309139831	9.0	15.0	24.0	-0.25	1.5	0.22067136192	none	0	1	0	0	0	0	0	0	0	0	0	0
