#chrom	coord	total	dtotal	T12	T34	T1234	DFO_left	DFO_right	DFO_total	DFO_stat	DFO_chisq	DFO_Pvalue	DIL_left	DIL_right	DIL_total	DIL_stat	DIL_chisq	DIL_Pvalue	DFI_left	DFI_right	DFI_total	DFI_stat	DFI_chisq	DFI_Pvalue	DOL_left	DOL_right	DOL_total	DOL_stat	DOL_chisq	DOL_Pvalue	introgression	introgna	intrognone	introg13	introg14	introg23	introg24	introg31	introg41	introg32	introg42	introg123	introg124
10	500069	496937	3869.0	0.00160181270463	0.00197107480425	0.0018095855209	615.0	1507.0	2122.0	-0.420358152686	374.959472196	0.0	598.0	1524.0	2122.0	-0.436380772856	404.088595664	0.0	1564.0	298.0	1862.0	0.679914070892	860.771213749	0.0	1547.0	315.0	1862.0	0.661654135338	815.157894737	0.0	none	0	1	0	0	0	0	0	0	0	0	0	0
10	1000098	496892	3574.0	0.00151944486931	0.00182534635293	0.00169252070873	575.0	1350.0	1925.0	-0.402597402597	312.012987013	0.0	574.0	1351.0	1925.0	-0.403636363636	313.625454545	0.0	1439.0	293.0	1732.0	0.661662817552	758.265588915	0.0	1438.0	294.0	1732.0	0.660508083141	755.621247113	0.0	none	0	1	0	0	0	0	0	0	0	0	0	0
10	1500007	497270	3365.0	0.00140969694532	0.00176463490659	0.00161531964526	508.0	1317.0	1825.0	-0.443287671233	358.619726027	0.0	492.0	1333.0	1825.0	-0.460821917808	387.551232877	0.0	1378.0	208.0	1586.0	0.737704918033	863.114754098	0.0	1362.0	224.0	1586.0	0.717528373266	816.547288777	0.0	none	0	1	0	0	0	0	0	0	0	0	0	0
10	2000110	497160	3378.0	0.00140498028804	0.00174189395768	0.00158449995977	464.0	1355.0	1819.0	-0.48982957669	436.438152831	0.0	456.0	1363.0	1819.0	-0.498625618472	452.253435954	0.0	1380.0	235.0	1615.0	0.708978328173	811.780185759	0.0	1372.0	243.0	1615.0	0.69907120743	789.251393189	0.0	none	0	1	0	0	0	0	0	0	0	0	0	0
10	2500087	497874	4133.0	0.00174843434283	0.0020667879825	0.00195481186003	694.0	1547.0	2241.0	-0.380633645694	324.680499777	0.0	657.0	1584.0	2241.0	-0.413654618474	383.457831325	0.0	1660.0	377.0	2037.0	0.629847815415	808.094747177	0.0	1623.0	414.0	2037.0	0.59351988218	717.565537555	0.0	none	0	1	0	0	0	0	0	0	0	0	0	0
10	3000068	497833	4150.0	0.00169434328379	0.00201674055356	0.00191479873773	845.0	1470.0	2315.0	-0.269978401728	168.73650108	0.0	703.0	1612.0	2315.0	-0.392656587473	356.924838013	0.0	1671.0	396.0	2067.0	0.616835994194	786.465892598	0.0	1529.0	538.0	2067.0	0.479438800194	475.123850992	0.0	none	0	1	0	0	0	0	0	0	0	0	0	0
10	3500035	497721	4191.0	0.00169874287	0.00204833631693	0.00194888300875	871.0	1515.0	2386.0	-0.269907795474	173.820620285	0.0	749.0	1637.0	2386.0	-0.372170997485	330.487845767	0.0	1621.0	444.0	2065.0	0.569975786925	670.861501211	0.0	1499.0	566.0	2065.0	0.45181598063	421.544309927	0.0	none	0	1	0	0	0	0	0	0	0	0	0	0
10	4000147	497153	3948.0	0.00169263788009	0.00184450259779	0.00186210281342	808.0	1348.0	2156.0	-0.250463821892	135.250463822	0.0	704.0	1452.0	2156.0	-0.34693877551	259.510204082	0.0	1582.0	450.0	2032.0	0.557086614173	630.622047244	0.0	1478.0	554.0	2032.0	0.454724409449	420.165354331	0.0	none	0	1	0	0	0	0	0	0	0	0	0	0
10	4500069	496989	3886.0	0.00157548758624	0.00182499009032	0.00177368110763	836.0	1357.0	2193.0	-0.237574099407	123.776105791	0.0	702.0	1491.0	2193.0	-0.359781121751	283.867305062	0.0	1495.0	480.0	1975.0	0.513924050633	521.632911392	0.0	1361.0	614.0	1975.0	0.378227848101	282.536202532	0.0	none	0	1	0	0	0	0	0	0	0	0	0	0
10	5000163	497792	4001.0	0.00165330097711	0.00194056955516	0.00186925462844	867.0	1388.0	2255.0	-0.231042128603	120.372949002	0.0	768.0	1487.0	2255.0	-0.318847006652	229.250997783	0.0	1594.0	355.0	1949.0	0.635710620831	787.64545921	0.0	1495.0	454.0	1949.0	0.53412006157	556.018984094	0.0	none	0	1	0	0	0	0	0	0	0	0	0	0
10	5500003	497189	4379.0	0.0017086057817	0.00218830263743	0.00204097435784	973.0	1582.0	2555.0	-0.238356164384	145.15890411	0.0	863.0	1692.0	2555.0	-0.32446183953	268.978864971	0.0	1634.0	434.0	2068.0	0.580270793037	696.324951644	0.0	1524.0	544.0	2068.0	0.473887814313	464.410058027	0.0	none	0	1	0	0	0	0	0	0	0	0	0	0
10	6000049	497433	3762.0	0.00159820518542	0.00186356755583	0.00175802570396	737.0	1279.0	2016.0	-0.268849206349	145.716269841	0.0	676.0	1340.0	2016.0	-0.329365079365	218.698412698	0.0	1547.0	318.0	1865.0	0.658981233244	809.887935657	0.0	1486.0	379.0	1865.0	0.593565683646	657.077211796	0.0	none	0	1	0	0	0	0	0	0	0	0	0	0
10	6500020	497172	4298.0	0.00182431834456	0.00198522845213	0.00198723982847	896.0	1452.0	2348.0	-0.236797274276	131.659284497	0.0	742.0	1606.0	2348.0	-0.36797274276	317.928449744	0.0	1763.0	471.0	2234.0	0.578334825425	747.208594449	0.0	1609.0	625.0	2234.0	0.440465532677	433.418084154	0.0	none	0	1	0	0	0	0	0	0	0	0	0	0
10	7000008	497446	4051.0	0.0016866152306	0.00197810415603	0.00192282177362	845.0	1439.0	2284.0	-0.260070052539	154.481611208	0.0	740.0	1544.0	2284.0	-0.352014010508	283.019264448	0.0	1544.0	440.0	1984.0	0.556451612903	614.322580645	0.0	1439.0	545.0	1984.0	0.45060483871	402.840725806	0.0	none	0	1	0	0	0	0	0	0	0	0	0	0
10	7500084	496089	3762.0	0.00156221968236	0.00184341922518	0.00175623728807	710.0	1407.0	2117.0	-0.329239489844	229.479924421	0.0	665.0	1452.0	2117.0	-0.371752479924	292.569201701	0.0	1405.0	443.0	1848.0	0.520562770563	500.781385281	0.0	1360.0	488.0	1848.0	0.471861471861	411.463203463	0.0	none	0	1	0	0	0	0	0	0	0	0	0	0
10	8000401	497976	3894.0	0.00160851125355	0.0019870435523	0.00183994810995	752.0	1442.0	2194.0	-0.314494074749	217.000911577	0.0	671.0	1523.0	2194.0	-0.388331814038	330.858705561	0.0	1512.0	353.0	1865.0	0.62144772118	720.257908847	0.0	1431.0	434.0	1865.0	0.534584450402	532.980697051	0.0	none	0	1	0	0	0	0	0	0	0	0	0	0
10	8500108	497577	3999.0	0.00165502022803	0.00202079276172	0.0018740818004	825.0	1472.0	2297.0	-0.281671745755	182.241619504	0.0	692.0	1605.0	2297.0	-0.397474967349	362.894645189	0.0	1588.0	337.0	1925.0	0.64987012987	812.987532468	0.0	1455.0	470.0	1925.0	0.511688311688	504.012987013	0.0	none	0	1	0	0	0	0	0	0	0	0	0	0
10	9000099	497246	4521.0	0.00183008008109	0.00212671394038	0.00204476255214	977.0	1527.0	2504.0	-0.2196485623	120.806709265	0.0	785.0	1719.0	2504.0	-0.373003194888	348.384984026	0.0	1887.0	438.0	2325.0	0.623225806452	903.054193548	0.0	1695.0	630.0	2325.0	0.458064516129	487.838709677	0.0	none	0	1	0	0	0	0	0	0	0	0	0	0
10	9500051	497661	4342.0	0.00175018737655	0.0020526020725	0.00194359212396	982.0	1463.0	2445.0	-0.19672801636	94.6261758691	0.0	728.0	1717.0	2445.0	-0.404498977505	400.049488753	0.0	1860.0	369.0	2229.0	0.668909825034	997.344549125	0.0	1606.0	623.0	2229.0	0.441004934948	433.507851054	0.0	none	0	1	0	0	0	0	0	0	0	0	0	0
10	10000013	497872	4297.0	0.00179363370505	0.00212002281711	0.00205926422856	832.0	1582.0	2414.0	-0.310687655344	233.015741508	0.0	725.0	1689.0	2414.0	-0.399337199669	384.961060481	0.0	1681.0	423.0	2104.0	0.597908745247	752.169201521	0.0	1574.0	530.0	2104.0	0.496197718631	518.030418251	0.0	none	0	1	0	0	0	0	0	0	0	0	0	0
10	10500022	497837	4391.0	0.00174856428911	0.00219148034397	0.00204936555539	941.0	1611.0	2552.0	-0.262539184953	175.901253918	0.0	906.0	1646.0	2552.0	-0.289968652038	214.576802508	0.0	1562.0	504.0	2066.0	0.512100677638	541.802516941	0.0	1527.0	539.0	2066.0	0.478218780252	472.480154889	0.0	none	0	1	0	0	0	0	0	0	0	0	0	0
10	11000024	497255	4068.0	0.00160581592945	0.0020170737348	0.001916018944	835.0	1510.0	2345.0	-0.287846481876	194.296375267	0.0	786.0	1559.0	2345.0	-0.329637526652	254.809808102	0.0	1379.0	563.0	1942.0	0.420185375901	342.871266735	0.0	1330.0	612.0	1942.0	0.369721936148	265.460350154	0.0	none	0	1	0	0	0	0	0	0	0	0	0	0
10	11500049	497341	4176.0	0.00168294992772	0.0020991633507	0.00203683187189	798.0	1595.0	2393.0	-0.333054743	265.444630171	0.0	796.0	1597.0	2393.0	-0.334726284998	268.115754283	0.0	1448.0	529.0	1977.0	0.464845725847	427.193222054	0.0	1446.0	531.0	1977.0	0.46282245827	423.482549317	0.0	none	0	1	0	0	0	0	0	0	0	0	0	0
10	12000154	497484	4224.0	0.00170055720385	0.00209252960899	0.00201614524286	835.0	1575.0	2410.0	-0.307053941909	227.219917012	0.0	741.0	1669.0	2410.0	-0.385062240664	357.337759336	0.0	1471.0	579.0	2050.0	0.43512195122	388.128780488	0.0	1377.0	673.0	2050.0	0.343414634146	241.763902439	0.0	none	0	1	0	0	0	0	0	0	0	0	0	0
10	12500068	497711	3940.0	0.00164955164744	0.00200116131651	0.00188563242524	704.0	1490.0	2194.0	-0.358249772106	281.584320875	0.0	674.0	1520.0	2194.0	-0.385597082954	326.215132179	0.0	1460.0	452.0	1912.0	0.52719665272	531.414225941	0.0	1430.0	482.0	1912.0	0.495815899582	470.033472803	0.0	none	0	1	0	0	0	0	0	0	0	0	0	0
10	13000024	498140	4078.0	0.00166720199141	0.0020827478219	0.00193519894006	743.0	1604.0	2347.0	-0.366851299531	315.858968896	0.0	732.0	1615.0	2347.0	-0.376224968044	332.206646783	0.0	1483.0	429.0	1912.0	0.551255230126	581.023012552	0.0	1472.0	440.0	1912.0	0.539748953975	557.020920502	0.0	none	0	1	0	0	0	0	0	0	0	0	0	0
10	13500036	496819	3957.0	0.00159112272276	0.00189505634849	0.00182863376803	782.0	1453.0	2235.0	-0.300223713647	201.450111857	0.0	745.0	1490.0	2235.0	-0.333333333333	248.333333333	0.0	1413.0	554.0	1967.0	0.436705643111	375.130147433	0.0	1376.0	591.0	1967.0	0.399084900864	313.281647178	0.0	none	0	1	0	0	0	0	0	0	0	0	0	0
10	14000015	497396	4342.0	0.00170688948041	0.00216326629084	0.00208485794015	927.0	1582.0	2509.0	-0.26106018334	170.994420088	0.0	816.0	1693.0	2509.0	-0.34954165006	306.548027102	0.0	1560.0	548.0	2108.0	0.480075901328	485.836812144	0.0	1449.0	659.0	2108.0	0.374762808349	296.062618596	0.0	none	0	1	0	0	0	0	0	0	0	0	0	0
10	14500028	497322	4896.0	0.00197960275234	0.0022590997382	0.00224804050494	1001.0	1793.0	2794.0	-0.283464566929	224.503937008	0.0	959.0	1835.0	2794.0	-0.313528990694	274.651395848	0.0	1763.0	717.0	2480.0	0.421774193548	441.175806452	0.0	1721.0	759.0	2480.0	0.387903225806	373.162903226	0.0	none	0	1	0	0	0	0	0	0	0	0	0	0
10	15000002	496986	4615.0	0.00175357052311	0.00226666344726	0.00213688111939	1032.0	1723.0	2755.0	-0.250816696915	173.314337568	0.0	1015.0	1740.0	2755.0	-0.263157894737	190.789473684	0.0	1527.0	654.0	2181.0	0.400275103164	349.440165062	0.0	1510.0	671.0	2181.0	0.384685923888	322.751490142	0.0	none	0	1	0	0	0	0	0	0	0	0	0	0
10	15500064	497197	4507.0	0.00189763815952	0.00201328648403	0.00205401480701	986.0	1441.0	2427.0	-0.187474248043	85.3007828595	0.0	840.0	1587.0	2427.0	-0.307787391842	229.917181706	0.0	1844.0	544.0	2388.0	0.544388609715	707.70519263	0.0	1698.0	690.0	2388.0	0.422110552764	425.487437186	0.0	none	0	1	0	0	0	0	0	0	0	0	0	0
10	16001024	498476	3883.0	0.00159586419406	0.00187371107135	0.00181302610356	714.0	1435.0	2149.0	-0.335504885993	241.899022801	0.0	627.0	1522.0	2149.0	-0.416472778036	372.743136342	0.0	1528.0	399.0	1927.0	0.585884795018	661.463933576	0.0	1441.0	486.0	1927.0	0.495588998443	473.287493513	0.0	none	0	1	0	0	0	0	0	0	0	0	0	0
10	16500109	494934	7458.0	0.00277511749041	0.00289836624681	0.00316304800236	1775.0	2512.0	4287.0	-0.171915092139	126.701422906	0.0	1631.0	2656.0	4287.0	-0.239094938185	245.07231164	0.0	2681.0	1454.0	4135.0	0.296735187424	364.09407497	0.0	2537.0	1598.0	4135.0	0.227085852479	213.233615478	0.0	none	0	1	0	0	0	0	0	0	0	0	0	0
10	17000005	496672	3441.0	0.00140132723407	0.00175568584498	0.00165098898267	619.0	1361.0	1980.0	-0.374747474747	278.062626263	0.0	585.0	1395.0	1980.0	-0.409090909091	331.363636364	0.0	1215.0	392.0	1607.0	0.512134411948	421.486621033	0.0	1181.0	426.0	1607.0	0.469819539515	354.713752334	0.0	none	0	1	0	0	0	0	0	0	0	0	0	0
10	17500015	496176	3140.0	0.00123847183258	0.00164860855825	0.00149896407726	559.0	1298.0	1857.0	-0.397953688745	294.087775983	0.0	562.0	1295.0	1857.0	-0.394722670975	289.331717824	0.0	1097.0	299.0	1396.0	0.571633237822	456.163323782	0.0	1100.0	296.0	1396.0	0.575931232092	463.048710602	0.0	none	0	1	0	0	0	0	0	0	0	0	0	0
10	18000007	494931	4835.0	0.00180833287872	0.00240134483393	0.00235436858875	1054.0	1873.0	2927.0	-0.279808677827	229.16330714	0.0	1021.0	1906.0	2927.0	-0.302357362487	267.586265801	0.0	1583.0	602.0	2185.0	0.448970251716	440.439816934	0.0	1550.0	635.0	2185.0	0.418764302059	383.169336384	0.0	none	0	1	0	0	0	0	0	0	0	0	0	0
10	18500087	494519	4501.0	0.00174108578235	0.00213641942979	0.00212074763558	925.0	1700.0	2625.0	-0.295238095238	228.80952381	0.0	895.0	1730.0	2625.0	-0.318095238095	265.60952381	0.0	1605.0	615.0	2220.0	0.445945945946	441.486486486	0.0	1575.0	645.0	2220.0	0.418918918919	389.594594595	0.0	none	0	1	0	0	0	0	0	0	0	0	0	0
10	19000028	495807	4790.0	0.0017123598497	0.00230936634618	0.00214498786826	1181.0	1770.0	2951.0	-0.199593358184	117.56048797	0.0	1026.0	1925.0	2951.0	-0.30464249407	273.873602169	0.0	1703.0	551.0	2254.0	0.511091393079	588.777284827	0.0	1548.0	706.0	2254.0	0.3735581189	314.535936114	0.0	none	0	1	0	0	0	0	0	0	0	0	0	0
10	19500009	496439	4843.0	0.001881399326	0.00237390696541	0.00219815526177	1109.0	1733.0	2842.0	-0.219563687544	137.007741027	0.0	989.0	1853.0	2842.0	-0.304011259676	262.66572836	0.0	1807.0	516.0	2323.0	0.555746879036	717.469220835	0.0	1687.0	636.0	2323.0	0.452432199742	475.506241929	0.0	none	0	1	0	0	0	0	0	0	0	0	0	0
10	20000105	496505	3870.0	0.00150250249242	0.00198286019275	0.00183029375334	709.0	1578.0	2287.0	-0.379973764757	330.197201574	0.0	668.0	1619.0	2287.0	-0.415828596415	395.45299519	0.0	1413.0	365.0	1778.0	0.58942632171	617.718785152	0.0	1372.0	406.0	1778.0	0.543307086614	524.834645669	0.0	none	0	1	0	0	0	0	0	0	0	0	0	0
10	20500070	496999	3837.0	0.00151006340053	0.00197787118284	0.00182042619804	684.0	1584.0	2268.0	-0.396825396825	357.142857143	0.0	660.0	1608.0	2268.0	-0.417989417989	396.253968254	0.0	1345.0	398.0	1743.0	0.543316121629	514.520367183	0.0	1321.0	422.0	1743.0	0.515777395295	463.683878371	0.0	none	0	1	0	0	0	0	0	0	0	0	0	0
10	21000038	497017	4189.0	0.00162066891072	0.00211461579785	0.00198132055845	761.0	1696.0	2457.0	-0.380545380545	355.80993081	0.0	708.0	1749.0	2457.0	-0.423687423687	441.058608059	0.0	1468.0	471.0	1939.0	0.514182568334	512.640020629	0.0	1415.0	524.0	1939.0	0.459515214028	409.428055699	0.0	none	0	1	0	0	0	0	0	0	0	0	0	0
10	21500160	496107	4660.0	0.00188568191942	0.0022172636145	0.00225102649227	911.0	1712.0	2623.0	-0.305375524209	244.605794891	0.0	877.0	1746.0	2623.0	-0.331300038124	287.89973313	0.0	1694.0	605.0	2299.0	0.473684210526	515.842105263	0.0	1660.0	639.0	2299.0	0.444106133101	453.432361896	0.0	none	0	1	0	0	0	0	0	0	0	0	0	0
10	22000154	497267	4623.0	0.00193055239942	0.00227443204556	0.00225130563661	843.0	1742.0	2585.0	-0.347775628627	312.650290135	0.0	839.0	1746.0	2585.0	-0.35087040619	318.239458414	0.0	1730.0	486.0	2216.0	0.561371841155	698.346570397	0.0	1726.0	490.0	2216.0	0.557761732852	689.393501805	0.0	none	0	1	0	0	0	0	0	0	0	0	0	0
10	22500046	496724	4437.0	0.00174241631167	0.00222759520378	0.00209069825497	917.0	1688.0	2605.0	-0.295969289827	228.192322457	0.0	848.0	1757.0	2605.0	-0.348944337812	317.190403071	0.0	1633.0	460.0	2093.0	0.56043956044	657.395604396	0.0	1564.0	529.0	2093.0	0.494505494505	511.813186813	0.0	none	0	1	0	0	0	0	0	0	0	0	0	0
10	23000197	497110	4328.0	0.00174609241415	0.00224497596105	0.00208907485265	869.0	1669.0	2538.0	-0.315208825847	252.167060678	0.0	908.0	1630.0	2538.0	-0.284475965327	205.391646966	0.0	1461.0	506.0	1967.0	0.485510930351	463.662938485	0.0	1500.0	467.0	1967.0	0.525165226233	542.495678699	0.0	none	0	1	0	0	0	0	0	0	0	0	0	0
10	23500060	497292	3977.0	0.00162178357987	0.00208328306106	0.00189174569468	708.0	1598.0	2306.0	-0.385949696444	343.495229835	0.0	683.0	1623.0	2306.0	-0.40763226366	383.17432784	0.0	1436.0	382.0	1818.0	0.579757975798	611.064906491	0.0	1411.0	407.0	1818.0	0.552255225523	554.464246425	0.0	none	0	1	0	0	0	0	0	0	0	0	0	0
10	24000119	496861	3875.0	0.0015930008594	0.0019985468773	0.00184709606912	754.0	1477.0	2231.0	-0.324069923801	234.302554908	0.0	683.0	1548.0	2231.0	-0.387718511878	335.376512775	0.0	1488.0	305.0	1793.0	0.659788064696	780.529280535	0.0	1417.0	376.0	1793.0	0.580591187953	604.395426659	0.0	none	0	1	0	0	0	0	0	0	0	0	0	0
10	24500321	497036	3683.0	0.00156427301041	0.00184393082191	0.00177954916746	704.0	1341.0	2045.0	-0.311491442543	198.4200489	0.0	702.0	1343.0	2045.0	-0.313447432763	200.919804401	0.0	1358.0	402.0	1760.0	0.543181818182	519.281818182	0.0	1356.0	404.0	1760.0	0.540909090909	514.945454545	0.0	none	0	1	0	0	0	0	0	0	0	0	0	0
10	25000014	496914	3412.0	0.00144592424444	0.00185947669013	0.00167785572554	564.0	1378.0	1942.0	-0.419155509784	341.192584964	0.0	540.0	1402.0	1942.0	-0.443872296601	382.61791967	0.0	1253.0	287.0	1540.0	0.627272727273	605.945454545	0.0	1229.0	311.0	1540.0	0.596103896104	547.223376623	0.0	none	0	1	0	0	0	0	0	0	0	0	0	0
10	25500074	497475	4295.0	0.00178300417106	0.00218804965074	0.00204382129755	766.0	1641.0	2407.0	-0.363523057748	318.08267553	0.0	739.0	1668.0	2407.0	-0.385957623598	358.554632322	0.0	1523.0	524.0	2047.0	0.488031265266	487.543234001	0.0	1496.0	551.0	2047.0	0.461651196873	436.260381045	0.0	none	0	1	0	0	0	0	0	0	0	0	0	0
10	26000278	497493	4105.0	0.00164926943696	0.0021457588348	0.00198294247356	705.0	1703.0	2408.0	-0.414451827243	413.622923588	0.0	736.0	1672.0	2408.0	-0.388704318937	363.827242525	0.0	1423.0	433.0	1856.0	0.533405172414	528.07112069	0.0	1454.0	402.0	1856.0	0.566810344828	596.284482759	0.0	none	0	1	0	0	0	0	0	0	0	0	0	0
10	26500037	497355	4044.0	0.00169999296277	0.00205487026369	0.00196589960893	739.0	1545.0	2284.0	-0.35288966725	284.429071804	0.0	753.0	1531.0	2284.0	-0.340630472855	265.010507881	0.0	1490.0	436.0	1926.0	0.547248182762	576.799584631	0.0	1504.0	422.0	1926.0	0.561786085151	607.852544133	0.0	none	0	1	0	0	0	0	0	0	0	0	0	0
10	27000027	496887	4000.0	0.00167241243985	0.0020718996472	0.00193957579892	733.0	1533.0	2266.0	-0.353045013239	282.436010591	0.0	717.0	1549.0	2266.0	-0.367166813769	305.482789056	0.0	1401.0	441.0	1842.0	0.521172638436	500.325732899	0.0	1385.0	457.0	1842.0	0.503800217155	467.52660152	0.0	none	0	1	0	0	0	0	0	0	0	0	0	0
10	27500100	497210	3885.0	0.00162909032401	0.00192574566079	0.00184881639549	634.0	1529.0	2163.0	-0.41377716135	370.330559408	0.0	615.0	1548.0	2163.0	-0.431345353675	402.445214979	0.0	1516.0	367.0	1883.0	0.610196494955	701.115772703	0.0	1497.0	386.0	1883.0	0.590015932023	655.507700478	0.0	none	0	1	0	0	0	0	0	0	0	0	0	0
10	28000029	497227	4753.0	0.00188344558924	0.00234500539995	0.00224595607238	971.0	1800.0	2771.0	-0.299169974738	248.011909058	0.0	907.0	1864.0	2771.0	-0.345362684951	330.512089498	0.0	1728.0	552.0	2280.0	0.515789473684	606.568421053	0.0	1664.0	616.0	2280.0	0.459649122807	481.712280702	0.0	none	0	1	0	0	0	0	0	0	0	0	0	0
10	28500016	497638	3986.0	0.00169802145335	0.00199844063355	0.00192258227868	618.0	1599.0	2217.0	-0.44248985115	434.082543978	0.0	650.0	1567.0	2217.0	-0.413622011728	379.291384754	0.0	1432.0	469.0	1901.0	0.506575486586	487.832193582	0.0	1464.0	437.0	1901.0	0.540241977906	554.82851131	0.0	none	0	1	0	0	0	0	0	0	0	0	0	0
10	29000039	497247	4395.0	0.00174862794547	0.00223832421312	0.00212821796813	902.0	1684.0	2586.0	-0.302397525135	236.474864656	0.0	901.0	1685.0	2586.0	-0.30317092034	237.686001547	0.0	1501.0	467.0	1968.0	0.525406504065	543.270325203	0.0	1500.0	468.0	1968.0	0.524390243902	541.170731707	0.0	none	0	1	0	0	0	0	0	0	0	0	0	0
10	29500084	497810	4763.0	0.00189027942388	0.00244671661879	0.00230208312408	936.0	1849.0	2785.0	-0.327827648115	299.306642729	0.0	892.0	1893.0	2785.0	-0.359425493716	359.78491921	0.0	1632.0	552.0	2184.0	0.494505494505	534.065934066	0.0	1588.0	596.0	2184.0	0.454212454212	450.578754579	0.0	none	0	1	0	0	0	0	0	0	0	0	0	0
10	30000013	497728	4932.0	0.00190264562171	0.00241999646393	0.00225474556384	1104.0	1812.0	2916.0	-0.242798353909	171.901234568	0.0	1131.0	1785.0	2916.0	-0.224279835391	146.679012346	0.0	1685.0	600.0	2285.0	0.474835886214	515.196936543	0.0	1712.0	573.0	2285.0	0.498468271335	567.75536105	0.0	none	0	1	0	0	0	0	0	0	0	0	0	0
10	30500100	498123	4641.0	0.0018218391843	0.00228658383572	0.00215358455642	994.0	1739.0	2733.0	-0.272594218807	203.082693011	0.0	924.0	1809.0	2733.0	-0.323819978046	286.580680571	0.0	1650.0	540.0	2190.0	0.506849315068	562.602739726	0.0	1580.0	610.0	2190.0	0.442922374429	429.634703196	0.0	none	0	1	0	0	0	0	0	0	0	0	0	0
10	31000160	498240	4381.0	0.00174012524085	0.00228403982017	0.00207229447656	892.0	1699.0	2591.0	-0.311462755693	251.350443844	0.0	828.0	1763.0	2591.0	-0.360864531069	337.40833655	0.0	1564.0	394.0	1958.0	0.597548518897	699.131767109	0.0	1500.0	458.0	1958.0	0.532175689479	554.527068437	0.0	none	0	1	0	0	0	0	0	0	0	0	0	0
10	31500161	497303	4944.0	0.00197867296196	0.00236676633763	0.00228130536112	987.0	1827.0	2814.0	-0.298507462687	250.746268657	0.0	918.0	1896.0	2814.0	-0.347547974414	339.901918977	0.0	1823.0	626.0	2449.0	0.488770926909	585.05879951	0.0	1754.0	695.0	2449.0	0.432421396488	457.934258881	0.0	none	0	1	0	0	0	0	0	0	0	0	0	0
10	32000009	497179	4049.0	0.00152761882541	0.00215314806136	0.00191782034237	942.0	1532.0	2474.0	-0.238480194018	140.70331447	0.0	951.0	1523.0	2474.0	-0.231204527082	132.248989491	0.0	1295.0	443.0	1738.0	0.490218642117	417.666283084	0.0	1304.0	434.0	1738.0	0.500575373993	435.500575374	0.0	none	0	1	0	0	0	0	0	0	0	0	0	0
10	32500002	497965	4587.0	0.00183346219112	0.00229333386885	0.00215778217345	903.0	1769.0	2672.0	-0.324101796407	280.672155689	0.0	824.0	1848.0	2672.0	-0.383233532934	392.431137725	0.0	1612.0	564.0	2176.0	0.481617647059	504.735294118	0.0	1533.0	643.0	2176.0	0.409007352941	364.016544118	0.0	none	0	1	0	0	0	0	0	0	0	0	0	0
10	33000045	497918	5251.0	0.00212283950369	0.00248936571885	0.00245070473451	1072.0	1908.0	2980.0	-0.280536912752	234.52885906	0.0	1054.0	1926.0	2980.0	-0.292617449664	255.162416107	0.0	1871.0	734.0	2605.0	0.436468330134	496.264491363	0.0	1853.0	752.0	2605.0	0.422648752399	465.336276392	0.0	none	0	1	0	0	0	0	0	0	0	0	0	0
10	33500029	497723	4550.0	0.00179517522799	0.00216887706616	0.00205636468477	997.0	1627.0	2624.0	-0.240091463415	151.257621951	0.0	824.0	1800.0	2624.0	-0.371951219512	363.024390244	0.0	1708.0	577.0	2285.0	0.494967177243	559.807877462	0.0	1535.0	750.0	2285.0	0.343544857768	269.682713348	0.0	none	0	1	0	0	0	0	0	0	0	0	0	0
10	34000008	497513	4893.0	0.00197080277299	0.00240697228012	0.00230446239596	896.0	1891.0	2787.0	-0.357014711159	355.229637603	0.0	832.0	1955.0	2787.0	-0.40294223179	452.504126301	0.0	1768.0	620.0	2388.0	0.480737018425	551.886097152	0.0	1704.0	684.0	2388.0	0.427135678392	435.67839196	0.0	none	0	1	0	0	0	0	0	0	0	0	0	0
10	34500043	497115	5343.0	0.00212023374873	0.00257988594188	0.00255826116693	1066.0	1994.0	3060.0	-0.303267973856	281.432679739	0.0	1077.0	1983.0	3060.0	-0.296078431373	268.247058824	0.0	1816.0	796.0	2612.0	0.390505359877	398.315467075	0.0	1827.0	785.0	2612.0	0.398928024502	415.683001531	0.0	none	0	1	0	0	0	0	0	0	0	0	0	0
10	35000127	497560	5277.0	0.00213743066163	0.00249618136506	0.00250472304848	1039.0	1947.0	2986.0	-0.304085733423	276.109845948	0.0	967.0	2019.0	2986.0	-0.352310783657	370.630944407	0.0	1922.0	703.0	2625.0	0.464380952381	566.080380952	0.0	1850.0	775.0	2625.0	0.409523809524	440.238095238	0.0	none	0	1	0	0	0	0	0	0	0	0	0	0
10	35500036	496958	4254.0	0.0016721735036	0.0021048056375	0.00198809557347	974.0	1526.0	2500.0	-0.2208	121.8816	0.0	1005.0	1495.0	2500.0	-0.196	96.04	0.0	1450.0	569.0	2019.0	0.436354631005	384.428429916	0.0	1481.0	538.0	2019.0	0.467062902427	440.440316989	0.0	none	0	1	0	0	0	0	0	0	0	0	0	0
10	36000026	497301	4168.0	0.00163482478419	0.00208927792222	0.00195857237367	906.0	1548.0	2454.0	-0.261613691932	167.95599022	0.0	890.0	1564.0	2454.0	-0.274653626732	185.116544417	0.0	1386.0	530.0	1916.0	0.446764091858	382.43006263	0.0	1370.0	546.0	1916.0	0.43006263048	354.371607516	0.0	none	0	1	0	0	0	0	0	0	0	0	0	0
10	36500035	497493	4898.0	0.00196284168822	0.0022945046463	0.00225631315415	967.0	1829.0	2796.0	-0.308297567954	265.752503577	0.0	943.0	1853.0	2796.0	-0.325464949928	296.173104435	0.0	1770.0	666.0	2436.0	0.453201970443	500.334975369	0.0	1746.0	690.0	2436.0	0.433497536946	457.773399015	0.0	none	0	1	0	0	0	0	0	0	0	0	0	0
10	37000010	497622	5054.0	0.00199247621689	0.00239137337176	0.00235369416947	955.0	1949.0	2904.0	-0.342286501377	340.232782369	0.0	951.0	1953.0	2904.0	-0.345041322314	345.731404959	0.0	1667.0	829.0	2496.0	0.335737179487	281.34775641	0.0	1663.0	833.0	2496.0	0.332532051282	276.001602564	0.0	none	0	1	0	0	0	0	0	0	0	0	0	0
10	37500083	497349	5393.0	0.00202674580626	0.00264401858655	0.0024851764053	1195.0	2037.0	3232.0	-0.26051980198	219.357673267	0.0	1132.0	2100.0	3232.0	-0.299504950495	289.920792079	0.0	1841.0	717.0	2558.0	0.43940578577	493.892103206	0.0	1778.0	780.0	2558.0	0.390148553557	389.36825645	0.0	none	0	1	0	0	0	0	0	0	0	0	0	0
10	38000049	497433	4961.0	0.00192488234596	0.00238122521023	0.00227065755589	993.0	1902.0	2895.0	-0.313989637306	285.416580311	0.0	854.0	2041.0	2895.0	-0.410017271157	486.690500864	0.0	1800.0	645.0	2445.0	0.472392638037	545.613496933	0.0	1661.0	784.0	2445.0	0.358691206544	314.572188139	0.0	none	0	1	0	0	0	0	0	0	0	0	0	0
10	38500074	497655	4846.0	0.00192301895892	0.00231686610202	0.00227064934543	947.0	1832.0	2779.0	-0.318459877654	281.836991724	0.0	968.0	1811.0	2779.0	-0.303346527528	255.721122706	0.0	1707.0	661.0	2368.0	0.441722972973	462.04222973	0.0	1728.0	640.0	2368.0	0.459459459459	499.891891892	0.0	none	0	1	0	0	0	0	0	0	0	0	0	0
10	39000026	497889	4511.0	0.00180160638215	0.00229267969367	0.00220179598264	833.0	1773.0	2606.0	-0.360706062932	339.063699156	0.0	870.0	1736.0	2606.0	-0.332310053722	287.780506523	0.0	1514.0	614.0	2128.0	0.422932330827	380.639097744	0.0	1551.0	577.0	2128.0	0.457706766917	445.806390977	0.0	none	0	1	0	0	0	0	0	0	0	0	0	0
10	39500087	497781	4206.0	0.00168447570317	0.00201293339842	0.00196622611148	805.0	1581.0	2386.0	-0.325230511316	252.378876781	0.0	753.0	1633.0	2386.0	-0.368818105616	324.559932942	0.0	1589.0	519.0	2108.0	0.507590132827	543.121442125	0.0	1537.0	571.0	2108.0	0.45825426945	442.673624288	0.0	none	0	1	0	0	0	0	0	0	0	0	0	0
10	40000158	497717	4357.0	0.0018042381514	0.0020965729521	0.00206693763725	830.0	1616.0	2446.0	-0.321340964841	252.573998365	0.0	783.0	1663.0	2446.0	-0.359771054783	316.598528209	0.0	1515.0	647.0	2162.0	0.401480111008	348.484736355	0.0	1468.0	694.0	2162.0	0.358001850139	277.093432007	0.0	none	0	1	0	0	0	0	0	0	0	0	0	0
10	40500038	497726	4585.0	0.00180420552674	0.00222411527628	0.00212767667351	964.0	1679.0	2643.0	-0.270525917518	193.426031025	0.0	928.0	1715.0	2643.0	-0.297767688233	234.343170639	0.0	1639.0	593.0	2232.0	0.468637992832	490.195340502	0.0	1603.0	629.0	2232.0	0.436379928315	425.034050179	0.0	none	0	1	0	0	0	0	0	0	0	0	0	0
10	41000012	497656	4804.0	0.00186474191007	0.0023670969505	0.00223748935007	1006.0	1803.0	2809.0	-0.283730865077	226.133499466	0.0	977.0	1832.0	2809.0	-0.304378782485	260.243859025	0.0	1673.0	619.0	2292.0	0.459860383944	484.692844677	0.0	1644.0	648.0	2292.0	0.434554973822	432.816753927	0.0	none	0	1	0	0	0	0	0	0	0	0	0	0
10	41500198	497757	4110.0	0.001687570441	0.00205622422186	0.00193216770432	789.0	1550.0	2339.0	-0.325352714835	247.59341599	0.0	711.0	1628.0	2339.0	-0.392047883711	359.507909363	0.0	1506.0	477.0	1983.0	0.518910741301	533.959152799	0.0	1428.0	555.0	1983.0	0.440242057489	384.331316188	0.0	none	0	1	0	0	0	0	0	0	0	0	0	0
10	42000026	497375	4534.0	0.00181452626288	0.00226589595376	0.00212767026891	876.0	1747.0	2623.0	-0.332062523828	289.226458254	0.0	837.0	1786.0	2623.0	-0.36179946626	343.347693481	0.0	1643.0	499.0	2142.0	0.534080298786	610.987861811	0.0	1604.0	538.0	2142.0	0.49766573296	530.511671335	0.0	none	0	1	0	0	0	0	0	0	0	0	0	0
10	42500072	498021	4303.0	0.00175996594521	0.00214950775168	0.00206216203734	764.0	1697.0	2461.0	-0.379114181227	353.713531085	0.0	712.0	1749.0	2461.0	-0.421373425437	436.964242178	0.0	1558.0	474.0	2032.0	0.533464566929	578.275590551	0.0	1506.0	526.0	2032.0	0.482283464567	472.637795276	0.0	none	0	1	0	0	0	0	0	0	0	0	0	0
10	43000154	498212	4141.0	0.00161979237754	0.00207642529686	0.00189427392355	858.0	1561.0	2419.0	-0.290615957007	204.303017776	0.0	734.0	1685.0	2419.0	-0.39313766019	373.873914841	0.0	1545.0	425.0	1970.0	0.568527918782	636.751269036	0.0	1421.0	549.0	1970.0	0.442639593909	385.981725888	0.0	none	0	1	0	0	0	0	0	0	0	0	0	0
10	43500008	497492	3878.0	0.00162414671995	0.00195179017954	0.00192163894093	719.0	1451.0	2170.0	-0.33732718894	246.923502304	0.0	700.0	1470.0	2170.0	-0.354838709677	273.225806452	0.0	1403.0	442.0	1845.0	0.520867208672	500.553387534	0.0	1384.0	461.0	1845.0	0.50027100271	461.750135501	0.0	none	0	1	0	0	0	0	0	0	0	0	0	0
10	44000043	497496	4081.0	0.00179096917362	0.00201408654542	0.00200403621336	626.0	1573.0	2199.0	-0.430650295589	407.825829923	0.0	622.0	1577.0	2199.0	-0.434288312869	414.74533879	0.0	1452.0	572.0	2024.0	0.434782608696	382.608695652	0.0	1448.0	576.0	2024.0	0.430830039526	375.683794466	0.0	none	0	1	0	0	0	0	0	0	0	0	0	0
10	44500059	497928	4193.0	0.00174422808117	0.00208865538793	0.00201886618146	760.0	1579.0	2339.0	-0.350149636597	286.772552373	0.0	730.0	1609.0	2339.0	-0.375801624626	330.329628046	0.0	1555.0	485.0	2040.0	0.524509803922	561.225490196	0.0	1525.0	515.0	2040.0	0.495098039216	500.049019608	0.0	none	0	1	0	0	0	0	0	0	0	0	0	0
10	45000042	497768	3923.0	0.00164534481927	0.0019245913759	0.00181811607014	777.0	1400.0	2177.0	-0.286173633441	178.286173633	0.0	663.0	1514.0	2177.0	-0.390904915021	332.660082683	0.0	1590.0	364.0	1954.0	0.627430910952	769.230296827	0.0	1476.0	478.0	1954.0	0.510747185261	509.72569089	0.0	none	0	1	0	0	0	0	0	0	0	0	0	0
10	45500059	497466	3998.0	0.00165337932643	0.00201722328762	0.00189259165451	763.0	1507.0	2270.0	-0.327753303965	243.84845815	0.0	647.0	1623.0	2270.0	-0.429955947137	419.637004405	0.0	1607.0	335.0	1942.0	0.654994850669	833.153450051	0.0	1491.0	451.0	1942.0	0.53553038105	556.951596292	0.0	none	0	1	0	0	0	0	0	0	0	0	0	0
10	46000116	497651	4262.0	0.00173515174289	0.00220335134462	0.00204360083673	753.0	1699.0	2452.0	-0.385807504078	364.973898858	0.0	737.0	1715.0	2452.0	-0.398858075041	390.08319739	0.0	1515.0	467.0	1982.0	0.528758829465	554.13925328	0.0	1499.0	483.0	1982.0	0.512613521695	520.815338042	0.0	none	0	1	0	0	0	0	0	0	0	0	0	0
10	46500059	497536	3795.0	0.00147728003602	0.00202497909699	0.00186468918832	783.0	1479.0	2262.0	-0.307692307692	214.153846154	0.0	754.0	1508.0	2262.0	-0.333333333333	251.333333333	0.0	1335.0	359.0	1694.0	0.576151121606	562.323494687	0.0	1306.0	388.0	1694.0	0.541912632822	497.47579693	0.0	none	0	1	0	0	0	0	0	0	0	0	0	0
10	47000017	497033	3631.0	0.00152706158344	0.00186506730941	0.00176044648947	653.0	1383.0	2036.0	-0.358546168959	261.73870334	0.0	658.0	1378.0	2036.0	-0.353634577603	254.616895874	0.0	1299.0	391.0	1690.0	0.537278106509	487.84852071	0.0	1304.0	386.0	1690.0	0.543195266272	498.653254438	0.0	none	0	1	0	0	0	0	0	0	0	0	0	0
10	47500027	497888	4304.0	0.00172528761489	0.00216715405874	0.0020576916897	853.0	1655.0	2508.0	-0.319776714514	256.46092504	0.0	830.0	1678.0	2508.0	-0.338118022329	286.724082935	0.0	1558.0	469.0	2027.0	0.537247163296	585.062160829	0.0	1535.0	492.0	2027.0	0.51455352738	536.679329058	0.0	none	0	1	0	0	0	0	0	0	0	0	0	0
10	48000314	498188	3785.0	0.00155162308205	0.00202032164564	0.00187429243579	638.0	1511.0	2149.0	-0.406235458353	354.643555142	0.0	626.0	1523.0	2149.0	-0.417403443462	374.410888785	0.0	1327.0	391.0	1718.0	0.544819557625	509.951105937	0.0	1315.0	403.0	1718.0	0.530849825378	484.135040745	0.0	none	0	1	0	0	0	0	0	0	0	0	0	0
10	48500028	497520	4759.0	0.00193359060942	0.00236372407139	0.00224513587393	828.0	1879.0	2707.0	-0.388252678242	408.053564832	0.0	838.0	1869.0	2707.0	-0.380864425563	392.671222756	0.0	1726.0	580.0	2306.0	0.49696444059	569.521248916	0.0	1736.0	570.0	2306.0	0.505637467476	589.573287077	0.0	none	0	1	0	0	0	0	0	0	0	0	0	0
10	49000112	497705	4687.0	0.00189369204649	0.00230256879075	0.00220763303563	873.0	1813.0	2686.0	-0.349962769918	328.965003723	0.0	853.0	1833.0	2686.0	-0.364854802681	357.557706627	0.0	1731.0	546.0	2277.0	0.520421607378	616.699604743	0.0	1711.0	566.0	2277.0	0.502854633289	575.768555116	0.0	none	0	1	0	0	0	0	0	0	0	0	0	0
10	49500098	497090	4428.0	0.00178941439176	0.0021585628357	0.00209770866443	892.0	1628.0	2520.0	-0.292063492063	214.958730159	0.0	799.0	1721.0	2520.0	-0.365873015873	337.334920635	0.0	1745.0	432.0	2177.0	0.603123564538	791.901240239	0.0	1652.0	525.0	2177.0	0.51768488746	583.430868167	0.0	none	0	1	0	0	0	0	0	0	0	0	0	0
10	50000010	497220	3970.0	0.00159788423635	0.00210168537066	0.00194933832107	734.0	1583.0	2317.0	-0.36642209754	311.092360811	0.0	691.0	1626.0	2317.0	-0.403539059128	377.309020285	0.0	1377.0	429.0	1806.0	0.524916943522	497.621262458	0.0	1334.0	472.0	1806.0	0.477297895903	411.430786268	0.0	none	0	1	0	0	0	0	0	0	0	0	0	0
10	50500017	497681	4061.0	0.00167878621044	0.00205452890506	0.00195808158238	759.0	1554.0	2313.0	-0.343709468223	273.249027237	0.0	748.0	1565.0	2313.0	-0.353220925205	288.581495893	0.0	1456.0	473.0	1929.0	0.509590461379	500.927423536	0.0	1445.0	484.0	1929.0	0.498185588388	478.756350441	0.0	none	0	1	0	0	0	0	0	0	0	0	0	0
10	51000002	497623	4752.0	0.00190706619268	0.00222457563256	0.00217132246701	950.0	1771.0	2721.0	-0.301727306137	247.718118339	0.0	941.0	1780.0	2721.0	-0.308342521132	258.69937523	0.0	1694.0	694.0	2388.0	0.418760469012	418.760469012	0.0	1685.0	703.0	2388.0	0.41122278057	403.820770519	0.0	none	0	1	0	0	0	0	0	0	0	0	0	0
10	51500052	497438	4699.0	0.00186555912496	0.00227968108588	0.0022565626269	993.0	1707.0	2700.0	-0.264444444444	188.813333333	0.0	917.0	1783.0	2700.0	-0.320740740741	277.761481481	0.0	1593.0	696.0	2289.0	0.391874180865	351.511140236	0.0	1517.0	772.0	2289.0	0.325469637396	242.47487986	0.0	none	0	1	0	0	0	0	0	0	0	0	0	0
10	52000211	497809	4860.0	0.00184709396576	0.00233422858968	0.00227145350928	1020.0	1796.0	2816.0	-0.275568181818	213.840909091	0.0	964.0	1852.0	2816.0	-0.315340909091	280.022727273	0.0	1622.0	736.0	2358.0	0.375742154368	332.90754877	0.0	1566.0	792.0	2358.0	0.328244274809	254.061068702	0.0	none	0	1	0	0	0	0	0	0	0	0	0	0
10	52500291	497314	4670.0	0.00186401348042	0.00213145015021	0.00220685522628	994.0	1650.0	2644.0	-0.24810892587	162.759455371	0.0	992.0	1652.0	2644.0	-0.249621785174	164.750378215	0.0	1626.0	716.0	2342.0	0.388556789069	353.586678053	0.0	1624.0	718.0	2342.0	0.386848847139	350.485055508	0.0	none	0	1	0	0	0	0	0	0	0	0	0	0
10	53000030	496822	4301.0	0.00171188071382	0.00205606837056	0.00201581250428	924.0	1537.0	2461.0	-0.249085737505	152.689557091	0.0	855.0	1606.0	2461.0	-0.30516050386	229.175538399	0.0	1510.0	621.0	2131.0	0.417175035195	370.868606288	0.0	1441.0	690.0	2131.0	0.352416705772	264.664946035	0.0	none	0	1	0	0	0	0	0	0	0	0	0	0
10	53500254	497285	4392.0	0.00176759805745	0.00204510491971	0.00203002302503	904.0	1578.0	2482.0	-0.271555197421	183.028203062	0.0	860.0	1622.0	2482.0	-0.307010475423	233.941982272	0.0	1603.0	629.0	2232.0	0.436379928315	425.034050179	0.0	1559.0	673.0	2232.0	0.396953405018	351.700716846	0.0	none	0	1	0	0	0	0	0	0	0	0	0	0
10	54000007	496743	4456.0	0.00172523820165	0.00209665762779	0.00205790519444	968.0	1623.0	2591.0	-0.252798147433	165.582786569	0.0	966.0	1625.0	2591.0	-0.254341952914	167.61134697	0.0	1448.0	727.0	2175.0	0.331494252874	239.007356322	0.0	1446.0	729.0	2175.0	0.329655172414	236.362758621	0.0	none	0	1	0	0	0	0	0	0	0	0	0	0
10	54500417	497795	4646.0	0.00178487128236	0.00217358551211	0.00210779537762	1022.0	1705.0	2727.0	-0.250458379171	171.063072974	0.0	878.0	1849.0	2727.0	-0.356068940227	345.742940961	0.0	1634.0	695.0	2329.0	0.403177329326	378.583512237	0.0	1490.0	839.0	2329.0	0.279519106913	181.9669386	0.0	none	0	1	0	0	0	0	0	0	0	0	0	0
10	55000007	497321	3900.0	0.0016327482652	0.00195045051385	0.00188107882032	727.0	1453.0	2180.0	-0.333027522936	241.777981651	0.0	719.0	1461.0	2180.0	-0.340366972477	252.552293578	0.0	1413.0	473.0	1886.0	0.498409331919	468.504772004	0.0	1405.0	481.0	1886.0	0.489925768823	452.691410392	0.0	none	0	1	0	0	0	0	0	0	0	0	0	0
10	55500067	497647	4270.0	0.0017050238422	0.00217121775073	0.00201448014356	918.0	1578.0	2496.0	-0.264423076923	174.519230769	0.0	839.0	1657.0	2496.0	-0.327724358974	268.078525641	0.0	1543.0	448.0	1991.0	0.549974886991	602.222501256	0.0	1464.0	527.0	1991.0	0.47061778001	440.968859869	0.0	none	0	1	0	0	0	0	0	0	0	0	0	0
10	56000135	497714	4252.0	0.00166862897166	0.00218800355224	0.00199863777189	858.0	1655.0	2513.0	-0.317150815758	252.769200159	0.0	847.0	1666.0	2513.0	-0.325905292479	266.91643454	0.0	1443.0	531.0	1974.0	0.462006079027	421.349544073	0.0	1432.0	542.0	1974.0	0.450861195542	401.266464032	0.0	none	0	1	0	0	0	0	0	0	0	0	0	0
10	56500078	497649	4085.0	0.0015774170148	0.00214810036793	0.00198131614853	781.0	1625.0	2406.0	-0.350789692436	296.066500416	0.0	782.0	1624.0	2406.0	-0.34995843724	294.665004156	0.0	1379.0	449.0	1828.0	0.50875273523	473.140043764	0.0	1380.0	448.0	1828.0	0.509846827133	475.177242888	0.0	none	0	1	0	0	0	0	0	0	0	0	0	0
10	57000006	497848	4588.0	0.00176258617088	0.0023049203773	0.00215326766403	958.0	1741.0	2699.0	-0.290107447203	227.15413116	0.0	903.0	1796.0	2699.0	-0.330863282697	295.460911449	0.0	1545.0	621.0	2166.0	0.426592797784	394.171745152	0.0	1490.0	676.0	2166.0	0.375807940905	305.907663897	0.0	none	0	1	0	0	0	0	0	0	0	0	0	0
10	57500000	497780	4538.0	0.00191249146209	0.00215557073406	0.0021857045281	853.0	1677.0	2530.0	-0.325691699605	268.369960474	0.0	899.0	1631.0	2530.0	-0.289328063241	211.788142292	0.0	1517.0	773.0	2290.0	0.324890829694	241.718777293	0.0	1563.0	727.0	2290.0	0.365065502183	305.194759825	0.0	none	0	1	0	0	0	0	0	0	0	0	0	0
10	58000048	497574	4346.0	0.00172637637819	0.00216952654279	0.00206049753404	925.0	1585.0	2510.0	-0.262948207171	173.545816733	0.0	856.0	1654.0	2510.0	-0.317928286853	253.706772908	0.0	1531.0	552.0	2083.0	0.469995199232	460.125300048	0.0	1462.0	621.0	2083.0	0.403744599136	339.549207873	0.0	none	0	1	0	0	0	0	0	0	0	0	0	0
10	58500178	498047	3982.0	0.00164141135274	0.00201085439728	0.00193154461326	689.0	1576.0	2265.0	-0.391611479029	347.359381898	0.0	702.0	1563.0	2265.0	-0.380132450331	327.294039735	0.0	1402.0	468.0	1870.0	0.499465240642	466.500534759	0.0	1415.0	455.0	1870.0	0.513368983957	492.834224599	0.0	none	0	1	0	0	0	0	0	0	0	0	0	0
10	59000087	497836	3972.0	0.00155071147928	0.00207498051567	0.00190825894471	725.0	1626.0	2351.0	-0.383241173969	345.300297746	0.0	783.0	1568.0	2351.0	-0.333900467886	262.111867291	0.0	1273.0	512.0	1785.0	0.426330532213	324.437535014	0.0	1331.0	454.0	1785.0	0.491316526611	430.884593838	0.0	none	0	1	0	0	0	0	0	0	0	0	0	0
10	59500052	498206	4369.0	0.0017673412203	0.00219286801042	0.00207343950093	895.0	1619.0	2514.0	-0.287987271281	208.502784407	0.0	886.0	1628.0	2514.0	-0.295147175815	218.999204455	0.0	1564.0	520.0	2084.0	0.500959692898	523.001919386	0.0	1555.0	529.0	2084.0	0.492322456814	505.122840691	0.0	none	0	1	0	0	0	0	0	0	0	0	0	0
10	60000024	497846	4593.0	0.0018901427349	0.00219545803321	0.00212917247502	955.0	1633.0	2588.0	-0.261978361669	177.621329212	0.0	807.0	1781.0	2588.0	-0.376352395672	366.567233385	0.0	1684.0	613.0	2297.0	0.466260339573	499.364823683	0.0	1536.0	761.0	2297.0	0.337396604266	261.482368306	0.0	none	0	1	0	0	0	0	0	0	0	0	0	0
10	60500005	498298	4314.0	0.00173590903435	0.00225868857591	0.00210065061469	718.0	1756.0	2474.0	-0.419563459984	435.506871463	0.0	695.0	1779.0	2474.0	-0.438156831043	474.96200485	0.0	1527.0	462.0	1989.0	0.53544494721	570.248868778	0.0	1504.0	485.0	1989.0	0.512317747612	522.051784816	0.0	none	0	1	0	0	0	0	0	0	0	0	0	0
10	61000122	497822	4284.0	0.00178075697739	0.00214032324807	0.0020800607446	785.0	1643.0	2428.0	-0.353377265239	303.197693575	0.0	755.0	1673.0	2428.0	-0.378088962109	347.085667216	0.0	1517.0	517.0	2034.0	0.491642084562	491.642084562	0.0	1487.0	547.0	2034.0	0.462143559489	434.414945919	0.0	none	0	1	0	0	0	0	0	0	0	0	0	0
10	61500010	497171	3389.0	0.00135365900264	0.00182633339435	0.00166743434352	640.0	1363.0	2003.0	-0.360958562157	260.973040439	0.0	611.0	1392.0	2003.0	-0.389915127309	304.523714428	0.0	1177.0	290.0	1467.0	0.604635310157	536.311520109	0.0	1148.0	319.0	1467.0	0.565098841172	468.466939332	0.0	none	0	1	0	0	0	0	0	0	0	0	0	0
10	62000084	496702	3914.0	0.00160659711457	0.00193878824728	0.00191462889217	701.0	1504.0	2205.0	-0.364172335601	292.430385488	0.0	726.0	1479.0	2205.0	-0.341496598639	257.146938776	0.0	1419.0	473.0	1892.0	0.5	473.0	0.0	1444.0	448.0	1892.0	0.526427061311	524.321353066	0.0	none	0	1	0	0	0	0	0	0	0	0	0	0
10	62500027	497130	4378.0	0.00174401062096	0.00221169513005	0.00207541286987	798.0	1712.0	2510.0	-0.364143426295	332.827091633	0.0	820.0	1690.0	2510.0	-0.346613545817	301.553784861	0.0	1552.0	516.0	2068.0	0.500967117988	519.001934236	0.0	1574.0	494.0	2068.0	0.522243713733	564.023210832	0.0	none	0	1	0	0	0	0	0	0	0	0	0	0
10	63000036	497819	3373.0	0.00134687506905	0.00180989476095	0.00168083178826	674.0	1285.0	1959.0	-0.311893823379	190.567126085	0.0	642.0	1317.0	1959.0	-0.344563552833	232.580398162	0.0	1234.0	286.0	1520.0	0.623684210526	591.252631579	0.0	1202.0	318.0	1520.0	0.581578947368	514.115789474	0.0	none	0	1	0	0	0	0	0	0	0	0	0	0
10	63500108	497604	3984.0	0.00158258374129	0.00206288534658	0.00189206678403	863.0	1488.0	2351.0	-0.265844321565	166.152700978	0.0	858.0	1493.0	2351.0	-0.27009783071	171.512122501	0.0	1389.0	421.0	1810.0	0.534806629834	517.69281768	0.0	1384.0	426.0	1810.0	0.529281767956	507.051933702	0.0	none	0	1	0	0	0	0	0	0	0	0	0	0
10	64000581	498324	4249.0	0.00176692272497	0.00210304942166	0.00203331567414	799.0	1597.0	2396.0	-0.33305509182	265.777963272	0.0	771.0	1625.0	2396.0	-0.356427378965	304.388981636	0.0	1546.0	525.0	2071.0	0.492998551424	503.351521004	0.0	1518.0	553.0	2071.0	0.465958474167	449.649927571	0.0	none	0	1	0	0	0	0	0	0	0	0	0	0
10	64500010	496937	4015.0	0.00161288050598	0.00202943230228	0.00191372346998	754.0	1567.0	2321.0	-0.350280051702	284.777682034	0.0	783.0	1538.0	2321.0	-0.325290822921	245.594571305	0.0	1396.0	497.0	1893.0	0.474907554147	426.941891178	0.0	1425.0	468.0	1893.0	0.505546751189	483.808240887	0.0	none	0	1	0	0	0	0	0	0	0	0	0	0
10	65000102	497218	4591.0	0.00182917754385	0.00222940440612	0.00213387286864	933.0	1720.0	2653.0	-0.296645307199	233.459856766	0.0	916.0	1737.0	2653.0	-0.309460987561	254.067470788	0.0	1562.0	603.0	2165.0	0.442956120092	424.794919169	0.0	1545.0	620.0	2165.0	0.427251732102	395.207852194	0.0	none	0	1	0	0	0	0	0	0	0	0	0	0
10	65500009	497993	4898.0	0.00199400393178	0.0023223217997	0.00229471096983	1022.0	1771.0	2793.0	-0.268170426065	200.859649123	0.0	969.0	1824.0	2793.0	-0.30612244898	261.734693878	0.0	1757.0	605.0	2362.0	0.487722269263	561.856054191	0.0	1704.0	658.0	2362.0	0.442845046571	463.215918713	0.0	none	0	1	0	0	0	0	0	0	0	0	0	0
10	66000009	497317	4618.0	0.00180971090874	0.00226817100562	0.00216461532584	920.0	1733.0	2653.0	-0.306445533358	249.14021862	0.0	901.0	1752.0	2653.0	-0.320768940822	272.974368639	0.0	1624.0	622.0	2246.0	0.446126447017	447.018699911	0.0	1605.0	641.0	2246.0	0.429207479964	413.756010686	0.0	none	0	1	0	0	0	0	0	0	0	0	0	0
10	66500017	497657	4915.0	0.00194109597574	0.00236307336177	0.00229877204581	1074.0	1782.0	2856.0	-0.247899159664	175.512605042	0.0	1017.0	1839.0	2856.0	-0.28781512605	236.584033613	0.0	1742.0	652.0	2394.0	0.455304928989	496.282372598	0.0	1685.0	709.0	2394.0	0.40768588137	397.901420217	0.0	none	0	1	0	0	0	0	0	0	0	0	0	0
10	67000110	497898	4964.0	0.00196927884828	0.00232176068191	0.00229113191859	1012.0	1819.0	2831.0	-0.285058283292	230.042034617	0.0	990.0	1841.0	2831.0	-0.300600494525	255.811020841	0.0	1769.0	706.0	2475.0	0.429494949495	456.553131313	0.0	1747.0	728.0	2475.0	0.411717171717	419.53979798	0.0	none	0	1	0	0	0	0	0	0	0	0	0	0
10	67500024	496834	4889.0	0.00192720304971	0.0023217010108	0.00230358630851	1016.0	1814.0	2830.0	-0.281978798587	225.019081272	0.0	1001.0	1829.0	2830.0	-0.2925795053	242.255830389	0.0	1654.0	730.0	2384.0	0.387583892617	358.127516779	0.0	1639.0	745.0	2384.0	0.375	335.25	0.0	none	0	1	0	0	0	0	0	0	0	0	0	0
10	68000090	496258	5521.0	0.0020493372399	0.00257023564356	0.00250222666436	1307.0	1985.0	3292.0	-0.205953827461	139.636695018	0.0	1146.0	2146.0	3292.0	-0.303766707169	303.766707169	0.0	2029.0	695.0	2724.0	0.489720998532	653.287812041	0.0	1868.0	856.0	2724.0	0.371512481645	375.970631424	0.0	none	0	1	0	0	0	0	0	0	0	0	0	0
10	68500210	496636	4276.0	0.00169238637553	0.00207496033312	0.00201354714519	939.0	1548.0	2487.0	-0.244873341375	149.127864897	0.0	888.0	1599.0	2487.0	-0.285886610374	203.265379976	0.0	1499.0	573.0	2072.0	0.446911196911	413.83976834	0.0	1448.0	624.0	2072.0	0.397683397683	327.691119691	0.0	none	0	1	0	0	0	0	0	0	0	0	0	0
10	69000025	495372	4076.0	0.00162201335562	0.00197629256397	0.00192431142656	842.0	1515.0	2357.0	-0.285532456513	192.163343233	0.0	872.0	1485.0	2357.0	-0.260076368265	159.426813746	0.0	1358.0	643.0	2001.0	0.35732133933	255.484757621	0.0	1388.0	613.0	2001.0	0.387306346827	300.162418791	0.0	none	0	1	0	0	0	0	0	0	0	0	0	0
10	69331342	328370	2900.0	0.00169777994336	0.00203733593203	0.00199089441788	622.0	1071.0	1693.0	-0.265209686946	119.079149439	0.0	563.0	1130.0	1693.0	-0.334908446545	189.893089191	0.0	1036.0	424.0	1460.0	0.419178082192	256.536986301	0.0	977.0	483.0	1460.0	0.338356164384	167.147945205	0.0	none	0	1	0	0	0	0	0	0	0	0	0	0
