#chrom	pos	AAAAA	AAABA	AABAA	AABBA	ABAAA	ABABA	ABBAA	ABBBA	BAAAA	BAABA	BABAA	BABBA	BBAAA	BBABA	BBBAA	BBBBA
25	500034	490859	71	56	2	59	4	2	5	39	3	10	1	2	0	5	69
25	1000121	493120	18	22	1	6	1	7	0	15	0	1	0	0	0	4	13
25	1500046	493952	27	20	3	9	1	0	0	13	1	1	1	0	1	2	15
25	2000116	493835	17	4	0	2	0	0	0	0	0	0	0	1	0	1	9
25	2500052	493649	11	3	1	8	1	0	0	0	0	0	0	0	0	0	11
25	3000103	493587	33	17	2	18	0	2	3	6	1	1	0	1	2	0	13
25	3500134	493637	70	49	1	46	1	2	1	31	0	1	0	4	1	3	33
25	4000072	493506	47	27	1	28	2	0	2	30	1	2	2	0	3	2	40
25	4500317	493982	8	9	2	7	0	0	1	7	1	0	1	1	1	0	7
25	5000048	493571	10	9	1	6	0	0	0	5	0	0	1	1	0	0	3
25	5500105	494580	1	1	0	4	0	0	0	1	0	0	1	0	0	0	3
25	6000155	493497	25	10	1	11	0	1	0	2	0	0	1	0	0	2	12
25	6500009	492678	28	21	0	21	0	1	2	16	0	1	3	1	1	1	22
25	7000071	493531	19	12	1	11	0	1	0	13	0	0	0	0	1	1	8
25	7500060	493529	16	4	1	3	0	2	1	5	0	1	0	0	0	1	9
25	8000044	493317	44	19	2	25	0	1	2	20	2	2	1	1	2	5	42
25	8500066	493121	37	25	4	24	1	0	1	16	1	0	0	2	1	0	20
25	9000105	493328	22	8	1	9	0	0	1	5	2	3	3	1	0	0	6
25	9500049	493295	7	1	1	0	0	0	0	0	0	0	0	0	0	0	10
25	10000056	492823	13	15	0	19	0	0	0	14	0	0	0	1	1	1	8
25	10500383	493572	23	2	0	4	0	0	1	5	0	1	0	2	0	2	4
25	11000066	492163	68	17	2	26	4	0	1	12	0	0	5	1	1	2	29
25	11500028	492936	6	2	0	4	0	0	0	1	0	2	0	1	0	0	13
25	12000430	493713	15	2	0	0	1	0	0	1	0	0	0	0	0	0	0
25	12500142	492512	12	3	0	3	0	0	0	2	0	0	0	0	0	0	4
25	13000218	492687	16	3	0	11	1	0	1	4	0	0	0	1	0	0	7
25	13500089	492924	24	26	0	16	0	1	1	13	1	2	0	0	0	2	12
25	14000123	494294	15	4	0	1	0	0	1	3	0	0	1	1	0	0	4
25	14500245	493014	33	3	0	3	0	3	0	5	0	0	0	1	0	0	2
25	15000231	492904	42	11	0	7	1	1	0	5	0	0	1	4	0	2	7
25	15500125	492627	16	16	1	15	2	1	2	14	0	1	0	0	0	0	15
25	16000004	492922	25	8	0	3	0	0	0	5	0	0	1	2	2	1	5
25	16500086	493571	9	4	0	9	0	0	0	3	0	0	0	2	0	1	4
25	17000032	493455	31	11	0	10	1	0	0	1	0	0	1	1	2	0	8
25	17500075	493564	20	1	0	1	0	0	0	0	0	0	1	0	0	0	3
25	18000016	492898	40	26	0	21	0	0	0	17	1	1	2	0	0	1	27
25	18500089	493938	8	3	1	4	0	0	0	2	0	0	0	1	0	0	1
25	19000049	493285	63	35	1	29	1	0	0	6	0	1	0	1	0	0	16
25	19500228	493587	18	3	0	5	0	0	0	0	0	0	0	0	0	0	0
25	20000023	493225	52	38	0	27	0	0	2	22	1	0	0	0	4	3	27
25	20500032	494305	22	5	0	9	0	0	0	1	0	0	0	2	0	0	8
25	21000138	493292	25	20	1	15	0	0	0	9	1	2	1	0	2	1	19
25	21500013	492826	50	24	0	22	0	1	1	21	2	3	0	0	0	2	24
25	22000047	492519	27	24	1	17	3	0	0	10	3	3	0	0	2	7	19
25	22500087	493241	9	9	0	5	0	0	0	5	0	1	0	1	1	0	12
25	23000117	493515	7	9	1	7	0	1	0	3	2	0	1	0	0	0	5
25	23500244	493517	24	12	1	17	0	1	0	4	1	0	1	0	1	1	7
25	24000091	492948	12	6	1	3	0	1	0	5	0	0	0	1	1	0	10
25	24500070	493094	10	3	1	0	0	1	0	1	0	0	0	0	0	0	5
25	25000002	493323	15	7	1	5	0	1	0	2	3	2	1	0	1	1	12
25	25500280	492609	56	28	1	15	0	2	0	16	4	2	5	0	0	2	23
25	26000046	492074	27	16	1	20	1	1	0	22	1	2	0	1	0	3	19
25	26500011	492097	22	5	0	8	0	1	0	0	0	0	0	0	0	1	6
25	27000078	492653	11	5	0	3	0	0	0	0	0	1	0	0	0	2	4
25	27500487	493773	14	7	0	8	1	0	0	7	0	0	0	0	2	0	11
25	28000139	492644	13	9	0	7	1	1	0	9	0	0	0	0	0	0	10
25	28500059	493254	18	3	0	1	1	0	0	2	0	0	0	0	0	0	2
25	29000321	493877	26	6	0	10	1	0	1	14	0	0	0	0	0	0	8
25	29500086	492819	32	22	1	22	1	1	2	13	2	0	2	2	2	1	16
25	30000021	492878	1	3	0	2	0	0	0	0	0	0	0	0	1	0	3
25	30500002	492401	12	1	1	1	1	0	1	1	0	0	0	0	0	0	4
25	31000007	492613	6	8	0	3	0	0	2	4	0	0	0	0	0	0	2
25	31500096	492748	28	8	0	7	1	1	0	3	0	0	2	0	1	0	14
25	32000045	493353	2	0	0	4	0	0	0	2	0	0	0	0	0	0	5
25	32500120	492973	10	9	1	4	0	0	0	2	0	0	1	2	0	0	4
25	33000059	492257	24	8	0	12	1	2	0	4	0	0	0	0	0	1	13
25	33500058	492800	14	18	0	22	2	1	2	13	2	0	0	2	1	1	10
25	34000059	492528	38	9	0	9	1	0	0	3	0	0	0	0	1	0	5
25	34500000	492318	12	7	1	5	0	1	0	6	0	0	0	0	0	1	1
25	35000059	493558	22	3	1	7	0	0	0	1	0	0	0	0	2	1	3
25	35500130	492996	4	1	0	9	0	1	0	2	0	1	0	0	0	0	2
25	36000093	491927	54	29	2	34	0	5	0	26	0	2	1	2	0	1	26
25	36500079	491933	2	5	0	9	0	1	0	1	0	0	0	0	0	1	4
25	37000074	492661	19	11	2	19	1	0	3	7	0	2	0	0	0	2	7
25	37500144	491344	18	23	0	27	2	0	1	18	2	1	2	2	0	2	25
25	38000070	492438	26	20	2	12	0	0	2	17	0	0	0	0	0	2	8
25	38500050	492748	32	5	1	9	0	1	0	8	0	1	0	0	1	0	14
25	39000277	493087	26	5	2	2	0	0	1	5	0	0	0	2	0	0	5
25	39500055	492718	16	3	0	5	0	0	0	4	1	1	0	0	4	2	7
25	40000091	492343	9	2	0	2	1	0	0	2	0	0	0	0	1	0	1
25	40500066	492675	23	13	1	9	1	0	0	26	1	0	1	2	1	1	12
25	41000029	492723	9	8	1	6	0	0	0	1	0	1	0	0	1	0	12
25	41500043	492632	12	0	1	7	1	0	0	5	0	0	0	0	0	1	9
25	42000029	491718	13	0	0	3	0	0	0	2	0	1	0	0	0	0	0
25	42500124	492846	9	4	0	3	0	1	0	5	0	0	0	0	0	0	0
25	43000161	492050	10	5	0	4	0	0	1	0	0	1	1	0	1	2	8
25	43500003	491678	30	1	6	5	0	0	1	0	0	0	0	0	0	1	2
25	44000000	492912	20	7	0	9	1	0	1	1	1	1	0	0	0	1	6
25	44500021	493053	11	1	0	2	0	0	0	1	0	0	0	0	1	1	4
25	45000110	491957	0	1	0	2	0	0	0	1	0	0	0	2	0	0	1
25	45500026	491458	17	3	0	6	0	0	0	4	0	0	1	0	0	0	3
25	46000155	490656	1	3	1	1	0	0	1	0	0	0	0	0	0	0	2
25	46500070	490830	21	1	0	5	0	1	0	13	1	0	1	0	0	0	4
25	47000116	491421	14	0	0	3	0	0	0	1	1	0	0	0	0	1	0
25	47500270	491425	10	4	0	5	0	0	0	2	0	0	0	1	0	0	8
25	48000008	490928	11	4	0	6	1	0	0	2	0	0	0	0	0	1	4
25	48500028	491151	9	2	0	0	0	0	0	0	0	0	0	0	0	0	1
25	49000015	491742	1	2	0	2	0	0	0	1	0	0	1	0	0	0	7
25	49500018	490682	8	0	0	3	2	0	0	0	0	0	0	0	0	0	0
25	50000067	489797	9	9	0	6	0	0	1	5	0	0	0	0	0	0	8
25	50500044	489967	24	30	0	25	0	5	0	9	1	0	1	0	0	1	11
25	51000885	496229	0	4	0	0	0	0	0	1	0	0	0	0	0	0	0
25	51500039	492111	3	2	0	1	0	0	0	0	0	0	0	0	0	0	0
25	51628762	126824	1	0	0	0	0	0	0	5	0	0	0	0	0	0	1
