#chrom	pos	AAAAA	AAABA	AABAA	AABBA	ABAAA	ABABA	ABBAA	ABBBA	BAAAA	BAABA	BABAA	BABBA	BBAAA	BBABA	BBBAA	BBBBA
32	500058	491776	50	32	2	43	2	2	5	28	1	3	2	3	1	4	35
32	1000171	491861	46	27	2	19	1	0	0	18	4	1	4	0	1	1	26
32	1500083	491853	22	16	3	5	0	0	1	4	1	0	0	0	0	0	8
32	2000161	492167	37	16	1	17	4	1	2	19	1	3	0	2	0	4	8
32	2500041	491602	68	33	1	40	3	4	2	28	2	3	7	5	4	3	28
32	3000101	491807	34	22	0	22	0	0	1	13	0	1	0	1	2	1	25
32	3500039	492466	27	14	0	17	1	1	1	9	0	2	0	0	0	1	12
32	4000259	492821	47	20	1	19	0	3	0	17	2	0	1	4	0	1	14
32	4500043	492019	32	39	2	22	1	3	5	21	2	4	0	1	0	4	18
32	5000200	492834	34	28	3	27	1	4	0	13	0	2	0	1	0	4	14
32	5500001	492115	34	26	2	22	3	3	0	6	1	3	0	0	2	1	22
32	6001024	493148	41	29	1	43	0	2	1	24	0	2	1	1	3	0	24
32	6500102	491642	21	14	0	8	1	3	0	12	0	2	0	2	4	2	13
32	7000000	492685	13	2	0	12	1	1	1	3	0	0	0	0	0	0	13
32	7500057	492199	5	5	2	8	3	0	0	2	0	0	0	1	0	0	5
32	8000118	492591	63	35	0	29	2	2	2	20	3	3	0	2	0	3	38
32	8500037	492597	24	14	0	10	0	3	0	5	0	3	0	3	0	0	15
32	9000061	493100	33	6	1	15	1	0	0	3	2	1	0	0	1	0	5
32	9500096	492424	14	15	0	6	0	1	0	1	2	0	1	2	1	0	5
32	10000050	492694	33	22	4	12	4	1	1	10	0	1	2	2	1	0	15
32	10500035	492493	21	6	0	6	1	0	0	7	0	0	0	2	2	0	6
32	11000215	492579	26	5	1	8	0	0	0	2	0	0	0	0	0	1	15
32	11500097	492162	36	17	2	16	1	0	0	4	3	2	0	0	3	1	12
32	12000056	492094	24	6	0	3	0	0	0	2	0	0	1	1	0	1	13
32	12500002	493230	20	13	1	9	0	2	0	5	1	2	0	0	0	0	8
32	13000031	492793	16	21	0	10	0	0	5	6	0	1	0	0	0	0	12
32	13500032	492784	25	10	0	8	1	1	1	3	0	1	2	0	0	1	7
32	14000070	492576	20	9	2	11	0	3	0	2	0	1	1	0	0	0	10
32	14500015	492457	46	26	1	36	0	2	1	16	1	0	2	3	3	3	34
32	15000067	492746	18	19	1	17	1	0	1	4	0	2	0	2	0	2	7
32	15500060	492542	32	29	2	29	2	2	0	10	2	3	3	0	0	1	19
32	16000037	492256	36	8	0	15	0	0	2	7	3	0	1	1	1	3	8
32	16500028	492348	15	16	1	9	2	1	1	19	0	1	2	1	3	1	19
32	17000029	492618	19	9	1	11	0	0	1	9	1	0	0	1	1	2	18
32	17500108	493523	29	12	0	11	1	3	0	5	0	1	1	0	0	1	4
32	18000079	492612	11	11	0	5	0	2	0	1	0	0	0	1	0	2	7
32	18500187	493276	24	5	0	8	0	0	0	4	0	0	0	0	0	0	3
32	19000007	491987	10	25	0	7	2	0	0	10	0	1	1	1	3	0	9
32	19500011	492175	28	20	2	29	1	1	0	11	0	1	4	3	2	0	18
32	20000075	492908	24	11	1	8	0	1	0	8	1	0	1	1	2	0	9
32	20500034	492704	40	19	2	24	3	2	0	13	0	2	0	0	0	1	20
32	21000000	492884	14	4	0	2	0	0	0	2	0	0	0	0	0	0	3
32	21500005	492684	18	5	0	5	0	1	1	4	1	0	0	0	0	1	8
32	22000108	493225	6	2	0	4	0	0	0	1	0	0	0	0	0	1	4
32	22500139	492668	31	16	2	11	1	1	4	14	0	1	1	0	2	1	11
32	23000016	493173	24	9	0	6	0	0	0	5	1	0	0	1	0	1	3
32	23500058	492623	17	22	0	16	0	0	1	13	4	3	2	1	1	4	12
32	24000059	492652	14	18	0	9	0	1	0	11	2	0	0	0	0	0	11
32	24500074	492941	39	22	2	24	0	1	1	10	0	1	0	2	2	0	23
32	25000018	491750	52	25	0	33	1	4	2	29	2	0	1	3	2	0	18
32	25500143	492523	17	15	1	19	1	1	0	20	2	1	1	3	3	2	18
32	26000067	493074	14	5	0	6	0	0	0	1	1	0	1	0	0	1	2
32	26500039	492926	11	9	0	9	2	0	0	12	1	2	1	0	2	4	8
32	27000018	492490	33	21	3	19	0	1	0	5	0	0	0	2	1	2	16
32	27500110	492449	27	28	2	18	2	0	3	6	1	0	0	2	0	2	25
32	28000065	493039	32	9	1	5	0	1	0	0	0	1	0	1	1	1	20
32	28500049	492042	23	13	0	15	0	2	1	8	1	1	2	0	1	0	19
32	29000044	493782	14	12	1	4	1	0	0	4	0	0	0	0	0	0	1
32	29500096	493654	22	4	0	0	0	0	0	0	1	0	0	0	0	0	2
32	30000114	493307	21	6	1	13	0	0	0	7	0	2	1	1	0	1	7
32	30500159	492493	41	38	1	28	2	1	0	21	2	2	0	2	4	4	29
32	31000000	493071	28	4	0	6	1	0	1	4	2	0	0	4	0	1	5
32	31500479	494066	18	2	0	7	0	1	1	1	0	0	0	1	0	0	7
32	32000084	493330	28	4	1	8	0	0	1	5	0	2	4	0	0	2	4
32	32500127	493052	25	8	1	2	0	0	2	2	1	0	1	0	0	0	9
32	33000036	492848	25	9	1	9	0	0	1	3	0	0	2	0	0	0	2
32	33500045	493931	14	0	0	4	0	0	0	2	0	0	0	0	0	1	6
32	34000025	492869	32	12	1	26	3	2	0	16	1	4	1	1	0	1	20
32	34500033	493099	50	18	0	14	1	1	0	9	0	1	1	0	2	2	9
32	35000072	492866	11	11	0	12	0	0	0	8	0	1	0	1	0	1	17
32	35500055	492402	47	33	0	48	3	2	1	20	1	5	3	2	2	1	49
32	36000149	492666	19	8	0	6	1	2	0	9	1	1	0	1	2	1	9
32	36500116	492427	40	39	4	35	2	1	3	13	1	4	0	3	1	0	31
32	37000048	493100	41	44	2	19	2	0	3	18	1	1	0	2	1	1	16
32	37500204	493949	13	7	0	9	0	1	0	6	1	2	1	0	0	0	9
32	38000089	492793	12	4	0	2	0	0	0	0	2	0	0	0	1	0	8
32	38500003	491868	59	31	1	35	1	8	1	27	2	1	2	3	1	2	49
32	38810272	300100	29	49	3	47	0	3	3	26	1	2	3	0	1	3	35
