#chrom	pos	AAAAA	AAABA	AABAA	AABBA	ABAAA	ABABA	ABBAA	ABBBA	BAAAA	BAABA	BABAA	BABBA	BBAAA	BBABA	BBBAA	BBBBA
19	500092	493838	11	6	0	5	0	0	0	9	0	1	0	0	0	3	8
19	1000089	492426	7	4	0	1	0	0	0	0	0	0	0	0	0	1	3
19	1500076	492804	24	7	0	8	0	0	0	2	0	0	1	1	0	0	9
19	2000071	492186	18	13	0	10	0	1	1	6	1	0	0	0	0	0	12
19	2500065	493665	19	3	1	5	0	0	0	1	0	0	0	1	0	0	3
19	3000007	493881	8	1	0	1	0	0	0	2	0	0	0	0	0	0	2
19	3500391	493683	7	0	0	1	0	0	0	0	0	0	0	0	0	0	6
19	4000068	492741	4	1	0	1	0	0	1	3	1	0	0	0	0	0	2
19	4500012	492881	21	34	0	21	1	0	1	19	0	0	1	1	0	4	20
19	5000008	492852	14	3	0	1	0	0	0	1	0	1	0	1	0	3	6
19	5500077	492356	11	5	1	7	0	0	0	2	0	2	1	0	0	0	15
19	6000075	492237	35	12	1	12	0	1	0	19	1	3	0	1	0	2	9
19	6500207	492358	9	13	1	11	0	1	1	10	2	1	0	0	0	1	18
19	7000023	492579	8	10	0	20	0	0	0	13	1	0	0	0	0	0	8
19	7500146	492411	26	4	0	12	0	1	0	2	1	3	0	0	0	3	26
19	8000010	492017	15	18	0	6	0	0	2	9	0	1	0	1	1	1	11
19	8500091	492696	36	19	1	11	1	1	0	7	0	1	1	1	0	5	8
19	9000026	492965	27	9	0	10	1	2	1	14	2	0	2	0	0	0	2
19	9500027	492620	27	11	2	6	0	0	0	8	0	2	0	1	1	1	7
19	10000075	492379	31	15	1	13	1	1	0	10	0	0	0	1	1	1	17
19	10500029	492448	32	14	1	35	2	0	1	18	0	2	2	3	0	4	29
19	11000016	492555	21	12	0	10	1	0	1	6	0	0	0	0	1	0	16
19	11500154	493319	13	3	0	3	0	1	0	10	0	0	0	0	0	0	5
19	12000002	493232	60	63	2	28	0	3	0	17	1	2	2	2	5	6	45
19	12500103	493744	35	12	1	6	1	0	1	5	0	1	0	0	0	0	4
19	13000045	493781	55	38	0	26	2	1	0	17	0	1	3	1	0	3	33
19	13500030	493886	30	20	0	14	0	2	1	8	4	1	0	3	0	1	16
19	14000044	493057	35	32	1	31	0	2	1	12	0	2	1	4	2	0	24
19	14500060	493208	39	11	0	5	3	0	1	8	2	1	1	1	0	2	14
19	15000159	492924	16	9	0	13	3	1	0	7	0	0	1	1	0	0	5
19	15500076	493090	2	3	1	2	0	0	0	0	0	0	1	0	0	0	0
19	16000016	493181	23	10	0	4	1	2	1	4	0	0	0	1	2	1	6
19	16500362	493374	23	5	0	3	0	1	0	2	0	1	0	3	0	0	7
19	17000004	493659	12	6	0	9	0	0	0	4	0	2	0	0	0	0	6
19	17500044	493424	7	1	0	1	0	0	0	2	0	0	0	0	0	0	1
19	18000166	494067	8	8	2	14	0	0	0	5	0	0	0	0	1	0	7
19	18500038	493299	11	1	1	1	0	0	0	2	0	0	0	0	1	0	7
19	19000003	492752	33	19	0	12	0	1	0	10	2	1	4	0	1	3	20
19	19500090	490439	9	6	0	12	0	2	0	5	0	0	0	0	0	0	4
19	20000191	491171	33	14	0	10	2	0	0	6	0	1	1	0	1	0	12
19	20500144	486890	45	26	0	28	2	6	1	14	1	3	1	1	2	2	23
19	21000080	492307	93	61	6	31	2	2	1	24	3	6	2	6	2	0	44
19	21500014	491209	73	51	3	50	3	3	3	28	3	7	3	2	6	4	45
19	22000117	491911	50	33	0	48	0	2	1	22	0	0	2	6	2	8	28
19	22500226	492690	59	27	3	36	0	3	0	19	1	1	1	2	2	2	32
19	23000072	492551	33	20	1	15	2	0	1	4	0	3	1	0	1	0	15
19	23500012	492894	26	24	0	30	1	0	0	11	2	0	0	2	1	1	18
19	24000039	491616	49	44	1	30	2	2	0	25	3	2	1	0	0	1	26
19	24500102	491890	39	28	4	29	3	1	1	19	1	3	2	3	1	3	27
19	25000025	492059	34	16	0	23	0	1	2	16	1	1	0	1	1	1	10
19	25500051	491844	34	26	1	28	2	0	4	27	1	2	0	2	0	3	15
19	26000022	492346	31	10	1	13	0	4	0	16	1	1	0	0	3	2	8
19	26500163	492265	17	14	2	4	2	0	0	10	0	0	0	1	2	1	19
19	27000041	491449	53	38	3	28	1	1	2	34	3	3	2	3	1	1	30
19	27500648	492425	25	20	0	21	0	1	1	15	3	1	0	0	3	1	24
19	28000028	491666	10	5	0	5	2	2	0	5	0	1	0	5	0	0	4
19	28500158	491749	21	12	4	21	1	0	1	2	0	1	1	1	0	1	5
19	29000201	493040	6	9	0	2	2	0	0	2	0	0	0	0	0	1	5
19	29500003	491843	7	3	0	8	0	0	0	0	0	0	0	0	1	0	2
19	30000003	492388	11	0	0	1	0	0	0	0	0	0	1	0	0	0	1
19	30500059	493137	15	11	2	5	1	0	0	9	0	0	1	0	0	0	4
19	31000197	492593	14	3	1	8	0	1	0	2	0	0	0	1	0	0	3
19	31500126	492401	8	0	0	1	3	0	0	8	0	0	0	0	0	0	3
19	32000202	492977	23	1	1	3	1	0	0	0	0	0	0	0	0	1	0
19	32500015	491628	35	44	0	35	3	1	4	22	1	4	0	1	1	1	40
19	33000069	492220	36	12	1	10	1	0	2	5	0	1	0	1	6	3	13
19	33500184	492381	9	7	1	6	0	0	2	1	0	2	0	0	0	1	9
19	34000132	492021	30	15	1	8	0	0	0	4	0	2	1	6	2	3	15
19	34500011	492312	11	9	0	7	1	0	0	0	2	4	1	0	0	2	12
19	35000272	492814	4	3	0	2	0	1	0	7	0	0	0	1	1	0	11
19	35500010	492123	12	0	0	3	0	1	0	1	0	0	0	0	0	0	7
19	36000006	492474	32	33	1	37	2	3	1	17	1	0	2	0	3	1	13
19	36500195	492444	18	8	0	7	1	0	0	4	0	0	1	2	0	1	14
19	37000010	491927	5	3	0	5	0	0	0	1	1	2	0	0	1	0	5
19	37500059	491642	21	22	2	10	0	0	3	20	1	2	1	0	2	0	25
19	38000052	492979	9	16	0	9	0	1	0	14	0	1	1	1	0	0	3
19	38500146	494223	16	5	0	6	0	1	1	4	0	0	0	0	0	0	5
19	39000106	492729	24	6	0	4	0	0	0	5	0	0	0	0	0	0	5
19	39500172	492179	13	7	1	12	1	0	0	1	0	0	0	1	0	1	4
19	40000035	492010	23	9	3	12	1	0	0	6	1	0	0	1	1	0	9
19	40500287	492259	22	12	3	15	2	3	0	6	0	1	0	0	0	0	10
19	41000074	492759	18	7	0	7	1	0	0	8	1	1	2	1	0	1	14
19	41500047	493175	17	14	1	8	0	0	0	5	1	2	1	1	0	2	20
19	42000096	491863	33	5	0	10	0	0	1	4	1	1	1	5	1	0	10
19	42500179	492195	20	14	0	27	2	1	0	3	2	1	0	1	0	2	14
19	43000231	492974	4	2	0	3	0	0	2	3	1	0	0	0	0	0	5
19	43500001	492140	7	1	0	3	0	0	0	0	0	0	0	0	0	0	3
19	44000082	492109	8	4	0	8	1	1	0	7	0	0	0	0	0	0	7
19	44500184	492660	3	8	0	5	1	0	0	0	1	0	0	1	0	0	2
19	45000024	492230	16	17	0	15	0	0	1	14	0	0	0	2	1	0	26
19	45500115	492881	7	3	0	3	0	0	0	2	0	0	0	0	0	0	0
19	46000079	493454	8	1	0	1	0	1	0	0	0	0	0	0	0	1	3
19	46500013	493684	8	3	0	4	0	0	0	1	0	0	0	0	0	0	8
19	47000180	493567	8	3	0	3	0	0	0	2	0	0	0	0	0	0	0
19	47500106	492780	6	10	1	9	0	0	0	2	0	0	0	0	0	0	8
19	48000104	493090	15	2	0	2	0	0	0	1	0	1	0	0	0	1	1
19	48500243	492627	17	4	0	4	0	0	0	0	0	0	0	0	0	0	0
19	49000260	492432	17	18	0	14	2	0	2	6	0	1	0	2	1	0	13
19	49500240	492823	5	4	0	3	0	0	0	2	0	1	0	0	1	1	1
19	50000013	493326	6	1	0	2	0	0	0	0	0	0	0	1	0	0	1
19	50500249	493622	8	1	0	2	0	0	0	3	0	0	0	2	0	1	1
19	51000120	491107	7	5	2	4	1	0	0	1	0	0	1	0	1	0	1
19	51500011	492201	4	6	0	6	0	0	0	2	1	0	0	0	0	0	9
19	52000034	491430	15	6	0	4	0	0	0	5	1	0	0	0	0	0	6
19	52500129	491529	21	6	1	9	0	0	2	13	0	0	0	7	0	1	11
19	53000065	492277	12	1	0	0	0	0	0	0	0	0	0	0	0	0	3
19	53500126	491754	5	3	1	0	0	0	0	2	0	0	1	0	0	0	3
19	53741524	237580	15	2	0	1	0	0	0	2	1	2	2	0	0	0	0
