#chrom	pos	AAAAA	AAABA	AABAA	AABBA	ABAAA	ABABA	ABBAA	ABBBA	BAAAA	BAABA	BABAA	BABBA	BBAAA	BBABA	BBBAA	BBBBA
26	500029	493639	43	24	1	15	0	0	0	16	0	2	0	1	0	1	24
26	1000037	492769	9	6	0	1	1	1	0	1	1	1	0	0	0	0	4
26	1500024	492846	5	4	0	6	0	0	0	5	0	1	0	0	1	1	4
26	2000115	492940	8	17	3	12	1	1	1	7	1	0	1	1	1	0	10
26	2500018	492409	38	23	3	27	1	1	3	25	0	0	3	2	1	2	22
26	3000007	491897	13	11	1	9	0	2	1	8	0	0	2	0	1	1	17
26	3500092	492264	9	7	1	9	0	0	0	1	0	1	0	0	0	0	8
26	4000225	491641	38	27	1	30	2	1	0	23	1	2	2	0	2	1	18
26	4500018	491998	28	13	1	5	0	0	0	4	0	0	0	0	0	0	3
26	5000036	492582	43	20	1	18	0	1	0	18	1	1	0	1	3	0	27
26	5500075	492960	15	4	0	2	0	0	0	10	0	1	0	0	0	0	3
26	6000090	493201	12	1	1	0	0	0	0	0	0	0	0	0	0	0	2
26	6500019	492907	43	8	2	2	0	0	0	4	0	0	0	2	0	1	5
26	7000006	492982	44	6	0	10	0	0	1	1	0	0	1	0	0	1	7
26	7500066	493147	19	18	2	13	1	1	1	14	0	1	0	0	3	1	18
26	8000083	492968	36	7	0	17	0	2	1	3	1	1	2	0	0	2	12
26	8500089	493233	29	11	0	23	1	0	0	9	0	0	0	1	0	2	14
26	9000013	493166	21	2	0	6	0	1	0	6	1	0	0	0	0	0	1
26	9500123	492916	10	6	0	12	1	0	0	6	0	0	0	0	0	1	13
26	10000028	492946	15	8	1	11	0	3	0	5	0	0	0	0	0	0	8
26	10500079	492754	34	4	1	3	0	0	1	4	0	0	0	0	0	0	3
26	11000177	492517	6	2	0	1	0	0	0	1	0	0	0	0	0	0	0
26	11500046	492438	0	1	0	2	0	0	0	1	0	0	1	0	0	0	0
26	12000080	492819	18	7	0	8	0	0	0	1	0	1	1	1	0	0	3
26	12500012	492255	20	12	0	10	0	0	1	4	3	0	1	0	0	1	11
26	13000397	493495	11	3	0	4	1	2	0	1	0	0	0	0	0	0	6
26	13500219	492558	6	0	0	2	1	0	0	1	0	0	0	0	0	0	2
26	14000128	493104	16	0	1	0	0	1	0	1	2	0	0	0	0	0	0
26	14500144	493203	12	7	0	5	0	0	0	6	0	1	1	2	1	2	10
26	15000107	493743	20	4	0	5	1	0	0	10	1	1	0	0	1	2	3
26	15500150	493098	10	7	0	9	1	0	0	4	0	0	2	0	0	0	4
26	16000104	493335	15	6	0	8	0	1	0	3	0	0	0	0	2	0	10
26	16500102	493395	28	6	0	4	3	1	0	5	0	0	0	1	1	0	0
26	17000212	493235	18	20	1	30	2	0	0	19	1	0	2	0	1	0	21
26	17500030	491988	20	10	2	7	1	0	1	2	1	0	0	0	0	0	4
26	18000176	492380	15	3	0	5	0	2	0	0	0	0	0	0	1	1	3
26	18500024	492088	12	2	0	9	0	0	0	0	2	0	0	0	0	0	1
26	19000302	492239	34	15	0	17	2	1	0	22	2	2	0	1	2	1	14
26	19500183	492128	31	4	0	2	1	0	0	5	0	2	0	0	0	1	10
26	20000015	492092	6	4	0	6	0	0	0	5	0	0	0	1	0	0	6
26	20500000	492021	7	6	0	1	0	0	0	1	0	0	2	0	0	0	0
26	21000038	492275	4	1	0	5	0	0	0	3	0	0	0	0	0	1	8
26	21500078	492477	14	5	1	2	2	2	1	5	1	0	0	0	0	0	4
26	22000018	493871	51	12	1	17	0	1	0	7	3	2	2	0	1	0	16
26	22500011	493027	25	9	0	12	0	4	0	8	0	0	0	1	0	1	8
26	23000026	492592	16	11	0	5	0	0	0	2	0	0	0	0	0	1	6
26	23500043	493490	19	5	0	0	2	0	0	1	0	3	1	0	0	0	1
26	24000196	492700	35	8	0	24	0	0	0	6	0	0	0	0	1	1	5
26	24500034	492840	6	1	0	1	0	0	0	2	0	0	0	0	0	0	3
26	25000032	492450	37	36	3	29	2	1	1	20	3	2	1	1	0	3	33
26	25500013	486954	55	37	2	33	8	3	2	22	5	3	2	0	4	3	42
26	26000036	485847	14	14	2	17	0	5	1	7	0	1	0	1	1	1	16
26	26500120	486183	37	37	1	30	0	2	2	26	4	2	3	2	1	1	18
26	27000062	486303	44	46	2	25	3	2	6	32	2	2	1	2	2	4	56
26	27500020	487257	39	40	4	36	1	4	5	30	6	1	5	4	5	4	33
26	28000225	490436	20	16	0	13	6	1	4	4	1	3	0	2	0	0	13
26	28500036	492492	9	2	0	1	0	0	1	3	0	0	2	0	0	0	4
26	29000007	491565	27	26	1	24	2	4	0	19	0	0	0	1	0	1	16
26	29500017	492562	1	1	0	0	0	0	0	2	0	0	0	0	0	0	0
26	30000107	493388	24	19	2	16	0	1	1	16	1	1	3	2	2	1	15
26	30500050	493441	21	8	0	3	0	0	0	5	0	0	0	0	0	1	3
26	31000101	493282	34	8	0	6	0	0	0	2	0	0	0	1	0	2	3
26	31500143	492069	60	43	3	29	2	3	0	25	1	9	2	0	2	4	14
26	32000026	491383	23	11	0	22	0	2	0	8	1	2	1	0	0	0	4
26	32500009	490777	11	10	0	10	1	0	0	7	0	1	0	2	1	0	7
26	33000031	490597	15	10	0	11	1	0	2	2	0	0	2	1	0	1	8
26	33500055	491581	31	10	2	10	1	0	2	4	0	0	0	1	0	2	12
26	34000069	490621	24	10	1	9	0	0	1	8	2	0	0	0	0	0	13
26	34500078	491215	11	4	0	6	0	0	0	0	0	0	0	0	0	0	4
26	35000124	490802	3	6	1	5	0	1	0	0	0	1	1	0	0	0	3
26	35500066	491343	15	1	0	11	0	1	0	1	0	1	1	0	0	0	3
26	36000016	491499	8	9	0	7	1	0	0	1	0	0	0	1	0	0	3
26	36500108	490626	4	6	0	3	1	0	0	0	0	0	0	2	0	1	3
26	37000062	490625	12	1	0	0	0	0	0	1	0	0	0	0	0	0	3
26	37500084	491322	27	8	4	10	0	1	0	4	0	0	0	2	0	1	13
26	38000029	491657	34	8	1	0	0	1	1	3	2	1	1	1	0	0	3
26	38500106	490075	19	11	1	4	1	2	2	14	0	1	0	0	1	0	13
26	38964660	454567	2	3	0	6	0	0	0	0	0	0	0	0	1	0	1
