#chrom	coord	total	dtotal	T12	T34	T1234	DFO_left	DFO_right	DFO_total	DFO_stat	DFO_chisq	DFO_Pvalue	DIL_left	DIL_right	DIL_total	DIL_stat	DIL_chisq	DIL_Pvalue	DFI_left	DFI_right	DFI_total	DFI_stat	DFI_chisq	DFI_Pvalue	DOL_left	DOL_right	DOL_total	DOL_stat	DOL_chisq	DOL_Pvalue	introgression	introgna	intrognone	introg13	introg14	introg23	introg24	introg31	introg41	introg32	introg42	introg123	introg124
6	500006	488182	745.0	0.00033901290912	0.000330819243643	0.00036769073829	157.0	229.0	386.0	-0.186528497409	13.4300518135	0.000247625275287	159.0	227.0	386.0	-0.176165803109	11.9792746114	0.000537955209308	231.0	166.0	397.0	0.163727959698	10.6423173804	0.00110529089314	233.0	164.0	397.0	0.173803526448	11.9924433249	0.000534167090765	none	0	1	0	0	0	0	0	0	0	0	0	0
6	1000068	493286	111.0	2.63538798993e-05	7.60208074018e-05	5.42281759466e-05	59.0	25.0	84.0	0.404761904762	13.7619047619	0.000207501594062	65.0	19.0	84.0	0.547619047619	25.1904761905	5.19380476072e-07	16.0	19.0	35.0	-0.0857142857143	0.257142857143	0.612089880089	22.0	13.0	35.0	0.257142857143	2.31428571429	0.128190174345	123	0	0	0	0	0	0	0	0	0	0	1	0
6	1500036	493462	44.0	1.3172240213e-05	2.83709789204e-05	2.07716095667e-05	19.0	11.0	30.0	0.266666666667	2.13333333333	0.144127034816	20.0	10.0	30.0	0.333333333333	3.33333333333	0.0678891548618	9.0	6.0	15.0	0.2	0.6	0.438578026081	10.0	5.0	15.0	0.333333333333	1.66666666667	0.196705602459	none	0	1	0	0	0	0	0	0	0	0	0	0
6	2000075	493550	34.0	1.51960287711e-05	1.82352345254e-05	1.67156316483e-05	11.0	7.0	18.0	0.222222222222	0.888888888889	0.345778586151	11.0	7.0	18.0	0.222222222222	0.888888888889	0.345778586151	9.0	7.0	16.0	0.125	0.25	0.617075077452	9.0	7.0	16.0	0.125	0.25	0.617075077452	none	0	1	0	0	0	0	0	0	0	0	0	0
6	2500058	493019	45.0	1.21699163724e-05	2.83964715356e-05	2.0283193954e-05	22.0	9.0	31.0	0.41935483871	5.45161290323	0.0195502690929	21.0	10.0	31.0	0.354838709677	3.90322580645	0.0481934882932	9.0	6.0	15.0	0.2	0.6	0.438578026081	8.0	7.0	15.0	0.0666666666667	0.0666666666667	0.796253414738	none	0	1	0	0	0	0	0	0	0	0	0	0
6	3000329	493953	9.0	2.02448411084e-06	7.08569438793e-06	4.55508924938e-06	6.0	1.0	7.0	0.714285714286	0	1.0	6.0	1.0	7.0	0.714285714286	0	1.0	2.0	0.0	2.0	1.0	0	1.0	2.0	0.0	2.0	1.0	0	1.0	na	1	0	0	0	0	0	0	0	0	0	0	0
6	3500102	494219	24.0	8.09357794824e-06	1.51754586529e-05	1.16345183006e-05	11.0	5.0	16.0	0.375	2.25	0.133614402538	11.0	5.0	16.0	0.375	2.25	0.133614402538	4.0	4.0	8.0	0.0	0	1.0	4.0	4.0	8.0	0.0	0	1.0	na	1	0	0	0	0	0	0	0	0	0	0	0
6	4000075	494197	50.0	1.51761342137e-05	2.73170415846e-05	2.22583301801e-05	26.0	9.0	35.0	0.485714285714	8.25714285714	0.00405919636556	25.0	10.0	35.0	0.428571428571	6.42857142857	0.0112298866529	14.0	6.0	20.0	0.4	3.2	0.0736382701203	13.0	7.0	20.0	0.3	1.8	0.179712494879	none	0	1	0	0	0	0	0	0	0	0	0	0
6	4500002	492586	30.0	1.31956653254e-05	1.52257676832e-05	1.52257676832e-05	11.0	6.0	17.0	0.294117647059	1.47058823529	0.225252906361	10.0	7.0	17.0	0.176470588235	0.529411764706	0.466854270823	12.0	2.0	14.0	0.714285714286	7.14285714286	0.00752631516646	11.0	3.0	14.0	0.571428571429	4.57142857143	0.0325094446457	none	0	1	0	0	0	0	0	0	0	0	0	0
6	5000003	493063	31.0	5.07034598013e-06	2.23095223126e-05	1.57180725384e-05	17.0	7.0	24.0	0.416666666667	4.16666666667	0.0412268333372	17.0	7.0	24.0	0.416666666667	4.16666666667	0.0412268333372	3.0	6.0	9.0	-0.333333333333	0	1.0	3.0	6.0	9.0	-0.333333333333	0	1.0	na	1	0	0	0	0	0	0	0	0	0	0	0
6	5500054	492376	95.0	2.84335548443e-05	6.19445301964e-05	4.72200107235e-05	35.0	31.0	66.0	0.0606060606061	0.242424242424	0.622460655893	33.0	33.0	66.0	0.0	0	1	21.0	12.0	33.0	0.272727272727	2.45454545455	0.117185087198	19.0	14.0	33.0	0.151515151515	0.757575757576	0.384088249474	na	1	0	0	0	0	0	0	0	0	0	0	0
6	6000108	492986	55.0	5.07113792278e-06	4.46260137205e-05	2.58628034062e-05	39.0	10.0	49.0	0.591836734694	17.1632653061	3.4300562234e-05	38.0	11.0	49.0	0.551020408163	14.8775510204	0.000114720121047	7.0	2.0	9.0	0.555555555556	0	1.0	6.0	3.0	9.0	0.333333333333	0	1.0	na	1	0	0	0	0	0	0	0	0	0	0	0
6	6500006	492463	31.0	1.01530470309e-06	2.74132269836e-05	1.42142658433e-05	20.0	10.0	30.0	0.333333333333	3.33333333333	0.0678891548618	19.0	11.0	30.0	0.266666666667	2.13333333333	0.144127034816	2.0	0.0	2.0	1.0	0	1.0	1.0	1.0	2.0	0.0	0	1.0	na	1	0	0	0	0	0	0	0	0	0	0	0
6	7000013	493044	42.0	6.08464964587e-06	3.34655730523e-05	1.97751113491e-05	30.0	6.0	36.0	0.666666666667	16.0	6.33424836662e-05	29.0	7.0	36.0	0.611111111111	13.4444444444	0.00024573277993	8.0	1.0	9.0	0.777777777778	0	1.0	7.0	2.0	9.0	0.555555555556	0	1.0	na	1	0	0	0	0	0	0	0	0	0	0	0
6	7500038	493320	57.0	1.72301954107e-05	3.95280953539e-05	2.93926862888e-05	31.0	9.0	40.0	0.55	12.1	0.000504218229449	31.0	9.0	40.0	0.55	12.1	0.000504218229449	9.0	8.0	17.0	0.0588235294118	0.0588235294118	0.808365155915	9.0	8.0	17.0	0.0588235294118	0.0588235294118	0.808365155915	123	0	0	0	0	0	0	0	0	0	0	1	0
6	8000009	493258	7.0	0.0	5.06834151702e-06	2.53417075851e-06	4.0	2.0	6.0	0.333333333333	0	1.0	5.0	1.0	6.0	0.666666666667	0	1.0	1.0	1.0	2.0	0.0	0	1.0	2.0	0.0	2.0	1.0	0	1.0	na	1	0	0	0	0	0	0	0	0	0	0	0
6	8500104	492864	5.0	0.0	5.07239319569e-06	2.53619659784e-06	5.0	0.0	5.0	1.0	0	1.0	5.0	0.0	5.0	1.0	0	1.0	0.0	0.0	0.0	0	0	1.0	0.0	0.0	0.0	0	0	1.0	na	1	0	0	0	0	0	0	0	0	0	0	0
6	9000019	492310	76.0	2.23436452642e-05	4.87497714854e-05	3.55467083748e-05	35.0	18.0	53.0	0.320754716981	5.45283018868	0.0195366521099	36.0	17.0	53.0	0.358490566038	6.81132075472	0.00905817422147	16.0	10.0	26.0	0.230769230769	1.38461538462	0.239316541221	17.0	9.0	26.0	0.307692307692	2.46153846154	0.116664464781	none	0	1	0	0	0	0	0	0	0	0	0	0
6	9500000	492689	79.0	2.13116184855e-05	4.56677538975e-05	3.55193641425e-05	32.0	22.0	54.0	0.185185185185	1.85185185185	0.173568166556	36.0	18.0	54.0	0.333333333333	6.0	0.0143058784354	16.0	17.0	33.0	-0.030303030303	0.030303030303	0.861804433049	20.0	13.0	33.0	0.212121212121	1.48484848485	0.223017469947	none	0	1	0	0	0	0	0	0	0	0	0	0
6	10000027	491124	65.0	2.34156750637e-05	3.46144761812e-05	3.10512212802e-05	21.0	20.0	41.0	0.0243902439024	0.0243902439024	0.875896057923	19.0	22.0	41.0	-0.0731707317073	0.219512195122	0.639411852803	20.0	10.0	30.0	0.333333333333	3.33333333333	0.0678891548618	18.0	12.0	30.0	0.2	1.2	0.273321678292	none	0	1	0	0	0	0	0	0	0	0	0	0
6	10500015	492875	22.0	3.04336799391e-06	1.52168399696e-05	9.13010398174e-06	15.0	4.0	19.0	0.578947368421	6.36842105263	0.0116168914342	17.0	2.0	19.0	0.789473684211	11.8421052632	0.000579063217219	4.0	3.0	7.0	0.142857142857	0	1.0	6.0	1.0	7.0	0.714285714286	0	1.0	na	1	0	0	0	0	0	0	0	0	0	0	0
6	11000100	493347	14.0	3.04045631168e-06	1.11483398095e-05	8.10788349782e-06	10.0	1.0	11.0	0.818181818182	7.36363636364	0.00665560548295	10.0	1.0	11.0	0.818181818182	7.36363636364	0.00665560548295	1.0	2.0	3.0	-0.333333333333	0	1.0	1.0	2.0	3.0	-0.333333333333	0	1.0	na	1	0	0	0	0	0	0	0	0	0	0	0
6	11500298	493834	22.0	4.04994390828e-06	1.82247475872e-05	1.11373457478e-05	12.0	6.0	18.0	0.333333333333	2.0	0.15729920705	12.0	6.0	18.0	0.333333333333	2.0	0.15729920705	2.0	2.0	4.0	0.0	0	1.0	2.0	2.0	4.0	0.0	0	1.0	na	1	0	0	0	0	0	0	0	0	0	0	0
6	12000018	492854	37.0	1.01449922289e-05	2.53624805723e-05	1.77537364006e-05	25.0	2.0	27.0	0.851851851852	19.5925925926	9.58400566642e-06	25.0	2.0	27.0	0.851851851852	19.5925925926	9.58400566642e-06	8.0	2.0	10.0	0.6	3.6	0.0577795711236	8.0	2.0	10.0	0.6	3.6	0.0577795711236	123	0	0	0	0	0	0	0	0	0	0	1	0
6	12500019	492980	18.0	4.05695971439e-06	1.41993590004e-05	9.12815935738e-06	8.0	6.0	14.0	0.142857142857	0.285714285714	0.592980098017	8.0	6.0	14.0	0.142857142857	0.285714285714	0.592980098017	1.0	3.0	4.0	-0.5	0	1.0	1.0	3.0	4.0	-0.5	0	1.0	na	1	0	0	0	0	0	0	0	0	0	0	0
6	13000110	492992	14.0	2.02843048163e-06	1.1156367649e-05	6.5923990653e-06	9.0	2.0	11.0	0.636363636364	4.45454545455	0.0348084788119	9.0	2.0	11.0	0.636363636364	4.45454545455	0.0348084788119	2.0	1.0	3.0	0.333333333333	0	1.0	2.0	1.0	3.0	0.333333333333	0	1.0	na	1	0	0	0	0	0	0	0	0	0	0	0
6	13500279	492543	73.0	2.94390540521e-05	3.85753122062e-05	3.6037462719e-05	22.0	20.0	42.0	0.047619047619	0.0952380952381	0.757620723683	22.0	20.0	42.0	0.047619047619	0.0952380952381	0.757620723683	20.0	15.0	35.0	0.142857142857	0.714285714286	0.398024719507	20.0	15.0	35.0	0.142857142857	0.714285714286	0.398024719507	none	0	1	0	0	0	0	0	0	0	0	0	0
6	14000089	493225	150.0	6.58928480916e-05	7.907141771e-05	7.45096051498e-05	39.0	42.0	81.0	-0.037037037037	0.111111111111	0.738882680364	39.0	42.0	81.0	-0.037037037037	0.111111111111	0.738882680364	41.0	30.0	71.0	0.154929577465	1.70422535211	0.191736319002	41.0	30.0	71.0	0.154929577465	1.70422535211	0.191736319002	none	0	1	0	0	0	0	0	0	0	0	0	0
6	14500095	492962	39.0	2.02855392505e-05	1.52141544379e-05	1.97784007692e-05	10.0	8.0	18.0	0.111111111111	0.222222222222	0.637351888234	11.0	7.0	18.0	0.222222222222	0.888888888889	0.345778586151	11.0	11.0	22.0	0.0	0	1	12.0	10.0	22.0	0.0909090909091	0.181818181818	0.669815357599	na	1	0	0	0	0	0	0	0	0	0	0	0
6	15000074	492368	17.0	6.09300360706e-06	9.13950541059e-06	7.61625450882e-06	9.0	2.0	11.0	0.636363636364	4.45454545455	0.0348084788119	8.0	3.0	11.0	0.454545454545	2.27272727273	0.131668016023	5.0	2.0	7.0	0.428571428571	0	1.0	4.0	3.0	7.0	0.142857142857	0	1.0	na	1	0	0	0	0	0	0	0	0	0	0	0
6	15500038	492724	11.0	0.0	1.11624357653e-05	5.58121788263e-06	10.0	1.0	11.0	0.818181818182	7.36363636364	0.00665560548295	10.0	1.0	11.0	0.818181818182	7.36363636364	0.00665560548295	0.0	0.0	0.0	0	0	1.0	0.0	0.0	0.0	0	0	1.0	na	1	0	0	0	0	0	0	0	0	0	0	0
6	16000107	492477	12.0	5.07637920147e-06	5.07637920147e-06	5.07637920147e-06	3.0	3.0	6.0	0.0	0	1.0	2.0	4.0	6.0	-0.333333333333	0	1.0	4.0	3.0	7.0	0.142857142857	0	1.0	3.0	4.0	7.0	-0.142857142857	0	1.0	na	1	0	0	0	0	0	0	0	0	0	0	0
6	16500043	491893	44.0	1.11812934927e-05	3.15109180249e-05	2.3379068212e-05	29.0	4.0	33.0	0.757575757576	18.9393939394	1.34937332702e-05	29.0	4.0	33.0	0.757575757576	18.9393939394	1.34937332702e-05	7.0	6.0	13.0	0.0769230769231	0.0769230769231	0.781511294999	7.0	6.0	13.0	0.0769230769231	0.0769230769231	0.781511294999	123	0	0	0	0	0	0	0	0	0	0	1	0
6	17000003	491704	152.0	4.37254933863e-05	9.66028342255e-05	7.21979076843e-05	55.0	47.0	102.0	0.078431372549	0.627450980392	0.428291855445	53.0	49.0	102.0	0.0392156862745	0.156862745098	0.692061490936	27.0	27.0	54.0	0.0	0	1	25.0	29.0	54.0	-0.0740740740741	0.296296296296	0.586213681073	na	1	0	0	0	0	0	0	0	0	0	0	0
6	17500158	492922	19.0	5.07179634912e-06	1.31866705077e-05	9.12923342841e-06	10.0	4.0	14.0	0.428571428571	2.57142857143	0.108809430041	11.0	3.0	14.0	0.571428571429	4.57142857143	0.0325094446457	5.0	1.0	6.0	0.666666666667	0	1.0	6.0	0.0	6.0	1.0	0	1.0	na	1	0	0	0	0	0	0	0	0	0	0	0
6	18000059	492720	56.0	4.05910050333e-06	4.97239811658e-05	2.79063159604e-05	47.0	5.0	52.0	0.807692307692	33.9230769231	5.73345992905e-09	45.0	7.0	52.0	0.730769230769	27.7692307692	1.36682746232e-07	5.0	1.0	6.0	0.666666666667	0	1.0	3.0	3.0	6.0	0.0	0	1.0	na	1	0	0	0	0	0	0	0	0	0	0	0
6	18500028	492724	25.0	6.0886013265e-06	1.52215033163e-05	1.06550523214e-05	15.0	4.0	19.0	0.578947368421	6.36842105263	0.0116168914342	15.0	4.0	19.0	0.578947368421	6.36842105263	0.0116168914342	7.0	3.0	10.0	0.4	1.6	0.205903210732	7.0	3.0	10.0	0.4	1.6	0.205903210732	none	0	1	0	0	0	0	0	0	0	0	0	0
6	19000041	492704	15.0	2.02961615899e-06	1.11628888745e-05	6.59625251672e-06	9.0	4.0	13.0	0.384615384615	1.92307692308	0.165517858697	9.0	4.0	13.0	0.384615384615	1.92307692308	0.165517858697	1.0	1.0	2.0	0.0	0	1.0	1.0	1.0	2.0	0.0	0	1.0	na	1	0	0	0	0	0	0	0	0	0	0	0
6	19500026	491691	55.0	1.72872800194e-05	3.35576612141e-05	2.64393694414e-05	26.0	12.0	38.0	0.368421052632	5.15789473684	0.0231409313087	23.0	15.0	38.0	0.210526315789	1.68421052632	0.194365910803	14.0	6.0	20.0	0.4	3.2	0.0736382701203	11.0	9.0	20.0	0.1	0.2	0.654720846019	none	0	1	0	0	0	0	0	0	0	0	0	0
6	20000007	491855	45.0	1.5248396377e-05	2.94802329955e-05	2.33808744447e-05	23.0	7.0	30.0	0.533333333333	8.53333333333	0.00348700489214	23.0	7.0	30.0	0.533333333333	8.53333333333	0.00348700489214	8.0	7.0	15.0	0.0666666666667	0.0666666666667	0.796253414738	8.0	7.0	15.0	0.0666666666667	0.0666666666667	0.796253414738	123	0	0	0	0	0	0	0	0	0	0	1	0
6	20500054	491984	57.0	1.82932778302e-05	3.65865556603e-05	2.94725031708e-05	32.0	7.0	39.0	0.641025641026	16.0256410256	6.24904139556e-05	32.0	7.0	39.0	0.641025641026	16.0256410256	6.24904139556e-05	8.0	10.0	18.0	-0.111111111111	0.222222222222	0.637351888234	8.0	10.0	18.0	-0.111111111111	0.222222222222	0.637351888234	123	0	0	0	0	0	0	0	0	0	0	1	0
6	21000028	492295	32.0	1.32034654018e-05	1.72660701409e-05	1.62504189561e-05	15.0	4.0	19.0	0.578947368421	6.36842105263	0.0116168914342	14.0	5.0	19.0	0.473684210526	4.26315789474	0.038947455742	7.0	7.0	14.0	0.0	0	1	6.0	8.0	14.0	-0.142857142857	0.285714285714	0.592980098017	na	1	0	0	0	0	0	0	0	0	0	0	0
6	21500111	492327	12.0	3.04675551006e-06	7.10909619013e-06	5.0779258501e-06	5.0	4.0	9.0	0.111111111111	0	1.0	3.0	6.0	9.0	-0.333333333333	0	1.0	5.0	0.0	5.0	1.0	0	1.0	3.0	2.0	5.0	0.2	0	1.0	na	1	0	0	0	0	0	0	0	0	0	0	0
6	22000130	493274	13.0	2.02727084744e-06	1.01363542372e-05	8.10908338976e-06	6.0	4.0	10.0	0.2	0.4	0.527089256866	6.0	4.0	10.0	0.2	0.4	0.527089256866	0.0	3.0	3.0	-1.0	0	1.0	0.0	3.0	3.0	-1.0	0	1.0	na	1	0	0	0	0	0	0	0	0	0	0	0
6	22501511	494141	35.0	2.02371387924e-06	3.23794220678e-05	1.72015679735e-05	27.0	6.0	33.0	0.636363636364	13.3636363636	0.000256550383056	26.0	7.0	33.0	0.575757575758	10.9393939394	0.000941409585934	3.0	0.0	3.0	1.0	0	1.0	2.0	1.0	3.0	0.333333333333	0	1.0	na	1	0	0	0	0	0	0	0	0	0	0	0
6	23000091	490833	71.0	1.62988226138e-05	5.39898499082e-05	3.61630126744e-05	32.0	21.0	53.0	0.207547169811	2.28301886792	0.130797061807	32.0	21.0	53.0	0.207547169811	2.28301886792	0.130797061807	9.0	9.0	18.0	0.0	0	1	9.0	9.0	18.0	0.0	0	1	na	1	0	0	0	0	0	0	0	0	0	0	0
6	23500119	493214	35.0	3.04127620059e-06	3.14265207395e-05	1.723389847e-05	24.0	8.0	32.0	0.5	8.0	0.00467773498105	25.0	7.0	32.0	0.5625	10.125	0.00146271658668	2.0	2.0	4.0	0.0	0	1.0	3.0	1.0	4.0	0.5	0	1.0	na	1	0	0	0	0	0	0	0	0	0	0	0
6	24000120	493182	127.0	4.25806294634e-05	7.70506628385e-05	5.98156461509e-05	39.0	45.0	84.0	-0.0714285714286	0.428571428571	0.512690760262	39.0	45.0	84.0	-0.0714285714286	0.428571428571	0.512690760262	34.0	15.0	49.0	0.387755102041	7.36734693878	0.00664188547643	34.0	15.0	49.0	0.387755102041	7.36734693878	0.00664188547643	none	0	1	0	0	0	0	0	0	0	0	0	0
6	24500035	493194	138.0	5.57589913908e-05	7.60349882602e-05	6.6910789669e-05	49.0	32.0	81.0	0.20987654321	3.56790123457	0.0589067186157	48.0	33.0	81.0	0.185185185185	2.77777777778	0.0955807045456	42.0	20.0	62.0	0.354838709677	7.8064516129	0.00520600288718	41.0	21.0	62.0	0.322580645161	6.45161290323	0.0110851663806	none	0	1	0	0	0	0	0	0	0	0	0	0
6	25000051	492833	61.0	2.6378103739e-05	3.0436273545e-05	2.94217310935e-05	25.0	10.0	35.0	0.428571428571	6.42857142857	0.0112298866529	25.0	10.0	35.0	0.428571428571	6.42857142857	0.0112298866529	19.0	11.0	30.0	0.266666666667	2.13333333333	0.144127034816	19.0	11.0	30.0	0.266666666667	2.13333333333	0.144127034816	none	0	1	0	0	0	0	0	0	0	0	0	0
6	25500004	493721	49.0	2.22797895978e-05	2.43052250157e-05	2.32925073068e-05	16.0	11.0	27.0	0.185185185185	0.925925925926	0.335923813152	16.0	11.0	27.0	0.185185185185	0.925925925926	0.335923813152	12.0	12.0	24.0	0.0	0	1	12.0	12.0	24.0	0.0	0	1	na	1	0	0	0	0	0	0	0	0	0	0	0
6	26000024	493363	2.0	0.0	2.02690513881e-06	1.01345256941e-06	1.0	1.0	2.0	0.0	0	1.0	1.0	1.0	2.0	0.0	0	1.0	0.0	0.0	0.0	0	0	1.0	0.0	0.0	0.0	0	0	1.0	na	1	0	0	0	0	0	0	0	0	0	0	0
6	26500038	492972	31.0	4.05702555115e-06	2.63706660825e-05	1.52138458168e-05	18.0	9.0	27.0	0.333333333333	3.0	0.0832645166636	19.0	8.0	27.0	0.407407407407	4.48148148148	0.0342640077349	2.0	3.0	5.0	-0.2	0	1.0	3.0	2.0	5.0	0.2	0	1.0	na	1	0	0	0	0	0	0	0	0	0	0	0
6	27000026	492520	12.0	8.12149760416e-06	3.04556160156e-06	5.58352960286e-06	3.0	0.0	3.0	1.0	0	1.0	3.0	0.0	3.0	1.0	0	1.0	6.0	3.0	9.0	0.333333333333	0	1.0	6.0	3.0	9.0	0.333333333333	0	1.0	na	1	0	0	0	0	0	0	0	0	0	0	0
6	27500027	492439	88.0	2.9445271394e-05	5.2798417672e-05	4.3152552905e-05	43.0	12.0	55.0	0.563636363636	17.4727272727	2.9145891675e-05	43.0	12.0	55.0	0.563636363636	17.4727272727	2.9145891675e-05	19.0	16.0	35.0	0.0857142857143	0.257142857143	0.612089880089	19.0	16.0	35.0	0.0857142857143	0.257142857143	0.612089880089	123	0	0	0	0	0	0	0	0	0	0	1	0
6	28000017	492600	26.0	4.06008932197e-06	1.92854242793e-05	1.16727568006e-05	22.0	0.0	22.0	1.0	22.0	2.72650465616e-06	21.0	1.0	22.0	0.909090909091	18.1818181818	2.00786561243e-05	4.0	1.0	5.0	0.6	0	1.0	3.0	2.0	5.0	0.2	0	1.0	na	1	0	0	0	0	0	0	0	0	0	0	0
6	28500028	492689	6.0	0.0	6.089033853e-06	3.0445169265e-06	6.0	0.0	6.0	1.0	0	1.0	6.0	0.0	6.0	1.0	0	1.0	0.0	0.0	0.0	0	0	1.0	0.0	0.0	0.0	0	0	1.0	na	1	0	0	0	0	0	0	0	0	0	0	0
6	29000125	493148	20.0	6.08336645388e-06	1.21667329078e-05	1.01389440898e-05	13.0	1.0	14.0	0.857142857143	10.2857142857	0.00134064111723	12.0	2.0	14.0	0.714285714286	7.14285714286	0.00752631516646	4.0	3.0	7.0	0.142857142857	0	1.0	3.0	4.0	7.0	-0.142857142857	0	1.0	na	1	0	0	0	0	0	0	0	0	0	0	0
6	29500105	492829	7.0	3.04365205781e-06	4.05820274375e-06	3.55092740078e-06	4.0	0.0	4.0	1.0	0	1.0	4.0	0.0	4.0	1.0	0	1.0	3.0	0.0	3.0	1.0	0	1.0	3.0	0.0	3.0	1.0	0	1.0	na	1	0	0	0	0	0	0	0	0	0	0	0
6	30000011	492858	60.0	2.4347783743e-05	3.04347296787e-05	2.84057477001e-05	17.0	17.0	34.0	0.0	0	1	17.0	17.0	34.0	0.0	0	1	17.0	11.0	28.0	0.214285714286	1.28571428571	0.256839257958	17.0	11.0	28.0	0.214285714286	1.28571428571	0.256839257958	na	1	0	0	0	0	0	0	0	0	0	0	0
6	30500005	492206	24.0	6.0950090003e-06	1.62533573341e-05	1.3205852834e-05	16.0	1.0	17.0	0.882352941176	13.2352941176	0.000274726763808	15.0	2.0	17.0	0.764705882353	9.94117647059	0.00161622221506	5.0	3.0	8.0	0.25	0	1.0	4.0	4.0	8.0	0.0	0	1.0	na	1	0	0	0	0	0	0	0	0	0	0	0
6	31000041	491987	89.0	3.45537585343e-05	4.67492027228e-05	4.16677676443e-05	35.0	17.0	52.0	0.346153846154	6.23076923077	0.012554918597	35.0	17.0	52.0	0.346153846154	6.23076923077	0.012554918597	22.0	21.0	43.0	0.0232558139535	0.0232558139535	0.878793717959	22.0	21.0	43.0	0.0232558139535	0.0232558139535	0.878793717959	none	0	1	0	0	0	0	0	0	0	0	0	0
6	31500038	491638	36.0	4.06803379722e-06	2.94932450299e-05	1.67806394136e-05	26.0	6.0	32.0	0.625	12.5	0.000406952017445	28.0	4.0	32.0	0.75	18.0	2.20904969986e-05	1.0	5.0	6.0	-0.666666666667	0	1.0	3.0	3.0	6.0	0.0	0	1.0	na	1	0	0	0	0	0	0	0	0	0	0	0
6	32000085	492412	3.0	2.03081972007e-06	0.0	2.03081972007e-06	0.0	0.0	0.0	0	0	1.0	0.0	0.0	0.0	0	0	1.0	2.0	1.0	3.0	0.333333333333	0	1.0	2.0	1.0	3.0	0.333333333333	0	1.0	na	1	0	0	0	0	0	0	0	0	0	0	0
6	32500096	492204	6.0	0.0	6.09503376649e-06	3.04751688324e-06	5.0	1.0	6.0	0.666666666667	0	1.0	5.0	1.0	6.0	0.666666666667	0	1.0	0.0	0.0	0.0	0	0	1.0	0.0	0.0	0.0	0	0	1.0	na	1	0	0	0	0	0	0	0	0	0	0	0
6	33000059	492412	24.0	1.01540986004e-05	1.42157380405e-05	1.21849183204e-05	12.0	2.0	14.0	0.714285714286	7.14285714286	0.00752631516646	12.0	2.0	14.0	0.714285714286	7.14285714286	0.00752631516646	7.0	3.0	10.0	0.4	1.6	0.205903210732	7.0	3.0	10.0	0.4	1.6	0.205903210732	123	0	0	0	0	0	0	0	0	0	0	1	0
6	33500015	492013	26.0	1.01623331091e-05	1.42272663527e-05	1.21947997309e-05	14.0	1.0	15.0	0.866666666667	11.2666666667	0.000789112989016	13.0	2.0	15.0	0.733333333333	8.06666666667	0.0045086983649	11.0	1.0	12.0	0.833333333333	8.33333333333	0.00389241712278	10.0	2.0	12.0	0.666666666667	5.33333333333	0.0209213353378	13	0	0	1	0	0	0	0	0	0	0	0	0
6	34000066	491888	76.0	3.25277298897e-05	3.7610187685e-05	4.11679081417e-05	39.0	4.0	43.0	0.813953488372	28.488372093	9.42629052592e-08	36.0	7.0	43.0	0.674418604651	19.5581395349	9.75840793127e-06	18.0	18.0	36.0	0.0	0	1	15.0	21.0	36.0	-0.166666666667	1.0	0.317310507863	na	1	0	0	0	0	0	0	0	0	0	0	0
6	34500076	492971	82.0	3.34705286924e-05	3.95560793637e-05	3.75275624732e-05	21.0	22.0	43.0	-0.0232558139535	0.0232558139535	0.878793717959	19.0	24.0	43.0	-0.116279069767	0.581395348837	0.445765907915	18.0	25.0	43.0	-0.162790697674	1.13953488372	0.285750630373	16.0	27.0	43.0	-0.255813953488	2.81395348837	0.0934478221586	none	0	1	0	0	0	0	0	0	0	0	0	0
6	35000007	492854	20.0	7.10149456026e-06	1.01449922289e-05	8.6232433946e-06	10.0	3.0	13.0	0.538461538462	3.76923076923	0.0522036353413	7.0	6.0	13.0	0.0769230769231	0.0769230769231	0.781511294999	8.0	2.0	10.0	0.6	3.6	0.0577795711236	5.0	5.0	10.0	0.0	0	1	na	1	0	0	0	0	0	0	0	0	0	0	0
6	35500110	493055	32.0	9.12677084707e-06	1.92676273438e-05	1.41971990954e-05	17.0	4.0	21.0	0.619047619048	8.04761904762	0.00455634980319	17.0	4.0	21.0	0.619047619048	8.04761904762	0.00455634980319	8.0	5.0	13.0	0.230769230769	0.692307692308	0.405380556459	8.0	5.0	13.0	0.230769230769	0.692307692308	0.405380556459	123	0	0	0	0	0	0	0	0	0	0	1	0
6	36000022	493344	24.0	6.08094960109e-06	1.72293572031e-05	1.16551534021e-05	12.0	6.0	18.0	0.333333333333	2.0	0.15729920705	12.0	6.0	18.0	0.333333333333	2.0	0.15729920705	4.0	2.0	6.0	0.333333333333	0	1.0	4.0	2.0	6.0	0.333333333333	0	1.0	na	1	0	0	0	0	0	0	0	0	0	0	0
6	36500026	492692	96.0	2.84153182922e-05	6.49492989535e-05	4.87119742151e-05	52.0	14.0	66.0	0.575757575758	21.8787878788	2.90426622718e-06	50.0	16.0	66.0	0.515151515152	17.5151515152	2.85027171524e-05	23.0	9.0	32.0	0.4375	6.125	0.0133283287808	21.0	11.0	32.0	0.3125	3.125	0.0770998717435	123	0	0	0	0	0	0	0	0	0	0	1	0
6	37000238	492387	52.0	1.11700755706e-05	3.85875337895e-05	2.48788046801e-05	30.0	11.0	41.0	0.463414634146	8.80487804878	0.0030042622394	29.0	12.0	41.0	0.414634146341	7.0487804878	0.0079319235328	7.0	5.0	12.0	0.166666666667	0.333333333333	0.563702861651	6.0	6.0	12.0	0.0	0	1	na	1	0	0	0	0	0	0	0	0	0	0	0
6	37500172	493147	21.0	2.0277929299e-06	1.82501363691e-05	1.21667575794e-05	17.0	2.0	19.0	0.789473684211	11.8421052632	0.000579063217219	16.0	3.0	19.0	0.684210526316	8.89473684211	0.00285993820846	3.0	0.0	3.0	1.0	0	1.0	2.0	1.0	3.0	0.333333333333	0	1.0	na	1	0	0	0	0	0	0	0	0	0	0	0
6	38000092	492274	56.0	9.14125060434e-06	4.57062530217e-05	2.94551408362e-05	35.0	12.0	47.0	0.489361702128	11.2553191489	0.000793951700783	35.0	12.0	47.0	0.489361702128	11.2553191489	0.000793951700783	3.0	6.0	9.0	-0.333333333333	0	1.0	3.0	6.0	9.0	-0.333333333333	0	1.0	na	1	0	0	0	0	0	0	0	0	0	0	0
6	38500206	493477	7.0	1.01321844787e-06	6.07931068723e-06	3.54626456755e-06	3.0	3.0	6.0	0.0	0	1.0	3.0	3.0	6.0	0.0	0	1.0	1.0	0.0	1.0	1.0	0	1.0	1.0	0.0	1.0	1.0	0	1.0	na	1	0	0	0	0	0	0	0	0	0	0	0
6	39000186	493105	7.0	0.0	5.06991411565e-06	3.54893988096e-06	4.0	3.0	7.0	0.142857142857	0	1.0	3.0	4.0	7.0	-0.142857142857	0	1.0	1.0	0.0	1.0	1.0	0	1.0	0.0	1.0	1.0	-1.0	0	1.0	na	1	0	0	0	0	0	0	0	0	0	0	0
6	39500076	492469	11.0	3.04587699936e-06	6.09175399873e-06	4.56881549905e-06	7.0	0.0	7.0	1.0	0	1.0	6.0	1.0	7.0	0.714285714286	0	1.0	4.0	1.0	5.0	0.6	0	1.0	3.0	2.0	5.0	0.2	0	1.0	na	1	0	0	0	0	0	0	0	0	0	0	0
6	40000047	493344	24.0	4.05396640073e-06	1.72293572031e-05	1.06416618019e-05	10.0	9.0	19.0	0.0526315789474	0.0526315789474	0.818545808382	10.0	9.0	19.0	0.0526315789474	0.0526315789474	0.818545808382	2.0	3.0	5.0	-0.2	0	1.0	2.0	3.0	5.0	-0.2	0	1.0	na	1	0	0	0	0	0	0	0	0	0	0	0
6	40500018	491186	127.0	3.76639399331e-05	7.63458241888e-05	6.20946036736e-05	49.0	39.0	88.0	0.113636363636	1.13636363636	0.286422022778	48.0	40.0	88.0	0.0909090909091	0.727272727273	0.393768634643	25.0	21.0	46.0	0.0869565217391	0.347826086957	0.555346316671	24.0	22.0	46.0	0.0434782608696	0.0869565217391	0.768082561901	none	0	1	0	0	0	0	0	0	0	0	0	0
6	41000093	490634	220.0	7.74508085457e-05	0.000121271660749	0.000107513951336	84.0	57.0	141.0	0.191489361702	5.17021276596	0.0229774015032	88.0	53.0	141.0	0.248226950355	8.68794326241	0.00320321883697	48.0	39.0	87.0	0.103448275862	0.931034482759	0.334594259585	52.0	35.0	87.0	0.195402298851	3.32183908046	0.0683653128894	none	0	1	0	0	0	0	0	0	0	0	0	0
6	41500055	493211	146.0	4.35918906918e-05	9.12388409829e-05	6.84291307371e-05	65.0	36.0	101.0	0.287128712871	8.32673267327	0.00390658584354	61.0	40.0	101.0	0.207920792079	4.36633663366	0.0366557155514	36.0	17.0	53.0	0.358490566038	6.81132075472	0.00905817422147	32.0	21.0	53.0	0.207547169811	2.28301886792	0.130797061807	none	0	1	0	0	0	0	0	0	0	0	0	0
6	42000080	492745	21.0	5.07361820008e-06	1.52208546002e-05	1.01472364002e-05	16.0	0.0	16.0	1.0	16.0	6.33424836662e-05	16.0	0.0	16.0	1.0	16.0	6.33424836662e-05	4.0	1.0	5.0	0.6	0	1.0	4.0	1.0	5.0	0.6	0	1.0	na	1	0	0	0	0	0	0	0	0	0	0	0
6	42500074	492891	12.0	2.02884613434e-06	9.12980760452e-06	6.5937499366e-06	10.0	0.0	10.0	1.0	10.0	0.001565402258	10.0	0.0	10.0	1.0	10.0	0.001565402258	2.0	0.0	2.0	1.0	0	1.0	2.0	0.0	2.0	1.0	0	1.0	na	1	0	0	0	0	0	0	0	0	0	0	0
6	43000058	492545	38.0	6.0908140373e-06	3.14692058594e-05	1.97951456212e-05	29.0	3.0	32.0	0.8125	21.125	4.30277946373e-06	28.0	4.0	32.0	0.75	18.0	2.20904969986e-05	6.0	1.0	7.0	0.714285714286	0	1.0	5.0	2.0	7.0	0.428571428571	0	1.0	na	1	0	0	0	0	0	0	0	0	0	0	0
6	43500039	493870	426.0	0.000164010772066	0.000236904448539	0.000209569319862	109.0	148.0	257.0	-0.151750972763	5.91828793774	0.0149845122901	105.0	152.0	257.0	-0.182879377432	8.5953307393	0.00337025999039	133.0	54.0	187.0	0.422459893048	33.3743315508	7.6020728601e-09	129.0	58.0	187.0	0.379679144385	26.9572192513	2.08008768654e-07	none	0	1	0	0	0	0	0	0	0	0	0	0
6	44000024	493109	50.0	1.41956443707e-05	2.83912887414e-05	2.2307441154e-05	22.0	12.0	34.0	0.294117647059	2.94117647059	0.0863478209837	23.0	11.0	34.0	0.352941176471	4.23529411765	0.0395917632367	14.0	5.0	19.0	0.473684210526	4.26315789474	0.038947455742	15.0	4.0	19.0	0.578947368421	6.36842105263	0.0116168914342	none	0	1	0	0	0	0	0	0	0	0	0	0
6	44500168	492992	29.0	1.01421524082e-05	1.72416590939e-05	1.3691905751e-05	10.0	8.0	18.0	0.111111111111	0.222222222222	0.637351888234	11.0	7.0	18.0	0.222222222222	0.888888888889	0.345778586151	5.0	7.0	12.0	-0.166666666667	0.333333333333	0.563702861651	6.0	6.0	12.0	0.0	0	1	na	1	0	0	0	0	0	0	0	0	0	0	0
6	45000057	492618	84.0	3.34945129898e-05	4.05994096846e-05	3.80619465793e-05	28.0	21.0	49.0	0.142857142857	1.0	0.317310507863	27.0	22.0	49.0	0.102040816327	0.510204081633	0.475050524054	27.0	15.0	42.0	0.285714285714	3.42857142857	0.0640775064511	26.0	16.0	42.0	0.238095238095	2.38095238095	0.122822648101	none	0	1	0	0	0	0	0	0	0	0	0	0
6	45500074	493048	65.0	2.43384011293e-05	4.15781019292e-05	3.29582515293e-05	23.0	18.0	41.0	0.121951219512	0.609756097561	0.434879658496	23.0	18.0	41.0	0.121951219512	0.609756097561	0.434879658496	17.0	7.0	24.0	0.416666666667	4.16666666667	0.0412268333372	17.0	7.0	24.0	0.416666666667	4.16666666667	0.0412268333372	none	0	1	0	0	0	0	0	0	0	0	0	0
6	46000045	492486	39.0	1.0152572865e-05	2.74119467355e-05	1.87822598003e-05	18.0	11.0	29.0	0.241379310345	1.68965517241	0.193646431269	17.0	12.0	29.0	0.172413793103	0.862068965517	0.353160353316	5.0	6.0	11.0	-0.0909090909091	0.0909090909091	0.763024600553	4.0	7.0	11.0	-0.272727272727	0.818181818182	0.365712296282	none	0	1	0	0	0	0	0	0	0	0	0	0
6	46500089	492919	29.0	1.01436544341e-05	1.52154816511e-05	1.26795680426e-05	6.0	11.0	17.0	-0.294117647059	1.47058823529	0.225252906361	6.0	11.0	17.0	-0.294117647059	1.47058823529	0.225252906361	9.0	5.0	14.0	0.285714285714	1.14285714286	0.285049407403	9.0	5.0	14.0	0.285714285714	1.14285714286	0.285049407403	none	0	1	0	0	0	0	0	0	0	0	0	0
6	47000356	492774	39.0	1.01466392302e-05	2.23226063063e-05	1.82639506143e-05	16.0	8.0	24.0	0.333333333333	2.66666666667	0.10247043486	18.0	6.0	24.0	0.5	6.0	0.0143058784354	10.0	7.0	17.0	0.176470588235	0.529411764706	0.466854270823	12.0	5.0	17.0	0.411764705882	2.88235294118	0.0895550744136	none	0	1	0	0	0	0	0	0	0	0	0	0
6	47500009	493327	79.0	3.54734283751e-05	3.85140079501e-05	4.00342977376e-05	24.0	18.0	42.0	0.142857142857	0.857142857143	0.354539479774	25.0	17.0	42.0	0.190476190476	1.52380952381	0.217043907757	21.0	19.0	40.0	0.05	0.1	0.751829634046	22.0	18.0	40.0	0.1	0.4	0.527089256866	none	0	1	0	0	0	0	0	0	0	0	0	0
6	48000016	493169	81.0	2.23047271828e-05	5.0692561779e-05	3.75124957165e-05	34.0	23.0	57.0	0.19298245614	2.12280701754	0.145120357207	31.0	26.0	57.0	0.0877192982456	0.438596491228	0.507800648275	14.0	15.0	29.0	-0.0344827586207	0.0344827586207	0.852683684335	11.0	18.0	29.0	-0.241379310345	1.68965517241	0.193646431269	none	0	1	0	0	0	0	0	0	0	0	0	0
6	48500080	492707	18.0	4.05920760208e-06	1.01480190052e-05	7.10361330365e-06	7.0	5.0	12.0	0.166666666667	0.333333333333	0.563702861651	6.0	6.0	12.0	0.0	0	1	6.0	1.0	7.0	0.714285714286	0	1.0	5.0	2.0	7.0	0.428571428571	0	1.0	na	1	0	0	0	0	0	0	0	0	0	0	0
6	49000032	492299	58.0	8.12514345956e-06	4.67195748925e-05	3.35162167707e-05	40.0	8.0	48.0	0.666666666667	21.3333333333	3.8596164369e-06	39.0	9.0	48.0	0.625	18.75	1.49023357924e-05	6.0	5.0	11.0	0.0909090909091	0.0909090909091	0.763024600553	5.0	6.0	11.0	-0.0909090909091	0.0909090909091	0.763024600553	123	0	0	0	0	0	0	0	0	0	0	1	0
6	49500005	492890	52.0	1.52163768792e-05	3.2461604009e-05	2.38389904441e-05	16.0	19.0	35.0	-0.0857142857143	0.257142857143	0.612089880089	16.0	19.0	35.0	-0.0857142857143	0.257142857143	0.612089880089	13.0	4.0	17.0	0.529411764706	4.76470588235	0.0290490221619	13.0	4.0	17.0	0.529411764706	4.76470588235	0.0290490221619	none	0	1	0	0	0	0	0	0	0	0	0	0
6	50000884	493956	33.0	3.03670772296e-06	2.93548413219e-05	1.61957745224e-05	20.0	10.0	30.0	0.333333333333	3.33333333333	0.0678891548618	19.0	11.0	30.0	0.266666666667	2.13333333333	0.144127034816	3.0	1.0	4.0	0.5	0	1.0	2.0	2.0	4.0	0.0	0	1.0	na	1	0	0	0	0	0	0	0	0	0	0	0
6	50500188	491658	97.0	3.76277819134e-05	5.49162222521e-05	5.13568374765e-05	30.0	29.0	59.0	0.0169491525424	0.0169491525424	0.896416967667	28.0	31.0	59.0	-0.0508474576271	0.152542372881	0.696117519543	25.0	17.0	42.0	0.190476190476	1.52380952381	0.217043907757	23.0	19.0	42.0	0.0952380952381	0.380952380952	0.537093978443	none	0	1	0	0	0	0	0	0	0	0	0	0
6	51000025	492383	24.0	5.07734832437e-06	1.82784539677e-05	1.26933708109e-05	16.0	3.0	19.0	0.684210526316	8.89473684211	0.00285993820846	15.0	4.0	19.0	0.578947368421	6.36842105263	0.0116168914342	5.0	1.0	6.0	0.666666666667	0	1.0	4.0	2.0	6.0	0.333333333333	0	1.0	na	1	0	0	0	0	0	0	0	0	0	0	0
6	51500158	493805	10.0	0.0	8.10036350381e-06	4.05018175191e-06	9.0	0.0	9.0	1.0	0	1.0	9.0	0.0	9.0	1.0	0	1.0	0.0	1.0	1.0	-1.0	0	1.0	0.0	1.0	1.0	-1.0	0	1.0	na	1	0	0	0	0	0	0	0	0	0	0	0
6	52000171	493812	33.0	9.11277976234e-06	2.12631527788e-05	1.62004973553e-05	19.0	4.0	23.0	0.652173913043	9.78260869565	0.00176170192143	19.0	4.0	23.0	0.652173913043	9.78260869565	0.00176170192143	5.0	5.0	10.0	0.0	0	1	5.0	5.0	10.0	0.0	0	1	na	1	0	0	0	0	0	0	0	0	0	0	0
6	52500152	493694	3.0	1.01277309426e-06	2.02554618853e-06	1.5191596414e-06	1.0	1.0	2.0	0.0	0	1.0	1.0	1.0	2.0	0.0	0	1.0	1.0	0.0	1.0	1.0	0	1.0	1.0	0.0	1.0	1.0	0	1.0	na	1	0	0	0	0	0	0	0	0	0	0	0
6	53000032	493343	10.0	7.09445558161e-06	2.02698730903e-06	7.60120240887e-06	1.0	1.0	2.0	0.0	0	1.0	1.0	1.0	2.0	0.0	0	1.0	2.0	6.0	8.0	-0.5	0	1.0	2.0	6.0	8.0	-0.5	0	1.0	na	1	0	0	0	0	0	0	0	0	0	0	0
6	53500033	493550	17.0	3.03920575423e-06	1.01306858474e-05	6.58494580083e-06	12.0	2.0	14.0	0.714285714286	7.14285714286	0.00752631516646	12.0	2.0	14.0	0.714285714286	7.14285714286	0.00752631516646	4.0	1.0	5.0	0.6	0	1.0	4.0	1.0	5.0	0.6	0	1.0	na	1	0	0	0	0	0	0	0	0	0	0	0
6	54000134	493342	44.0	5.0674785443e-06	3.64858455189e-05	2.07766620316e-05	36.0	3.0	39.0	0.846153846154	27.9230769231	1.26235212172e-07	34.0	5.0	39.0	0.74358974359	21.5641025641	3.42197110903e-06	5.0	2.0	7.0	0.428571428571	0	1.0	3.0	4.0	7.0	-0.142857142857	0	1.0	na	1	0	0	0	0	0	0	0	0	0	0	0
6	54500041	493252	58.0	1.11504869722e-05	4.66293091564e-05	2.88898980643e-05	37.0	10.0	47.0	0.574468085106	15.5106382979	8.20422281164e-05	37.0	10.0	47.0	0.574468085106	15.5106382979	8.20422281164e-05	6.0	5.0	11.0	0.0909090909091	0.0909090909091	0.763024600553	6.0	5.0	11.0	0.0909090909091	0.0909090909091	0.763024600553	123	0	0	0	0	0	0	0	0	0	0	1	0
6	55000075	492539	33.0	4.06059215615e-06	2.6393849015e-05	1.72575166637e-05	20.0	8.0	28.0	0.428571428571	5.14285714286	0.0233422020129	21.0	7.0	28.0	0.5	7.0	0.0081509715935	2.0	4.0	6.0	-0.333333333333	0	1.0	3.0	3.0	6.0	0.0	0	1.0	na	1	0	0	0	0	0	0	0	0	0	0	0
6	55500203	493181	31.0	1.52073985008e-05	1.21659188006e-05	1.57143117841e-05	8.0	6.0	14.0	0.142857142857	0.285714285714	0.592980098017	9.0	5.0	14.0	0.285714285714	1.14285714286	0.285049407403	14.0	4.0	18.0	0.555555555556	5.55555555556	0.0184221254541	15.0	3.0	18.0	0.666666666667	8.0	0.00467773498105	none	0	1	0	0	0	0	0	0	0	0	0	0
6	56000038	493486	60.0	2.0263999384e-05	3.74883988604e-05	2.88761991222e-05	20.0	20.0	40.0	0.0	0	1	21.0	19.0	40.0	0.05	0.1	0.751829634046	13.0	10.0	23.0	0.130434782609	0.391304347826	0.531614576882	14.0	9.0	23.0	0.217391304348	1.08695652174	0.297146530348	na	1	0	0	0	0	0	0	0	0	0	0	0
6	56500028	493349	51.0	1.31752572722e-05	3.54718465022e-05	2.73639958731e-05	31.0	6.0	37.0	0.675675675676	16.8918918919	3.95702499234e-05	31.0	6.0	37.0	0.675675675676	16.8918918919	3.95702499234e-05	13.0	3.0	16.0	0.625	6.25	0.0124193306516	13.0	3.0	16.0	0.625	6.25	0.0124193306516	123	0	0	0	0	0	0	0	0	0	0	1	0
6	57000013	493296	36.0	5.06795108819e-06	2.83805260939e-05	1.87514190263e-05	24.0	6.0	30.0	0.6	10.8	0.00101500094711	24.0	6.0	30.0	0.6	10.8	0.00101500094711	4.0	2.0	6.0	0.333333333333	0	1.0	4.0	2.0	6.0	0.333333333333	0	1.0	na	1	0	0	0	0	0	0	0	0	0	0	0
6	57500097	493462	17.0	3.03974774147e-06	1.21589909659e-05	7.59936935367e-06	10.0	3.0	13.0	0.538461538462	3.76923076923	0.0522036353413	11.0	2.0	13.0	0.692307692308	6.23076923077	0.012554918597	2.0	3.0	5.0	-0.2	0	1.0	3.0	2.0	5.0	0.2	0	1.0	na	1	0	0	0	0	0	0	0	0	0	0	0
6	58000009	493660	33.0	8.10274277843e-06	2.43082283353e-05	1.62054855569e-05	9.0	16.0	25.0	-0.28	1.96	0.161513318468	8.0	17.0	25.0	-0.36	3.24	0.0718606382259	7.0	2.0	9.0	0.555555555556	0	1.0	6.0	3.0	9.0	0.333333333333	0	1.0	na	1	0	0	0	0	0	0	0	0	0	0	0
6	58500004	493213	96.0	3.9536670769e-05	5.17018002364e-05	4.56192355027e-05	36.0	20.0	56.0	0.285714285714	4.57142857143	0.0325094446457	37.0	19.0	56.0	0.321428571429	5.78571428571	0.0161569312612	22.0	21.0	43.0	0.0232558139535	0.0232558139535	0.878793717959	23.0	20.0	43.0	0.0697674418605	0.209302325581	0.647314784389	none	0	1	0	0	0	0	0	0	0	0	0	0
6	59000001	492737	12.0	4.05896045964e-06	8.11792091927e-06	6.08844068946e-06	6.0	2.0	8.0	0.5	0	1.0	6.0	2.0	8.0	0.5	0	1.0	1.0	3.0	4.0	-0.5	0	1.0	1.0	3.0	4.0	-0.5	0	1.0	na	1	0	0	0	0	0	0	0	0	0	0	0
6	59500039	492398	109.0	2.84322844528e-05	7.41270273234e-05	5.534141081e-05	46.0	34.0	80.0	0.15	1.8	0.179712494879	45.0	35.0	80.0	0.125	1.25	0.263552477283	22.0	8.0	30.0	0.466666666667	6.53333333333	0.0105871373341	21.0	9.0	30.0	0.4	4.8	0.0284597369163	none	0	1	0	0	0	0	0	0	0	0	0	0
6	60000032	493797	69.0	2.02512368443e-05	4.55652828997e-05	3.2908259872e-05	38.0	11.0	49.0	0.551020408163	14.8775510204	0.000114720121047	41.0	8.0	49.0	0.673469387755	22.2244897959	2.42560114261e-06	9.0	14.0	23.0	-0.217391304348	1.08695652174	0.297146530348	12.0	11.0	23.0	0.0434782608696	0.0434782608696	0.834827329185	123	0	0	0	0	0	0	0	0	0	0	1	0
6	60500023	494011	16.0	5.06061605916e-06	1.11333553301e-05	9.10910890648e-06	5.0	6.0	11.0	-0.0909090909091	0.0909090909091	0.763024600553	5.0	6.0	11.0	-0.0909090909091	0.0909090909091	0.763024600553	5.0	0.0	5.0	1.0	0	1.0	5.0	0.0	5.0	1.0	0	1.0	na	1	0	0	0	0	0	0	0	0	0	0	0
6	61000018	493325	37.0	4.05412253585e-06	2.93923883849e-05	1.77367860944e-05	30.0	3.0	33.0	0.818181818182	22.0909090909	2.60038312594e-06	28.0	5.0	33.0	0.69696969697	16.0303030303	6.23367352516e-05	6.0	0.0	6.0	1.0	0	1.0	4.0	2.0	6.0	0.333333333333	0	1.0	na	1	0	0	0	0	0	0	0	0	0	0	0
6	61500055	492740	20.0	7.10313755733e-06	1.21768072411e-05	1.26841742095e-05	5.0	8.0	13.0	-0.230769230769	0.692307692308	0.405380556459	6.0	7.0	13.0	-0.0769230769231	0.0769230769231	0.781511294999	6.0	2.0	8.0	0.5	0	1.0	7.0	1.0	8.0	0.75	0	1.0	na	1	0	0	0	0	0	0	0	0	0	0	0
6	62000002	493721	10.0	5.06358854495e-06	5.06358854495e-06	5.06358854495e-06	1.0	4.0	5.0	-0.6	0	1.0	1.0	4.0	5.0	-0.6	0	1.0	4.0	1.0	5.0	0.6	0	1.0	4.0	1.0	5.0	0.6	0	1.0	na	1	0	0	0	0	0	0	0	0	0	0	0
6	62500005	493378	39.0	1.21610610931e-05	2.5335543944e-05	1.97617242763e-05	18.0	8.0	26.0	0.384615384615	3.84615384615	0.0498602037569	17.0	9.0	26.0	0.307692307692	2.46153846154	0.116664464781	12.0	2.0	14.0	0.714285714286	7.14285714286	0.00752631516646	11.0	3.0	14.0	0.571428571429	4.57142857143	0.0325094446457	none	0	1	0	0	0	0	0	0	0	0	0	0
6	63000076	493231	28.0	1.31784093052e-05	1.41921330979e-05	1.57127187869e-05	11.0	3.0	14.0	0.571428571429	4.57142857143	0.0325094446457	11.0	3.0	14.0	0.571428571429	4.57142857143	0.0325094446457	5.0	9.0	14.0	-0.285714285714	1.14285714286	0.285049407403	5.0	9.0	14.0	-0.285714285714	1.14285714286	0.285049407403	none	0	1	0	0	0	0	0	0	0	0	0	0
6	63500029	493260	9.0	4.0546567733e-06	4.0546567733e-06	4.0546567733e-06	2.0	3.0	5.0	-0.2	0	1.0	3.0	2.0	5.0	0.2	0	1.0	3.0	2.0	5.0	0.2	0	1.0	4.0	1.0	5.0	0.6	0	1.0	na	1	0	0	0	0	0	0	0	0	0	0	0
6	64000254	493528	38.0	4.05245497723e-06	3.14065260735e-05	1.77294905254e-05	32.0	2.0	34.0	0.882352941176	26.4705882353	2.6758130478e-07	31.0	3.0	34.0	0.823529411765	23.0588235294	1.57119782429e-06	5.0	2.0	7.0	0.428571428571	0	1.0	4.0	3.0	7.0	0.142857142857	0	1.0	na	1	0	0	0	0	0	0	0	0	0	0	0
6	64500037	492276	42.0	1.5235355776e-05	1.82824269312e-05	1.77745817387e-05	18.0	9.0	27.0	0.333333333333	3.0	0.0832645166636	13.0	14.0	27.0	-0.037037037037	0.037037037037	0.847389659687	13.0	9.0	22.0	0.181818181818	0.727272727273	0.393768634643	8.0	14.0	22.0	-0.272727272727	1.63636363636	0.200825122695	none	0	1	0	0	0	0	0	0	0	0	0	0
6	65000085	492914	31.0	1.21725087946e-05	9.12938159598e-06	1.06509451953e-05	9.0	8.0	17.0	0.0588235294118	0.0588235294118	0.808365155915	17.0	0.0	17.0	1.0	17.0	3.73798184017e-05	11.0	11.0	22.0	0.0	0	1	19.0	3.0	22.0	0.727272727273	11.6363636364	0.000646749122576	na	1	0	0	0	0	0	0	0	0	0	0	0
6	65500016	492891	90.0	4.66634610898e-05	3.65192304181e-05	4.36201918883e-05	27.0	16.0	43.0	0.255813953488	2.81395348837	0.0934478221586	26.0	17.0	43.0	0.209302325581	1.88372093023	0.169911841731	26.0	26.0	52.0	0.0	0	1	25.0	27.0	52.0	-0.0384615384615	0.0769230769231	0.781511294999	na	1	0	0	0	0	0	0	0	0	0	0	0
6	66000015	493508	16.0	2.0263096039e-06	9.11839321754e-06	7.59866101461e-06	10.0	4.0	14.0	0.428571428571	2.57142857143	0.108809430041	10.0	4.0	14.0	0.428571428571	2.57142857143	0.108809430041	3.0	1.0	4.0	0.5	0	1.0	3.0	1.0	4.0	0.5	0	1.0	na	1	0	0	0	0	0	0	0	0	0	0	0
6	66500151	492601	13.0	1.01502026995e-06	1.11652229695e-05	6.09012161973e-06	12.0	0.0	12.0	1.0	12.0	0.000532005505139	11.0	1.0	12.0	0.833333333333	8.33333333333	0.00389241712278	2.0	0.0	2.0	1.0	0	1.0	1.0	1.0	2.0	0.0	0	1.0	na	1	0	0	0	0	0	0	0	0	0	0	0
6	67000006	492426	23.0	2.03076198251e-06	2.13230008164e-05	1.16768813994e-05	20.0	1.0	21.0	0.904761904762	17.1904761905	3.3812725633e-05	20.0	1.0	21.0	0.904761904762	17.1904761905	3.3812725633e-05	2.0	0.0	2.0	1.0	0	1.0	2.0	0.0	2.0	1.0	0	1.0	na	1	0	0	0	0	0	0	0	0	0	0	0
6	67500100	492513	18.0	1.21824195503e-05	5.07600814598e-06	8.62921384816e-06	1.0	5.0	6.0	-0.666666666667	0	1.0	2.0	4.0	6.0	-0.333333333333	0	1.0	6.0	7.0	13.0	-0.0769230769231	0.0769230769231	0.781511294999	7.0	6.0	13.0	0.0769230769231	0.0769230769231	0.781511294999	na	1	0	0	0	0	0	0	0	0	0	0	0
6	68000138	492785	62.0	2.13074667451e-05	3.75417271224e-05	2.94245969338e-05	28.0	12.0	40.0	0.4	6.4	0.011412036386	29.0	11.0	40.0	0.45	8.1	0.00442652585792	16.0	7.0	23.0	0.391304347826	3.52173913043	0.0605688602027	17.0	6.0	23.0	0.478260869565	5.26086956522	0.0218101191437	none	0	1	0	0	0	0	0	0	0	0	0	0
6	68500622	493495	22.0	2.0263629824e-06	1.92504483328e-05	1.06384056576e-05	19.0	0.0	19.0	1.0	19.0	1.30718453668e-05	19.0	0.0	19.0	1.0	19.0	1.30718453668e-05	2.0	1.0	3.0	0.333333333333	0	1.0	2.0	1.0	3.0	0.333333333333	0	1.0	na	1	0	0	0	0	0	0	0	0	0	0	0
6	69000210	492297	68.0	2.13285882303e-05	4.36728235191e-05	3.55476470505e-05	30.0	16.0	46.0	0.304347826087	4.26086956522	0.0389999530124	30.0	16.0	46.0	0.304347826087	4.26086956522	0.0389999530124	12.0	10.0	22.0	0.0909090909091	0.181818181818	0.669815357599	12.0	10.0	22.0	0.0909090909091	0.181818181818	0.669815357599	none	0	1	0	0	0	0	0	0	0	0	0	0
6	69500025	492937	49.0	1.21719408363e-05	3.34728372997e-05	2.3836717471e-05	27.0	10.0	37.0	0.459459459459	7.81081081081	0.00519345973807	28.0	9.0	37.0	0.513513513514	9.75675675676	0.00178664827337	12.0	3.0	15.0	0.6	5.4	0.0201367515503	13.0	2.0	15.0	0.733333333333	8.06666666667	0.0045086983649	none	0	1	0	0	0	0	0	0	0	0	0	0
6	70000021	492365	31.0	6.09304073198e-06	1.92946289846e-05	1.26938348583e-05	16.0	9.0	25.0	0.28	1.96	0.161513318468	15.0	10.0	25.0	0.2	1.0	0.317310507863	6.0	1.0	7.0	0.714285714286	0	1.0	5.0	2.0	7.0	0.428571428571	0	1.0	na	1	0	0	0	0	0	0	0	0	0	0	0
6	70500040	492626	22.0	3.04490627778e-06	1.82694376667e-05	1.370207825e-05	15.0	3.0	18.0	0.666666666667	8.0	0.00467773498105	15.0	3.0	18.0	0.666666666667	8.0	0.00467773498105	3.0	1.0	4.0	0.5	0	1.0	3.0	1.0	4.0	0.5	0	1.0	na	1	0	0	0	0	0	0	0	0	0	0	0
6	71000251	492833	55.0	9.1308820635e-06	4.058169806e-05	2.48562900617e-05	36.0	9.0	45.0	0.6	16.2	5.69941162333e-05	34.0	11.0	45.0	0.511111111111	11.7555555556	0.000606619020983	9.0	5.0	14.0	0.285714285714	1.14285714286	0.285049407403	7.0	7.0	14.0	0.0	0	1	na	1	0	0	0	0	0	0	0	0	0	0	0
6	71500111	492457	15.0	0.0	1.52297561005e-05	7.61487805027e-06	11.0	4.0	15.0	0.466666666667	3.26666666667	0.070701144866	11.0	4.0	15.0	0.466666666667	3.26666666667	0.070701144866	0.0	0.0	0.0	0	0	1.0	0.0	0.0	0.0	0	0	1.0	na	1	0	0	0	0	0	0	0	0	0	0	0
6	72000017	491874	57.0	2.33799712935e-05	3.15121352216e-05	2.74460532575e-05	25.0	8.0	33.0	0.515151515152	8.75757575758	0.00308318609091	26.0	7.0	33.0	0.575757575758	10.9393939394	0.000941409585934	19.0	6.0	25.0	0.52	6.76	0.00932237604744	20.0	5.0	25.0	0.6	9.0	0.00269979606326	none	0	1	0	0	0	0	0	0	0	0	0	0
6	72500127	492519	19.0	4.06075704694e-06	1.42126496643e-05	9.13670335561e-06	9.0	6.0	15.0	0.2	0.6	0.438578026081	10.0	5.0	15.0	0.333333333333	1.66666666667	0.196705602459	3.0	2.0	5.0	0.2	0	1.0	4.0	1.0	5.0	0.6	0	1.0	na	1	0	0	0	0	0	0	0	0	0	0	0
6	73000034	491126	33.0	1.11987555128e-05	2.03613736597e-05	1.57800645863e-05	10.0	12.0	22.0	-0.0909090909091	0.181818181818	0.669815357599	11.0	11.0	22.0	0.0	0	1	6.0	6.0	12.0	0.0	0	1	7.0	5.0	12.0	0.166666666667	0.333333333333	0.563702861651	na	1	0	0	0	0	0	0	0	0	0	0	0
6	73500263	492626	10.0	3.04490627778e-06	7.10478131483e-06	5.07484379631e-06	4.0	3.0	7.0	0.142857142857	0	1.0	4.0	3.0	7.0	0.142857142857	0	1.0	1.0	2.0	3.0	-0.333333333333	0	1.0	1.0	2.0	3.0	-0.333333333333	0	1.0	na	1	0	0	0	0	0	0	0	0	0	0	0
6	74000118	492113	18.0	3.04808042055e-06	1.42243752959e-05	8.63622785824e-06	11.0	4.0	15.0	0.466666666667	3.26666666667	0.070701144866	12.0	3.0	15.0	0.6	5.4	0.0201367515503	2.0	2.0	4.0	0.0	0	1.0	3.0	1.0	4.0	0.5	0	1.0	na	1	0	0	0	0	0	0	0	0	0	0	0
6	74500080	492329	9.0	1.01558104438e-06	7.10906731068e-06	4.06232417753e-06	4.0	4.0	8.0	0.0	0	1.0	3.0	5.0	8.0	-0.25	0	1.0	2.0	0.0	2.0	1.0	0	1.0	1.0	1.0	2.0	0.0	0	1.0	na	1	0	0	0	0	0	0	0	0	0	0	0
6	75000233	491814	20.0	6.0998670229e-06	1.21997340458e-05	9.14980053435e-06	12.0	2.0	14.0	0.714285714286	7.14285714286	0.00752631516646	12.0	2.0	14.0	0.714285714286	7.14285714286	0.00752631516646	3.0	3.0	6.0	0.0	0	1.0	3.0	3.0	6.0	0.0	0	1.0	na	1	0	0	0	0	0	0	0	0	0	0	0
6	75500146	491307	47.0	1.42477106982e-05	2.64600341538e-05	2.0353872426e-05	13.0	18.0	31.0	-0.161290322581	0.806451612903	0.369171416333	16.0	15.0	31.0	0.0322580645161	0.0322580645161	0.857462441959	10.0	9.0	19.0	0.0526315789474	0.0526315789474	0.818545808382	13.0	6.0	19.0	0.368421052632	2.57894736842	0.108293655899	none	0	1	0	0	0	0	0	0	0	0	0	0
6	76000043	492185	29.0	6.09526905533e-06	2.33651980455e-05	1.47302335504e-05	12.0	11.0	23.0	0.0434782608696	0.0434782608696	0.834827329185	12.0	11.0	23.0	0.0434782608696	0.0434782608696	0.834827329185	4.0	2.0	6.0	0.333333333333	0	1.0	4.0	2.0	6.0	0.333333333333	0	1.0	na	1	0	0	0	0	0	0	0	0	0	0	0
6	76500099	491900	12.0	2.03293352307e-06	1.01646676154e-05	6.09880056922e-06	10.0	0.0	10.0	1.0	10.0	0.001565402258	10.0	0.0	10.0	1.0	10.0	0.001565402258	1.0	1.0	2.0	0.0	0	1.0	1.0	1.0	2.0	0.0	0	1.0	na	1	0	0	0	0	0	0	0	0	0	0	0
6	77000125	491026	28.0	8.14620814376e-06	1.93472443414e-05	1.37467262426e-05	14.0	5.0	19.0	0.473684210526	4.26315789474	0.038947455742	14.0	5.0	19.0	0.473684210526	4.26315789474	0.038947455742	4.0	5.0	9.0	-0.111111111111	0	1.0	4.0	5.0	9.0	-0.111111111111	0	1.0	na	1	0	0	0	0	0	0	0	0	0	0	0
6	77500269	490415	33.0	1.42736253989e-05	1.63127147416e-05	1.52931700702e-05	12.0	7.0	19.0	0.263157894737	1.31578947368	0.25134910881	15.0	4.0	19.0	0.578947368421	6.36842105263	0.0116168914342	9.0	8.0	17.0	0.0588235294118	0.0588235294118	0.808365155915	12.0	5.0	17.0	0.411764705882	2.88235294118	0.0895550744136	none	0	1	0	0	0	0	0	0	0	0	0	0
6	77573581	71993	25.0	4.86158376509e-05	9.02865556374e-05	7.63963163085e-05	8.0	9.0	17.0	-0.0588235294118	0.0588235294118	0.808365155915	10.0	7.0	17.0	0.176470588235	0.529411764706	0.466854270823	6.0	6.0	12.0	0.0	0	1	8.0	4.0	12.0	0.333333333333	1.33333333333	0.24821307899	na	1	0	0	0	0	0	0	0	0	0	0	0
