#chrom	coord	total	dtotal	T12	T34	T1234	DFO_left	DFO_right	DFO_total	DFO_stat	DFO_chisq	DFO_Pvalue	DIL_left	DIL_right	DIL_total	DIL_stat	DIL_chisq	DIL_Pvalue	DFI_left	DFI_right	DFI_total	DFI_stat	DFI_chisq	DFI_Pvalue	DOL_left	DOL_right	DOL_total	DOL_stat	DOL_chisq	DOL_Pvalue	introgression	introgna	intrognone	introg13	introg14	introg23	introg24	introg31	introg41	introg32	introg42	introg123	introg124
2	500016	493434	251.0	8.30911530215e-05	0.000147942784648	0.000118556889067	107.0	59.0	166.0	0.289156626506	13.8795180723	0.000194911046929	104.0	62.0	166.0	0.253012048193	10.6265060241	0.00111478142756	51.0	43.0	94.0	0.0851063829787	0.68085106383	0.409293817353	48.0	46.0	94.0	0.0212765957447	0.0425531914894	0.836568881228	123	0	0	0	0	0	0	0	0	0	0	1	0
2	1000373	494834	76.0	1.41461581055e-05	5.35533128281e-05	3.48601753315e-05	39.0	22.0	61.0	0.27868852459	4.73770491803	0.0295084120367	38.0	23.0	61.0	0.245901639344	3.68852459016	0.0547880602149	11.0	9.0	20.0	0.1	0.2	0.654720846019	10.0	10.0	20.0	0.0	0	1	na	1	0	0	0	0	0	0	0	0	0	0	0
2	1500060	493685	122.0	3.44349129506e-05	7.79849499175e-05	5.6209931434e-05	54.0	33.0	87.0	0.241379310345	5.06896551724	0.024357915718	53.0	34.0	87.0	0.218390804598	4.14942528736	0.041648657489	22.0	20.0	42.0	0.047619047619	0.0952380952381	0.757620723683	21.0	21.0	42.0	0.0	0	1	na	1	0	0	0	0	0	0	0	0	0	0	0
2	2000000	493932	99.0	2.83439825725e-05	6.68108160637e-05	4.75773993181e-05	48.0	19.0	67.0	0.432835820896	12.552238806	0.000395731902193	49.0	18.0	67.0	0.462686567164	14.3432835821	0.000152322119448	20.0	13.0	33.0	0.212121212121	1.48484848485	0.223017469947	21.0	12.0	33.0	0.272727272727	2.45454545455	0.117185087198	123	0	0	0	0	0	0	0	0	0	0	1	0
2	2500042	493879	93.0	1.11363309637e-05	7.59295292977e-05	4.96072924745e-05	63.0	18.0	81.0	0.555555555556	25.0	5.73303143736e-07	63.0	18.0	81.0	0.555555555556	25.0	5.73303143736e-07	9.0	3.0	12.0	0.5	3.0	0.0832645166636	9.0	3.0	12.0	0.5	3.0	0.0832645166636	123	0	0	0	0	0	0	0	0	0	0	1	0
2	3000011	493778	66.0	2.83528225235e-05	3.24032257411e-05	3.13906249367e-05	23.0	14.0	37.0	0.243243243243	2.18918918919	0.138982460293	24.0	13.0	37.0	0.297297297297	3.27027027027	0.0705460004569	17.0	15.0	32.0	0.0625	0.125	0.723673609832	18.0	14.0	32.0	0.125	0.5	0.479500122187	none	0	1	0	0	0	0	0	0	0	0	0	0
2	3500115	494470	21.0	1.11230206079e-05	9.10065322466e-06	1.01118369163e-05	6.0	4.0	10.0	0.2	0.4	0.527089256866	7.0	3.0	10.0	0.4	1.6	0.205903210732	7.0	5.0	12.0	0.166666666667	0.333333333333	0.563702861651	8.0	4.0	12.0	0.333333333333	1.33333333333	0.24821307899	none	0	1	0	0	0	0	0	0	0	0	0	0
2	4000165	493594	180.0	6.38176314947e-05	9.62329363809e-05	9.01550667147e-05	66.0	47.0	113.0	0.16814159292	3.19469026549	0.0738777635947	69.0	44.0	113.0	0.221238938053	5.53097345133	0.0186827082351	38.0	42.0	80.0	-0.05	0.2	0.654720846019	41.0	39.0	80.0	0.025	0.05	0.823063273758	none	0	1	0	0	0	0	0	0	0	0	0	0
2	4500041	492555	97.0	3.34987970886e-05	5.48162134178e-05	4.61877353798e-05	41.0	22.0	63.0	0.301587301587	5.73015873016	0.0166759752605	45.0	18.0	63.0	0.428571428571	11.5714285714	0.000669729449022	24.0	18.0	42.0	0.142857142857	0.857142857143	0.354539479774	28.0	14.0	42.0	0.333333333333	4.66666666667	0.0307535612593	none	0	1	0	0	0	0	0	0	0	0	0	0
2	5000132	493735	93.0	2.63299138202e-05	5.77232726058e-05	4.50646601922e-05	38.0	29.0	67.0	0.134328358209	1.20895522388	0.271539135877	39.0	28.0	67.0	0.164179104478	1.80597014925	0.178992405437	17.0	14.0	31.0	0.0967741935484	0.290322580645	0.590013887163	18.0	13.0	31.0	0.161290322581	0.806451612903	0.369171416333	none	0	1	0	0	0	0	0	0	0	0	0	0
2	5500115	493692	39.0	8.10221757695e-06	2.83577615193e-05	1.92427667453e-05	18.0	13.0	31.0	0.161290322581	0.806451612903	0.369171416333	18.0	13.0	31.0	0.161290322581	0.806451612903	0.369171416333	6.0	2.0	8.0	0.5	0	1.0	6.0	2.0	8.0	0.5	0	1.0	na	1	0	0	0	0	0	0	0	0	0	0	0
2	6000021	492953	71.0	1.8257318649e-05	4.15861147006e-05	2.99217166748e-05	35.0	18.0	53.0	0.320754716981	5.45283018868	0.0195366521099	32.0	21.0	53.0	0.207547169811	2.28301886792	0.130797061807	12.0	11.0	23.0	0.0434782608696	0.0434782608696	0.834827329185	9.0	14.0	23.0	-0.217391304348	1.08695652174	0.297146530348	none	0	1	0	0	0	0	0	0	0	0	0	0
2	6500006	493531	120.0	4.05243034379e-05	6.99044234303e-05	5.8253686192e-05	48.0	28.0	76.0	0.263157894737	5.26315789474	0.0217814627911	46.0	30.0	76.0	0.210526315789	3.36842105263	0.0664574200169	20.0	28.0	48.0	-0.166666666667	1.33333333333	0.24821307899	18.0	30.0	48.0	-0.25	3.0	0.0832645166636	none	0	1	0	0	0	0	0	0	0	0	0	0
2	7000106	494704	43.0	8.08564313205e-06	3.53746887027e-05	2.17301659174e-05	25.0	10.0	35.0	0.428571428571	6.42857142857	0.0112298866529	25.0	10.0	35.0	0.428571428571	6.42857142857	0.0112298866529	6.0	2.0	8.0	0.5	0	1.0	6.0	2.0	8.0	0.5	0	1.0	na	1	0	0	0	0	0	0	0	0	0	0	0
2	7500021	494049	150.0	4.85781774682e-05	9.41202188447e-05	7.33732888843e-05	71.0	29.0	100.0	0.42	17.64	2.66914980318e-05	71.0	29.0	100.0	0.42	17.64	2.66914980318e-05	31.0	21.0	52.0	0.192307692308	1.92307692308	0.165517858697	31.0	21.0	52.0	0.192307692308	1.92307692308	0.165517858697	123	0	0	0	0	0	0	0	0	0	0	1	0
2	8000126	493575	76.0	2.53254317986e-05	4.65987945094e-05	3.90011649699e-05	33.0	18.0	51.0	0.294117647059	4.41176470588	0.0356919001168	33.0	18.0	51.0	0.294117647059	4.41176470588	0.0356919001168	15.0	12.0	27.0	0.111111111111	0.333333333333	0.563702861651	15.0	12.0	27.0	0.111111111111	0.333333333333	0.563702861651	none	0	1	0	0	0	0	0	0	0	0	0	0
2	8500028	493840	66.0	2.53118418921e-05	3.8473999676e-05	3.18929207841e-05	29.0	12.0	41.0	0.414634146341	7.0487804878	0.0079319235328	28.0	13.0	41.0	0.365853658537	5.48780487805	0.0191495715008	20.0	6.0	26.0	0.538461538462	7.53846153846	0.00603955904866	19.0	7.0	26.0	0.461538461538	5.53846153846	0.0186029299011	none	0	1	0	0	0	0	0	0	0	0	0	0
2	9000187	494009	18.0	4.04850923769e-06	1.31576550225e-05	8.60308213008e-06	9.0	5.0	14.0	0.285714285714	1.14285714286	0.285049407403	9.0	5.0	14.0	0.285714285714	1.14285714286	0.285049407403	3.0	1.0	4.0	0.5	0	1.0	3.0	1.0	4.0	0.5	0	1.0	na	1	0	0	0	0	0	0	0	0	0	0	0
2	9500270	493259	59.0	1.62186599738e-05	4.15603161828e-05	3.0916820575e-05	27.0	16.0	43.0	0.255813953488	2.81395348837	0.0934478221586	25.0	18.0	43.0	0.162790697674	1.13953488372	0.285750630373	13.0	5.0	18.0	0.444444444444	3.55555555556	0.0593464387919	11.0	7.0	18.0	0.222222222222	0.888888888889	0.345778586151	none	0	1	0	0	0	0	0	0	0	0	0	0
2	10000048	493246	47.0	2.12875522559e-05	2.23012452204e-05	2.38217846673e-05	18.0	6.0	24.0	0.5	6.0	0.0143058784354	20.0	4.0	24.0	0.666666666667	10.6666666667	0.00109083517613	10.0	15.0	25.0	-0.2	1.0	0.317310507863	12.0	13.0	25.0	-0.04	0.04	0.841480581122	none	0	1	0	0	0	0	0	0	0	0	0	0
2	10500079	493989	81.0	3.13772169016e-05	4.25110680602e-05	3.79563107681e-05	31.0	19.0	50.0	0.24	2.88	0.0896860217704	32.0	18.0	50.0	0.28	3.92	0.0477148802374	12.0	24.0	36.0	-0.333333333333	4.0	0.0455002638964	13.0	23.0	36.0	-0.277777777778	2.77777777778	0.0955807045456	none	0	1	0	0	0	0	0	0	0	0	0	0
2	11000014	493890	81.0	3.13835064488e-05	4.3531960558e-05	3.84701046792e-05	30.0	20.0	50.0	0.2	2.0	0.15729920705	33.0	17.0	50.0	0.32	5.12	0.0236516166554	21.0	15.0	36.0	0.166666666667	1.0	0.317310507863	24.0	12.0	36.0	0.333333333333	4.0	0.0455002638964	none	0	1	0	0	0	0	0	0	0	0	0	0
2	11500105	494103	53.0	1.72028908952e-05	3.44057817904e-05	2.58043363428e-05	26.0	10.0	36.0	0.444444444444	7.11111111111	0.00766076113518	25.0	11.0	36.0	0.388888888889	5.44444444444	0.0196306572573	14.0	4.0	18.0	0.555555555556	5.55555555556	0.0184221254541	13.0	5.0	18.0	0.444444444444	3.55555555556	0.0593464387919	none	0	1	0	0	0	0	0	0	0	0	0	0
2	12000009	492950	58.0	2.13003347195e-05	3.2457652906e-05	2.68789938128e-05	24.0	12.0	36.0	0.333333333333	4.0	0.0455002638964	24.0	12.0	36.0	0.333333333333	4.0	0.0455002638964	16.0	8.0	24.0	0.333333333333	2.66666666667	0.10247043486	16.0	8.0	24.0	0.333333333333	2.66666666667	0.10247043486	none	0	1	0	0	0	0	0	0	0	0	0	0
2	12500160	493648	93.0	3.54503613911e-05	4.65919035426e-05	4.40597348718e-05	26.0	29.0	55.0	-0.0545454545455	0.163636363636	0.685830434452	24.0	31.0	55.0	-0.127272727273	0.890909090909	0.345231071772	20.0	26.0	46.0	-0.130434782609	0.782608695652	0.376344493499	18.0	28.0	46.0	-0.217391304348	2.17391304348	0.140368660772	none	0	1	0	0	0	0	0	0	0	0	0	0
2	13000011	493350	60.0	2.53369818587e-05	3.24313367792e-05	2.98976385933e-05	28.0	7.0	35.0	0.6	12.6	0.000385746755682	28.0	7.0	35.0	0.6	12.6	0.000385746755682	17.0	10.0	27.0	0.259259259259	1.81481481481	0.177931725268	17.0	10.0	27.0	0.259259259259	1.81481481481	0.177931725268	123	0	0	0	0	0	0	0	0	0	0	1	0
2	13500004	491894	97.0	4.06591664058e-05	4.77745205268e-05	4.52333226264e-05	30.0	24.0	54.0	0.111111111111	0.666666666667	0.414216178243	33.0	21.0	54.0	0.222222222222	2.66666666667	0.10247043486	28.0	18.0	46.0	0.217391304348	2.17391304348	0.140368660772	31.0	15.0	46.0	0.347826086957	5.5652173913	0.0183207354219	none	0	1	0	0	0	0	0	0	0	0	0	0
2	14000072	492464	85.0	2.43672633939e-05	5.1780434712e-05	4.01044543357e-05	43.0	17.0	60.0	0.433333333333	11.2666666667	0.000789112989016	38.0	22.0	60.0	0.266666666667	4.26666666667	0.0388671038124	15.0	17.0	32.0	-0.0625	0.125	0.723673609832	10.0	22.0	32.0	-0.375	4.5	0.0338948535247	none	0	1	0	0	0	0	0	0	0	0	0	0
2	14500130	491981	180.0	5.69127669564e-05	0.000104678839223	8.79098989595e-05	70.0	50.0	120.0	0.166666666667	3.33333333333	0.0678891548618	72.0	48.0	120.0	0.2	4.8	0.0284597369163	40.0	32.0	72.0	0.111111111111	0.888888888889	0.345778586151	42.0	30.0	72.0	0.166666666667	2.0	0.15729920705	none	0	1	0	0	0	0	0	0	0	0	0	0
2	15000030	492628	211.0	8.22121357292e-05	0.000115705968804	0.000106063804737	72.0	54.0	126.0	0.142857142857	2.57142857143	0.108809430041	72.0	54.0	126.0	0.142857142857	2.57142857143	0.108809430041	52.0	39.0	91.0	0.142857142857	1.85714285714	0.172954917988	52.0	39.0	91.0	0.142857142857	1.85714285714	0.172954917988	none	0	1	0	0	0	0	0	0	0	0	0	0
2	15500099	493904	26.0	2.02468495902e-06	2.32838770287e-05	1.26542809939e-05	19.0	5.0	24.0	0.583333333333	8.16666666667	0.00426672482218	20.0	4.0	24.0	0.666666666667	10.6666666667	0.00109083517613	2.0	1.0	3.0	0.333333333333	0	1.0	3.0	0.0	3.0	1.0	0	1.0	na	1	0	0	0	0	0	0	0	0	0	0	0
2	16000068	493690	25.0	1.01278130001e-06	2.02556260001e-05	1.06342036501e-05	13.0	10.0	23.0	0.130434782609	0.391304347826	0.531614576882	12.0	11.0	23.0	0.0434782608696	0.0434782608696	0.834827329185	3.0	0.0	3.0	1.0	0	1.0	2.0	1.0	3.0	0.333333333333	0	1.0	na	1	0	0	0	0	0	0	0	0	0	0	0
2	16500036	493227	37.0	4.05492805544e-06	2.53433003465e-05	1.57128462148e-05	24.0	6.0	30.0	0.6	10.8	0.00101500094711	21.0	9.0	30.0	0.4	4.8	0.0284597369163	8.0	2.0	10.0	0.6	3.6	0.0577795711236	5.0	5.0	10.0	0.0	0	1	na	1	0	0	0	0	0	0	0	0	0	0	0
2	17000064	492679	50.0	1.42080340343e-05	3.34903659381e-05	2.5878919134e-05	23.0	11.0	34.0	0.352941176471	4.23529411765	0.0395917632367	23.0	11.0	34.0	0.352941176471	4.23529411765	0.0395917632367	14.0	2.0	16.0	0.75	9.0	0.00269979606326	14.0	2.0	16.0	0.75	9.0	0.00269979606326	none	0	1	0	0	0	0	0	0	0	0	0	0
2	17500110	493390	43.0	1.01339710979e-05	3.34421046231e-05	2.17880378605e-05	24.0	9.0	33.0	0.454545454545	6.81818181818	0.00902343881808	24.0	9.0	33.0	0.454545454545	6.81818181818	0.00902343881808	4.0	6.0	10.0	-0.2	0.4	0.527089256866	4.0	6.0	10.0	-0.2	0.4	0.527089256866	123	0	0	0	0	0	0	0	0	0	0	1	0
2	18000119	492153	222.0	8.63552594417e-05	0.000117849530532	0.000104134283444	78.0	55.0	133.0	0.172932330827	3.97744360902	0.0461134986521	71.0	62.0	133.0	0.0676691729323	0.609022556391	0.435156072446	67.0	31.0	98.0	0.367346938776	13.2244897959	0.000276314928387	60.0	38.0	98.0	0.224489795918	4.9387755102	0.0262606341178	none	0	1	0	0	0	0	0	0	0	0	0	0
2	18500040	493082	166.0	7.80803192978e-05	8.31504699016e-05	8.16294247204e-05	53.0	34.0	87.0	0.218390804598	4.14942528736	0.041648657489	51.0	36.0	87.0	0.172413793103	2.58620689655	0.107798213877	45.0	38.0	83.0	0.0843373493976	0.590361445783	0.442279383907	43.0	40.0	83.0	0.0361445783133	0.10843373494	0.741934400848	none	0	1	0	0	0	0	0	0	0	0	0	0
2	19000021	494100	32.0	5.05970451326e-06	2.42865816636e-05	1.46731430884e-05	15.0	11.0	26.0	0.153846153846	0.615384615385	0.432767580668	14.0	12.0	26.0	0.0769230769231	0.153846153846	0.694886602372	6.0	1.0	7.0	0.714285714286	0	1.0	5.0	2.0	7.0	0.428571428571	0	1.0	na	1	0	0	0	0	0	0	0	0	0	0	0
2	19500159	493548	23.0	8.10458151993e-06	1.51960903499e-05	1.26634086249e-05	12.0	3.0	15.0	0.6	5.4	0.0201367515503	12.0	3.0	15.0	0.6	5.4	0.0201367515503	8.0	0.0	8.0	1.0	0	1.0	8.0	0.0	8.0	1.0	0	1.0	na	1	0	0	0	0	0	0	0	0	0	0	0
2	20000063	493750	26.0	5.06329113924e-06	1.92405063291e-05	1.21518987342e-05	18.0	3.0	21.0	0.714285714286	10.7142857143	0.00106311491716	19.0	2.0	21.0	0.809523809524	13.7619047619	0.000207501594062	5.0	1.0	6.0	0.666666666667	0	1.0	6.0	0.0	6.0	1.0	0	1.0	na	1	0	0	0	0	0	0	0	0	0	0	0
2	20500009	493026	63.0	2.83960683615e-05	2.4339487167e-05	3.14385042574e-05	18.0	13.0	31.0	0.161290322581	0.806451612903	0.369171416333	14.0	17.0	31.0	-0.0967741935484	0.290322580645	0.590013887163	26.0	12.0	38.0	0.368421052632	5.15789473684	0.0231409313087	22.0	16.0	38.0	0.157894736842	0.947368421053	0.330390048849	none	0	1	0	0	0	0	0	0	0	0	0	0
2	21000182	493752	74.0	3.24049320307e-05	3.44302402826e-05	3.44302402826e-05	22.0	13.0	35.0	0.257142857143	2.31428571429	0.128190174345	21.0	14.0	35.0	0.2	1.4	0.236723570638	19.0	21.0	40.0	-0.05	0.1	0.751829634046	18.0	22.0	40.0	-0.1	0.4	0.527089256866	none	0	1	0	0	0	0	0	0	0	0	0	0
2	21500084	493204	26.0	3.04133786425e-06	2.12893650498e-05	1.31791307451e-05	13.0	9.0	22.0	0.181818181818	0.727272727273	0.393768634643	14.0	8.0	22.0	0.272727272727	1.63636363636	0.200825122695	2.0	3.0	5.0	-0.2	0	1.0	3.0	2.0	5.0	0.2	0	1.0	na	1	0	0	0	0	0	0	0	0	0	0	0
2	22000007	493226	57.0	1.92609473142e-05	3.24394902134e-05	3.09188891097e-05	21.0	16.0	37.0	0.135135135135	0.675675675676	0.411079778723	20.0	17.0	37.0	0.0810810810811	0.243243243243	0.621873424331	15.0	8.0	23.0	0.304347826087	2.13043478261	0.144399792213	14.0	9.0	23.0	0.217391304348	1.08695652174	0.297146530348	none	0	1	0	0	0	0	0	0	0	0	0	0
2	22500091	493403	12.0	0.0	1.1147074501e-05	5.57353725048e-06	9.0	2.0	11.0	0.636363636364	4.45454545455	0.0348084788119	9.0	2.0	11.0	0.636363636364	4.45454545455	0.0348084788119	1.0	0.0	1.0	1.0	0	1.0	1.0	0.0	1.0	1.0	0	1.0	na	1	0	0	0	0	0	0	0	0	0	0	0
2	23000089	492834	12.0	5.07270196456e-06	7.10178275038e-06	6.08724235747e-06	3.0	4.0	7.0	-0.142857142857	0	1.0	3.0	4.0	7.0	-0.142857142857	0	1.0	3.0	2.0	5.0	0.2	0	1.0	3.0	2.0	5.0	0.2	0	1.0	na	1	0	0	0	0	0	0	0	0	0	0	0
2	23500482	493190	63.0	1.31795048561e-05	4.56213629636e-05	3.04142419757e-05	33.0	15.0	48.0	0.375	6.75	0.00937476845943	33.0	15.0	48.0	0.375	6.75	0.00937476845943	9.0	8.0	17.0	0.0588235294118	0.0588235294118	0.808365155915	9.0	8.0	17.0	0.0588235294118	0.0588235294118	0.808365155915	123	0	0	0	0	0	0	0	0	0	0	1	0
2	24000051	491924	96.0	3.45581837845e-05	5.28536928469e-05	4.67551898261e-05	32.0	23.0	55.0	0.163636363636	1.47272727273	0.224915884016	32.0	23.0	55.0	0.163636363636	1.47272727273	0.224915884016	27.0	16.0	43.0	0.255813953488	2.81395348837	0.0934478221586	27.0	16.0	43.0	0.255813953488	2.81395348837	0.0934478221586	none	0	1	0	0	0	0	0	0	0	0	0	0
2	24500138	493388	36.0	9.12061095933e-06	2.33082280072e-05	1.62144194832e-05	20.0	7.0	27.0	0.481481481481	6.25925925926	0.0123545850179	18.0	9.0	27.0	0.333333333333	3.0	0.0832645166636	10.0	3.0	13.0	0.538461538462	3.76923076923	0.0522036353413	8.0	5.0	13.0	0.230769230769	0.692307692308	0.405380556459	none	0	1	0	0	0	0	0	0	0	0	0	0
2	25000080	492630	32.0	6.08976310822e-06	2.43590524329e-05	1.62393682886e-05	23.0	3.0	26.0	0.769230769231	15.3846153846	8.76994237559e-05	21.0	5.0	26.0	0.615384615385	9.84615384615	0.00170187209267	6.0	2.0	8.0	0.5	0	1.0	4.0	4.0	8.0	0.0	0	1.0	na	1	0	0	0	0	0	0	0	0	0	0	0
2	25500021	492569	15.0	2.03017242254e-06	1.31961207465e-05	7.61314658454e-06	12.0	1.0	13.0	0.846153846154	9.30769230769	0.00228193725332	12.0	1.0	13.0	0.846153846154	9.30769230769	0.00228193725332	2.0	0.0	2.0	1.0	0	1.0	2.0	0.0	2.0	1.0	0	1.0	na	1	0	0	0	0	0	0	0	0	0	0	0
2	26000002	492879	29.0	7.10113435549e-06	1.31878209459e-05	1.11589254158e-05	16.0	3.0	19.0	0.684210526316	8.89473684211	0.00285993820846	15.0	4.0	19.0	0.578947368421	6.36842105263	0.0116168914342	7.0	4.0	11.0	0.272727272727	0.818181818182	0.365712296282	6.0	5.0	11.0	0.0909090909091	0.0909090909091	0.763024600553	none	0	1	0	0	0	0	0	0	0	0	0	0
2	26500024	492715	13.0	3.04435627087e-06	1.01478542362e-05	7.61089067717e-06	6.0	4.0	10.0	0.2	0.4	0.527089256866	6.0	4.0	10.0	0.2	0.4	0.527089256866	2.0	1.0	3.0	0.333333333333	0	1.0	2.0	1.0	3.0	0.333333333333	0	1.0	na	1	0	0	0	0	0	0	0	0	0	0	0
2	27000018	492105	12.0	1.01604332409e-06	1.1176476565e-05	6.09625994452e-06	10.0	1.0	11.0	0.818181818182	7.36363636364	0.00665560548295	10.0	1.0	11.0	0.818181818182	7.36363636364	0.00665560548295	1.0	0.0	1.0	1.0	0	1.0	1.0	0.0	1.0	1.0	0	1.0	na	1	0	0	0	0	0	0	0	0	0	0	0
2	27500194	493352	10.0	3.04042549741e-06	6.08085099483e-06	4.56063824612e-06	6.0	1.0	7.0	0.714285714286	0	1.0	7.0	0.0	7.0	1.0	0	1.0	2.0	2.0	4.0	0.0	0	1.0	3.0	1.0	4.0	0.5	0	1.0	na	1	0	0	0	0	0	0	0	0	0	0	0
2	28000007	492929	4.0	0.0	3.04303459525e-06	1.52151729762e-06	2.0	2.0	4.0	0.0	0	1.0	3.0	1.0	4.0	0.5	0	1.0	0.0	1.0	1.0	-1.0	0	1.0	1.0	0.0	1.0	1.0	0	1.0	na	1	0	0	0	0	0	0	0	0	0	0	0
2	28500077	493319	26.0	4.05417184418e-06	2.02708592209e-05	1.21625155325e-05	17.0	5.0	22.0	0.545454545455	6.54545454545	0.0105152459359	17.0	5.0	22.0	0.545454545455	6.54545454545	0.0105152459359	5.0	1.0	6.0	0.666666666667	0	1.0	5.0	1.0	6.0	0.666666666667	0	1.0	na	1	0	0	0	0	0	0	0	0	0	0	0
2	29000008	492335	29.0	3.04670600303e-06	2.43736480242e-05	1.37101770136e-05	21.0	5.0	26.0	0.615384615385	9.84615384615	0.00170187209267	22.0	4.0	26.0	0.692307692308	12.4615384615	0.000415417648382	0.0	4.0	4.0	-1.0	0	1.0	1.0	3.0	4.0	-0.5	0	1.0	na	1	0	0	0	0	0	0	0	0	0	0	0
2	29500029	492989	36.0	1.21706569518e-05	2.33270924909e-05	1.77488747213e-05	18.0	6.0	24.0	0.5	6.0	0.0143058784354	19.0	5.0	24.0	0.583333333333	8.16666666667	0.00426672482218	1.0	12.0	13.0	-0.846153846154	9.30769230769	0.00228193725332	2.0	11.0	13.0	-0.692307692308	6.23076923077	0.012554918597	none	0	1	0	0	0	0	0	0	0	0	0	0
2	30000001	492724	63.0	1.52215033163e-05	3.6531607959e-05	2.68913225254e-05	42.0	6.0	48.0	0.75	27.0	2.03455461478e-07	38.0	10.0	48.0	0.583333333333	16.3333333333	5.31212815941e-05	12.0	11.0	23.0	0.0434782608696	0.0434782608696	0.834827329185	8.0	15.0	23.0	-0.304347826087	2.13043478261	0.144399792213	123	0	0	0	0	0	0	0	0	0	0	1	0
2	30500048	492746	18.0	3.04416474208e-06	1.42061021297e-05	8.62513343589e-06	13.0	1.0	14.0	0.857142857143	10.2857142857	0.00134064111723	13.0	1.0	14.0	0.857142857143	10.2857142857	0.00134064111723	3.0	1.0	4.0	0.5	0	1.0	3.0	1.0	4.0	0.5	0	1.0	na	1	0	0	0	0	0	0	0	0	0	0	0
2	31000014	492075	28.0	1.11771579536e-05	1.52415790276e-05	2.23543159071e-05	10.0	6.0	16.0	0.25	1.0	0.317310507863	9.0	7.0	16.0	0.125	0.25	0.617075077452	6.0	7.0	13.0	-0.0769230769231	0.0769230769231	0.781511294999	5.0	8.0	13.0	-0.230769230769	0.692307692308	0.405380556459	none	0	1	0	0	0	0	0	0	0	0	0	0
2	31500016	492200	28.0	6.09508329947e-06	2.23486387647e-05	1.62535554653e-05	14.0	8.0	22.0	0.272727272727	1.63636363636	0.200825122695	14.0	8.0	22.0	0.272727272727	1.63636363636	0.200825122695	3.0	3.0	6.0	0.0	0	1.0	3.0	3.0	6.0	0.0	0	1.0	na	1	0	0	0	0	0	0	0	0	0	0	0
2	32000026	491432	22.0	1.01743476208e-05	1.2209217145e-05	1.2209217145e-05	7.0	5.0	12.0	0.166666666667	0.333333333333	0.563702861651	7.0	5.0	12.0	0.166666666667	0.333333333333	0.563702861651	2.0	8.0	10.0	-0.6	3.6	0.0577795711236	2.0	8.0	10.0	-0.6	3.6	0.0577795711236	none	0	1	0	0	0	0	0	0	0	0	0	0
2	32500007	491467	41.0	5.08681152549e-06	3.15382314581e-05	1.93298837969e-05	27.0	8.0	35.0	0.542857142857	10.3142857143	0.00132004376756	30.0	5.0	35.0	0.714285714286	17.8571428571	2.38123768478e-05	1.0	8.0	9.0	-0.777777777778	0	1.0	4.0	5.0	9.0	-0.111111111111	0	1.0	na	1	0	0	0	0	0	0	0	0	0	0	0
2	33000019	491424	20.0	2.03490265026e-06	1.22094159015e-05	7.1221592759e-06	12.0	5.0	17.0	0.411764705882	2.88235294118	0.0895550744136	13.0	4.0	17.0	0.529411764706	4.76470588235	0.0290490221619	4.0	2.0	6.0	0.333333333333	0	1.0	5.0	1.0	6.0	0.666666666667	0	1.0	na	1	0	0	0	0	0	0	0	0	0	0	0
2	33500000	491947	14.0	0.0	9.14732684618e-06	4.57366342309e-06	12.0	2.0	14.0	0.714285714286	7.14285714286	0.00752631516646	11.0	3.0	14.0	0.571428571429	4.57142857143	0.0325094446457	2.0	1.0	3.0	0.333333333333	0	1.0	1.0	2.0	3.0	-0.333333333333	0	1.0	na	1	0	0	0	0	0	0	0	0	0	0	0
2	34000034	491235	22.0	1.42497989761e-05	7.12489948803e-06	1.0687349232e-05	4.0	4.0	8.0	0.0	0	1.0	3.0	5.0	8.0	-0.25	0	1.0	13.0	2.0	15.0	0.733333333333	8.06666666667	0.0045086983649	12.0	3.0	15.0	0.6	5.4	0.0201367515503	na	1	0	0	0	0	0	0	0	0	0	0	0
2	34500028	492204	11.0	3.04751688324e-06	5.07919480541e-06	4.06335584432e-06	6.0	2.0	8.0	0.5	0	1.0	5.0	3.0	8.0	0.25	0	1.0	3.0	3.0	6.0	0.0	0	1.0	2.0	4.0	6.0	-0.333333333333	0	1.0	na	1	0	0	0	0	0	0	0	0	0	0	0
2	35000103	492908	22.0	5.07194040267e-06	1.5215821208e-05	1.11582688859e-05	14.0	2.0	16.0	0.75	9.0	0.00269979606326	13.0	3.0	16.0	0.625	6.25	0.0124193306516	6.0	1.0	7.0	0.714285714286	0	1.0	5.0	2.0	7.0	0.428571428571	0	1.0	na	1	0	0	0	0	0	0	0	0	0	0	0
2	35500025	493257	13.0	1.01367035845e-06	1.1150373943e-05	6.08202215072e-06	9.0	3.0	12.0	0.5	3.0	0.0832645166636	10.0	2.0	12.0	0.666666666667	5.33333333333	0.0209213353378	1.0	1.0	2.0	0.0	0	1.0	2.0	0.0	2.0	1.0	0	1.0	na	1	0	0	0	0	0	0	0	0	0	0	0
2	36000155	494070	51.0	1.61920375655e-05	3.13720727832e-05	2.47940575222e-05	20.0	14.0	34.0	0.176470588235	1.05882352941	0.303483664025	21.0	13.0	34.0	0.235294117647	1.88235294118	0.170066961454	13.0	5.0	18.0	0.444444444444	3.55555555556	0.0593464387919	14.0	4.0	18.0	0.555555555556	5.55555555556	0.0184221254541	none	0	1	0	0	0	0	0	0	0	0	0	0
2	36500076	493744	50.0	1.62027285395e-05	3.03801160115e-05	2.43040928092e-05	18.0	14.0	32.0	0.125	0.5	0.479500122187	18.0	14.0	32.0	0.125	0.5	0.479500122187	15.0	3.0	18.0	0.666666666667	8.0	0.00467773498105	15.0	3.0	18.0	0.666666666667	8.0	0.00467773498105	none	0	1	0	0	0	0	0	0	0	0	0	0
2	37000078	493219	66.0	2.73712083273e-05	3.7508692893e-05	3.34536990667e-05	30.0	9.0	39.0	0.538461538462	11.3076923077	0.000771866448829	29.0	10.0	39.0	0.487179487179	9.25641025641	0.00234672554388	15.0	13.0	28.0	0.0714285714286	0.142857142857	0.705456986111	14.0	14.0	28.0	0.0	0	1	na	1	0	0	0	0	0	0	0	0	0	0	0
2	37500012	493475	57.0	1.31718932063e-05	4.35685698364e-05	2.93834540757e-05	32.0	12.0	44.0	0.454545454545	9.09090909091	0.00256883152702	31.0	13.0	44.0	0.409090909091	7.36363636364	0.00665560548295	8.0	6.0	14.0	0.142857142857	0.285714285714	0.592980098017	7.0	7.0	14.0	0.0	0	1	na	1	0	0	0	0	0	0	0	0	0	0	0
2	38000040	493649	22.0	5.0643270826e-06	1.62058466643e-05	1.06350868735e-05	13.0	4.0	17.0	0.529411764706	4.76470588235	0.0290490221619	14.0	3.0	17.0	0.647058823529	7.11764705882	0.00763288178779	4.0	2.0	6.0	0.333333333333	0	1.0	5.0	1.0	6.0	0.666666666667	0	1.0	na	1	0	0	0	0	0	0	0	0	0	0	0
2	38500080	493147	98.0	3.04168939485e-05	5.37365126423e-05	4.51183926902e-05	35.0	31.0	66.0	0.0606060606061	0.242424242424	0.622460655893	30.0	36.0	66.0	-0.0909090909091	0.545454545455	0.460180935447	25.0	14.0	39.0	0.282051282051	3.10256410256	0.0781690858243	20.0	19.0	39.0	0.025641025641	0.025641025641	0.872780123794	none	0	1	0	0	0	0	0	0	0	0	0	0
2	39000061	493134	20.0	3.04176957987e-06	1.62227710926e-05	9.63227033626e-06	16.0	1.0	17.0	0.882352941176	13.2352941176	0.000274726763808	16.0	1.0	17.0	0.882352941176	13.2352941176	0.000274726763808	1.0	2.0	3.0	-0.333333333333	0	1.0	1.0	2.0	3.0	-0.333333333333	0	1.0	na	1	0	0	0	0	0	0	0	0	0	0	0
2	39500128	492644	95.0	4.0597266992e-05	4.0597266992e-05	4.0597266992e-05	33.0	19.0	52.0	0.269230769231	3.76923076923	0.0522036353413	29.0	23.0	52.0	0.115384615385	0.692307692308	0.405380556459	34.0	15.0	49.0	0.387755102041	7.36734693878	0.00664188547643	30.0	19.0	49.0	0.224489795918	2.4693877551	0.116083133739	none	0	1	0	0	0	0	0	0	0	0	0	0
2	40000004	492876	98.0	3.24625260715e-05	5.68094206251e-05	4.66648812277e-05	34.0	27.0	61.0	0.114754098361	0.803278688525	0.370114899917	34.0	27.0	61.0	0.114754098361	0.803278688525	0.370114899917	25.0	14.0	39.0	0.282051282051	3.10256410256	0.0781690858243	25.0	14.0	39.0	0.282051282051	3.10256410256	0.0781690858243	none	0	1	0	0	0	0	0	0	0	0	0	0
2	40500006	492924	80.0	2.8401944316e-05	4.66603370905e-05	3.75311407032e-05	23.0	26.0	49.0	-0.0612244897959	0.183673469388	0.668235141795	23.0	26.0	49.0	-0.0612244897959	0.183673469388	0.668235141795	20.0	11.0	31.0	0.290322580645	2.61290322581	0.105997548425	20.0	11.0	31.0	0.290322580645	2.61290322581	0.105997548425	none	0	1	0	0	0	0	0	0	0	0	0	0
2	41000005	493179	32.0	1.21659681373e-05	1.41936294936e-05	1.62212908498e-05	10.0	9.0	19.0	0.0526315789474	0.0526315789474	0.818545808382	13.0	6.0	19.0	0.368421052632	2.57894736842	0.108293655899	6.0	12.0	18.0	-0.333333333333	2.0	0.15729920705	9.0	9.0	18.0	0.0	0	1	na	1	0	0	0	0	0	0	0	0	0	0	0
2	41500028	493146	49.0	1.72362748557e-05	2.94030571068e-05	2.33196659813e-05	14.0	17.0	31.0	-0.0967741935484	0.290322580645	0.590013887163	14.0	17.0	31.0	-0.0967741935484	0.290322580645	0.590013887163	14.0	4.0	18.0	0.555555555556	5.55555555556	0.0184221254541	14.0	4.0	18.0	0.555555555556	5.55555555556	0.0184221254541	none	0	1	0	0	0	0	0	0	0	0	0	0
2	42000100	492792	33.0	7.10238802578e-06	2.43510446598e-05	1.67413432036e-05	20.0	6.0	26.0	0.538461538462	7.53846153846	0.00603955904866	19.0	7.0	26.0	0.461538461538	5.53846153846	0.0186029299011	3.0	5.0	8.0	-0.25	0	1.0	2.0	6.0	8.0	-0.5	0	1.0	na	1	0	0	0	0	0	0	0	0	0	0	0
2	42500027	492906	77.0	2.33310205191e-05	4.97052176277e-05	3.75325112699e-05	34.0	19.0	53.0	0.283018867925	4.24528301887	0.0393595088882	33.0	20.0	53.0	0.245283018868	3.18867924528	0.0741498977382	23.0	4.0	27.0	0.703703703704	13.3703703704	0.000255630867837	22.0	5.0	27.0	0.62962962963	10.7037037037	0.00106921275492	none	0	1	0	0	0	0	0	0	0	0	0	0
2	43000051	493678	105.0	3.5448207131e-05	6.27939669177e-05	5.82363402866e-05	48.0	19.0	67.0	0.432835820896	12.552238806	0.000395731902193	45.0	22.0	67.0	0.34328358209	7.89552238806	0.00495573231728	28.0	13.0	41.0	0.365853658537	5.48780487805	0.0191495715008	25.0	16.0	41.0	0.219512195122	1.9756097561	0.159853674838	123	0	0	0	0	0	0	0	0	0	0	1	0
2	43500038	493595	86.0	3.34282154398e-05	4.65969063706e-05	4.10255371306e-05	35.0	17.0	52.0	0.346153846154	6.23076923077	0.012554918597	35.0	17.0	52.0	0.346153846154	6.23076923077	0.012554918597	18.0	18.0	36.0	0.0	0	1	18.0	18.0	36.0	0.0	0	1	na	1	0	0	0	0	0	0	0	0	0	0	0
2	44000089	494074	74.0	3.44078012605e-05	3.643178957e-05	3.54197954153e-05	16.0	24.0	40.0	-0.2	1.6	0.205903210732	18.0	22.0	40.0	-0.1	0.4	0.527089256866	19.0	19.0	38.0	0.0	0	1	21.0	17.0	38.0	0.105263157895	0.421052631579	0.516412268396	na	1	0	0	0	0	0	0	0	0	0	0	0
2	44500010	492607	140.0	4.5675355811e-05	7.51105851115e-05	6.54680099958e-05	57.0	32.0	89.0	0.280898876404	7.02247191011	0.00804930335581	59.0	30.0	89.0	0.325842696629	9.44943820225	0.00211213785161	35.0	28.0	63.0	0.111111111111	0.777777777778	0.3778216371	37.0	26.0	63.0	0.174603174603	1.92063492063	0.165786683981	123	0	0	0	0	0	0	0	0	0	0	1	0
2	45000014	492362	96.0	3.1480902263e-05	6.29618045259e-05	4.92523793469e-05	36.0	29.0	65.0	0.107692307692	0.753846153846	0.38526124109	36.0	29.0	65.0	0.107692307692	0.753846153846	0.38526124109	20.0	13.0	33.0	0.212121212121	1.48484848485	0.223017469947	20.0	13.0	33.0	0.212121212121	1.48484848485	0.223017469947	none	0	1	0	0	0	0	0	0	0	0	0	0
2	45500015	493074	30.0	1.11545123044e-05	1.41966520238e-05	1.47036753104e-05	8.0	9.0	17.0	-0.0588235294118	0.0588235294118	0.808365155915	9.0	8.0	17.0	0.0588235294118	0.0588235294118	0.808365155915	6.0	8.0	14.0	-0.142857142857	0.285714285714	0.592980098017	7.0	7.0	14.0	0.0	0	1	na	1	0	0	0	0	0	0	0	0	0	0	0
2	46000036	492968	20.0	1.01426461758e-06	1.82567631165e-05	9.63551386703e-06	11.0	7.0	18.0	0.222222222222	0.888888888889	0.345778586151	11.0	7.0	18.0	0.222222222222	0.888888888889	0.345778586151	1.0	1.0	2.0	0.0	0	1.0	1.0	1.0	2.0	0.0	0	1.0	na	1	0	0	0	0	0	0	0	0	0	0	0
2	46500104	493786	27.0	1.01258439891e-05	1.72139347815e-05	1.36698893853e-05	11.0	6.0	17.0	0.294117647059	1.47058823529	0.225252906361	11.0	6.0	17.0	0.294117647059	1.47058823529	0.225252906361	5.0	5.0	10.0	0.0	0	1	5.0	5.0	10.0	0.0	0	1	na	1	0	0	0	0	0	0	0	0	0	0	0
2	47000185	494490	91.0	3.43788549819e-05	5.25794252664e-05	4.65125685049e-05	32.0	23.0	55.0	0.163636363636	1.47272727273	0.224915884016	32.0	23.0	55.0	0.163636363636	1.47272727273	0.224915884016	23.0	13.0	36.0	0.277777777778	2.77777777778	0.0955807045456	23.0	13.0	36.0	0.277777777778	2.77777777778	0.0955807045456	none	0	1	0	0	0	0	0	0	0	0	0	0
2	47500050	493650	26.0	7.09004355312e-06	1.82315405652e-05	1.26607920592e-05	13.0	6.0	19.0	0.368421052632	2.57894736842	0.108293655899	12.0	7.0	19.0	0.263157894737	1.31578947368	0.25134910881	4.0	4.0	8.0	0.0	0	1.0	3.0	5.0	8.0	-0.25	0	1.0	na	1	0	0	0	0	0	0	0	0	0	0	0
2	48000141	494155	10.0	2.02365654501e-06	7.08279790754e-06	4.55322722628e-06	6.0	2.0	8.0	0.5	0	1.0	5.0	3.0	8.0	0.25	0	1.0	3.0	0.0	3.0	1.0	0	1.0	2.0	1.0	3.0	0.333333333333	0	1.0	na	1	0	0	0	0	0	0	0	0	0	0	0
2	48500095	493071	46.0	1.21686329149e-05	3.14356350302e-05	2.28161867155e-05	23.0	9.0	32.0	0.4375	6.125	0.0133283287808	23.0	9.0	32.0	0.4375	6.125	0.0133283287808	10.0	4.0	14.0	0.428571428571	2.57142857143	0.108809430041	10.0	4.0	14.0	0.428571428571	2.57142857143	0.108809430041	none	0	1	0	0	0	0	0	0	0	0	0	0
2	49000104	493149	25.0	4.05556941208e-06	1.82500623544e-05	1.11528158832e-05	13.0	6.0	19.0	0.368421052632	2.57894736842	0.108293655899	12.0	7.0	19.0	0.263157894737	1.31578947368	0.25134910881	2.0	5.0	7.0	-0.428571428571	0	1.0	1.0	6.0	7.0	-0.714285714286	0	1.0	na	1	0	0	0	0	0	0	0	0	0	0	0
2	49500046	492104	93.0	2.94653162746e-05	5.18183148278e-05	4.165786094e-05	37.0	21.0	58.0	0.275862068966	4.41379310345	0.0356494885489	36.0	22.0	58.0	0.241379310345	3.37931034483	0.0660196750213	22.0	16.0	38.0	0.157894736842	0.947368421053	0.330390048849	21.0	17.0	38.0	0.105263157895	0.421052631579	0.516412268396	none	0	1	0	0	0	0	0	0	0	0	0	0
2	50000153	493135	93.0	4.76542934491e-05	4.2584687763e-05	4.5119490606e-05	21.0	24.0	45.0	-0.0666666666667	0.2	0.654720846019	20.0	25.0	45.0	-0.111111111111	0.555555555556	0.45605654025	27.0	24.0	51.0	0.0588235294118	0.176470588235	0.674424072235	26.0	25.0	51.0	0.0196078431373	0.0196078431373	0.888637860895	none	0	1	0	0	0	0	0	0	0	0	0	0
2	50500024	492704	214.0	9.74215756316e-05	0.000102495616029	0.000104017828148	54.0	62.0	116.0	-0.0689655172414	0.551724137931	0.457614066876	54.0	62.0	116.0	-0.0689655172414	0.551724137931	0.457614066876	56.0	52.0	108.0	0.037037037037	0.148148148148	0.700311372937	56.0	52.0	108.0	0.037037037037	0.148148148148	0.700311372937	none	0	1	0	0	0	0	0	0	0	0	0	0
2	51000070	493615	59.0	2.73492499215e-05	2.93751202861e-05	2.93751202861e-05	16.0	16.0	32.0	0.0	0	1	14.0	18.0	32.0	-0.125	0.5	0.479500122187	21.0	8.0	29.0	0.448275862069	5.8275862069	0.0157767563889	19.0	10.0	29.0	0.310344827586	2.79310344828	0.0946707198455	na	1	0	0	0	0	0	0	0	0	0	0	0
2	51500187	494464	43.0	1.92127232721e-05	2.42687030805e-05	2.2751909138e-05	14.0	10.0	24.0	0.166666666667	0.666666666667	0.414216178243	14.0	10.0	24.0	0.166666666667	0.666666666667	0.414216178243	15.0	4.0	19.0	0.578947368421	6.36842105263	0.0116168914342	15.0	4.0	19.0	0.578947368421	6.36842105263	0.0116168914342	none	0	1	0	0	0	0	0	0	0	0	0	0
2	52000322	493634	6.0	2.02579238869e-06	3.03868858304e-06	2.53224048587e-06	4.0	0.0	4.0	1.0	0	1.0	3.0	1.0	4.0	0.5	0	1.0	3.0	0.0	3.0	1.0	0	1.0	2.0	1.0	3.0	0.333333333333	0	1.0	na	1	0	0	0	0	0	0	0	0	0	0	0
2	52500049	492138	13.0	2.0319503879e-06	1.01597519395e-05	7.11182635765e-06	9.0	1.0	10.0	0.8	6.4	0.011412036386	9.0	1.0	10.0	0.8	6.4	0.011412036386	1.0	2.0	3.0	-0.333333333333	0	1.0	1.0	2.0	3.0	-0.333333333333	0	1.0	na	1	0	0	0	0	0	0	0	0	0	0	0
2	53000179	493624	26.0	4.05166685574e-06	2.12712509927e-05	1.26614589242e-05	12.0	10.0	22.0	0.0909090909091	0.181818181818	0.669815357599	13.0	9.0	22.0	0.181818181818	0.727272727273	0.393768634643	2.0	3.0	5.0	-0.2	0	1.0	3.0	2.0	5.0	0.2	0	1.0	na	1	0	0	0	0	0	0	0	0	0	0	0
2	53500019	492730	36.0	7.10328171615e-06	2.43541087411e-05	1.67434497595e-05	21.0	7.0	28.0	0.5	7.0	0.0081509715935	21.0	7.0	28.0	0.5	7.0	0.0081509715935	7.0	3.0	10.0	0.4	1.6	0.205903210732	7.0	3.0	10.0	0.4	1.6	0.205903210732	123	0	0	0	0	0	0	0	0	0	0	1	0
2	54000075	492582	54.0	2.23313072747e-05	2.94367232258e-05	2.58840152503e-05	22.0	10.0	32.0	0.375	4.5	0.0338948535247	22.0	10.0	32.0	0.375	4.5	0.0338948535247	17.0	5.0	22.0	0.545454545455	6.54545454545	0.0105152459359	17.0	5.0	22.0	0.545454545455	6.54545454545	0.0105152459359	none	0	1	0	0	0	0	0	0	0	0	0	0
2	54500168	492601	97.0	3.34956689085e-05	6.09012161973e-05	4.82134628229e-05	50.0	14.0	64.0	0.5625	20.25	6.79534624948e-06	48.0	16.0	64.0	0.5	16.0	6.33424836662e-05	22.0	15.0	37.0	0.189189189189	1.32432432432	0.249817441836	20.0	17.0	37.0	0.0810810810811	0.243243243243	0.621873424331	123	0	0	0	0	0	0	0	0	0	0	1	0
2	55000144	492252	9.0	2.03147981115e-06	6.09443943346e-06	4.06295962231e-06	6.0	1.0	7.0	0.714285714286	0	1.0	5.0	2.0	7.0	0.428571428571	0	1.0	1.0	2.0	3.0	-0.333333333333	0	1.0	0.0	3.0	3.0	-1.0	0	1.0	na	1	0	0	0	0	0	0	0	0	0	0	0
2	55500034	492370	19.0	1.01549647623e-06	1.42169506672e-05	9.64721652416e-06	12.0	5.0	17.0	0.411764705882	2.88235294118	0.0895550744136	12.0	5.0	17.0	0.411764705882	2.88235294118	0.0895550744136	2.0	2.0	4.0	0.0	0	1.0	2.0	2.0	4.0	0.0	0	1.0	na	1	0	0	0	0	0	0	0	0	0	0	0
2	56000113	492663	141.0	3.349145359e-05	9.94594682369e-05	6.85052459795e-05	76.0	28.0	104.0	0.461538461538	22.1538461538	2.51651305272e-06	75.0	29.0	104.0	0.442307692308	20.3461538462	6.46228498247e-06	29.0	9.0	38.0	0.526315789474	10.5263157895	0.00117686591062	28.0	10.0	38.0	0.473684210526	8.52631578947	0.00350047582176	none	0	1	0	0	0	0	0	0	0	0	0	0
2	56500030	491299	23.0	5.08855096387e-06	1.73010732772e-05	1.22125223133e-05	13.0	5.0	18.0	0.444444444444	3.55555555556	0.0593464387919	12.0	6.0	18.0	0.333333333333	2.0	0.15729920705	4.0	2.0	6.0	0.333333333333	0	1.0	3.0	3.0	6.0	0.0	0	1.0	na	1	0	0	0	0	0	0	0	0	0	0	0
2	57000028	490997	39.0	6.11001696548e-06	2.74950763447e-05	1.68025466551e-05	20.0	12.0	32.0	0.25	2.0	0.15729920705	16.0	16.0	32.0	0.0	0	1	9.0	2.0	11.0	0.636363636364	4.45454545455	0.0348084788119	5.0	6.0	11.0	-0.0909090909091	0.0909090909091	0.763024600553	na	1	0	0	0	0	0	0	0	0	0	0	0
2	57500025	490099	161.0	4.79494959182e-05	8.87575775507e-05	7.65151530609e-05	65.0	40.0	105.0	0.238095238095	5.95238095238	0.01469742177	65.0	40.0	105.0	0.238095238095	5.95238095238	0.01469742177	39.0	29.0	68.0	0.147058823529	1.47058823529	0.225252906361	39.0	29.0	68.0	0.147058823529	1.47058823529	0.225252906361	none	0	1	0	0	0	0	0	0	0	0	0	0
2	58000031	491471	222.0	8.03709679717e-05	0.000115978358845	0.000105296141583	88.0	46.0	134.0	0.313432835821	13.1641791045	0.000285351767282	88.0	46.0	134.0	0.313432835821	13.1641791045	0.000285351767282	56.0	42.0	98.0	0.142857142857	2.0	0.15729920705	56.0	42.0	98.0	0.142857142857	2.0	0.15729920705	123	0	0	0	0	0	0	0	0	0	0	1	0
2	58500234	493284	36.0	5.06807437501e-06	2.7367601625e-05	1.7231452875e-05	26.0	5.0	31.0	0.677419354839	14.2258064516	0.000162131752044	26.0	5.0	31.0	0.677419354839	14.2258064516	0.000162131752044	6.0	1.0	7.0	0.714285714286	0	1.0	6.0	1.0	7.0	0.714285714286	0	1.0	na	1	0	0	0	0	0	0	0	0	0	0	0
2	59000001	492003	11.0	1.01625396593e-06	1.01625396593e-05	5.58939681262e-06	6.0	4.0	10.0	0.2	0.4	0.527089256866	6.0	4.0	10.0	0.2	0.4	0.527089256866	0.0	1.0	1.0	-1.0	0	1.0	0.0	1.0	1.0	-1.0	0	1.0	na	1	0	0	0	0	0	0	0	0	0	0	0
2	59500034	492515	23.0	1.01519750667e-05	1.01519750667e-05	1.01519750667e-05	10.0	3.0	13.0	0.538461538462	3.76923076923	0.0522036353413	7.0	6.0	13.0	0.0769230769231	0.0769230769231	0.781511294999	10.0	3.0	13.0	0.538461538462	3.76923076923	0.0522036353413	7.0	6.0	13.0	0.0769230769231	0.0769230769231	0.781511294999	none	0	1	0	0	0	0	0	0	0	0	0	0
2	60000143	493294	33.0	1.41903205796e-05	1.52039149067e-05	1.46971177432e-05	10.0	9.0	19.0	0.0526315789474	0.0526315789474	0.818545808382	9.0	10.0	19.0	-0.0526315789474	0.0526315789474	0.818545808382	10.0	7.0	17.0	0.176470588235	0.529411764706	0.466854270823	9.0	8.0	17.0	0.0588235294118	0.0588235294118	0.808365155915	none	0	1	0	0	0	0	0	0	0	0	0	0
2	60500022	492625	39.0	8.11976655671e-06	2.94341537681e-05	1.87769601624e-05	16.0	14.0	30.0	0.0666666666667	0.133333333333	0.715000654688	17.0	13.0	30.0	0.133333333333	0.533333333333	0.465208818452	5.0	5.0	10.0	0.0	0	1	6.0	4.0	10.0	0.2	0.4	0.527089256866	na	1	0	0	0	0	0	0	0	0	0	0	0
2	61000018	492300	31.0	1.21876904327e-05	1.72658947796e-05	1.57424334755e-05	10.0	8.0	18.0	0.111111111111	0.222222222222	0.637351888234	11.0	7.0	18.0	0.222222222222	0.888888888889	0.345778586151	6.0	8.0	14.0	-0.142857142857	0.285714285714	0.592980098017	7.0	7.0	14.0	0.0	0	1	na	1	0	0	0	0	0	0	0	0	0	0	0
2	61500004	492346	10.0	2.03109195566e-06	8.12436782263e-06	5.07772988914e-06	7.0	1.0	8.0	0.75	0	1.0	7.0	1.0	8.0	0.75	0	1.0	2.0	0.0	2.0	1.0	0	1.0	2.0	0.0	2.0	1.0	0	1.0	na	1	0	0	0	0	0	0	0	0	0	0	0
2	62000036	493314	11.0	0.0	1.01355323384e-05	5.06776616921e-06	11.0	0.0	11.0	1.0	11.0	0.000911118877154	11.0	0.0	11.0	1.0	11.0	0.000911118877154	0.0	0.0	0.0	0	0	1.0	0.0	0.0	0.0	0	0	1.0	na	1	0	0	0	0	0	0	0	0	0	0	0
2	62500011	494333	21.0	1.11261032543e-05	8.09171145766e-06	9.60890735597e-06	6.0	3.0	9.0	0.333333333333	0	1.0	5.0	4.0	9.0	0.111111111111	0	1.0	10.0	3.0	13.0	0.538461538462	3.76923076923	0.0522036353413	9.0	4.0	13.0	0.384615384615	1.92307692308	0.165517858697	na	1	0	0	0	0	0	0	0	0	0	0	0
2	63000059	493104	9.0	2.02796975891e-06	6.08390927674e-06	4.05593951783e-06	5.0	2.0	7.0	0.428571428571	0	1.0	5.0	2.0	7.0	0.428571428571	0	1.0	1.0	1.0	2.0	0.0	0	1.0	1.0	1.0	2.0	0.0	0	1.0	na	1	0	0	0	0	0	0	0	0	0	0	0
2	63500040	493239	3.0	3.04112205239e-06	0.0	1.5205610262e-06	0.0	0.0	0.0	0	0	1.0	0.0	0.0	0.0	0	0	1.0	3.0	0.0	3.0	1.0	0	1.0	3.0	0.0	3.0	1.0	0	1.0	na	1	0	0	0	0	0	0	0	0	0	0	0
2	64000209	492869	19.0	7.10127843301e-06	1.11591518233e-05	1.11591518233e-05	9.0	3.0	12.0	0.5	3.0	0.0832645166636	8.0	4.0	12.0	0.333333333333	1.33333333333	0.24821307899	4.0	4.0	8.0	0.0	0	1.0	3.0	5.0	8.0	-0.25	0	1.0	na	1	0	0	0	0	0	0	0	0	0	0	0
2	64500074	492304	26.0	8.12506093796e-06	1.52344892587e-05	1.26954077156e-05	9.0	8.0	17.0	0.0588235294118	0.0588235294118	0.808365155915	7.0	10.0	17.0	-0.176470588235	0.529411764706	0.466854270823	7.0	4.0	11.0	0.272727272727	0.818181818182	0.365712296282	5.0	6.0	11.0	-0.0909090909091	0.0909090909091	0.763024600553	none	0	1	0	0	0	0	0	0	0	0	0	0
2	65000152	493042	25.0	5.07056193996e-06	1.82540229838e-05	1.26764048499e-05	18.0	2.0	20.0	0.8	12.8	0.000346619351135	17.0	3.0	20.0	0.7	9.8	0.00174511869953	6.0	0.0	6.0	1.0	0	1.0	5.0	1.0	6.0	0.666666666667	0	1.0	na	1	0	0	0	0	0	0	0	0	0	0	0
2	65500025	493188	62.0	1.41933704794e-05	4.66353601466e-05	3.0414365313e-05	28.0	19.0	47.0	0.191489361702	1.72340425532	0.189255431692	28.0	19.0	47.0	0.191489361702	1.72340425532	0.189255431692	8.0	7.0	15.0	0.0666666666667	0.0666666666667	0.796253414738	8.0	7.0	15.0	0.0666666666667	0.0666666666667	0.796253414738	none	0	1	0	0	0	0	0	0	0	0	0	0
2	66000153	492748	5.0	2.02943492414e-06	3.04415238621e-06	2.53679365517e-06	1.0	2.0	3.0	-0.333333333333	0	1.0	1.0	2.0	3.0	-0.333333333333	0	1.0	2.0	0.0	2.0	1.0	0	1.0	2.0	0.0	2.0	1.0	0	1.0	na	1	0	0	0	0	0	0	0	0	0	0	0
2	66500093	492767	41.0	1.42054967155e-05	2.43522800837e-05	2.02935667364e-05	15.0	11.0	26.0	0.153846153846	0.615384615385	0.432767580668	14.0	12.0	26.0	0.0769230769231	0.153846153846	0.694886602372	12.0	4.0	16.0	0.5	4.0	0.0455002638964	11.0	5.0	16.0	0.375	2.25	0.133614402538	none	0	1	0	0	0	0	0	0	0	0	0	0
2	67000031	493070	45.0	1.01405479952e-05	2.94075891861e-05	2.18021781897e-05	16.0	18.0	34.0	-0.0588235294118	0.117647058824	0.73160058896	15.0	19.0	34.0	-0.117647058824	0.470588235294	0.492716677227	8.0	4.0	12.0	0.333333333333	1.33333333333	0.24821307899	7.0	5.0	12.0	0.166666666667	0.333333333333	0.563702861651	none	0	1	0	0	0	0	0	0	0	0	0	0
2	67500113	493685	19.0	0.0	1.924303959e-05	9.62151979501e-06	15.0	4.0	19.0	0.578947368421	6.36842105263	0.0116168914342	15.0	4.0	19.0	0.578947368421	6.36842105263	0.0116168914342	0.0	0.0	0.0	0	0	1.0	0.0	0.0	0.0	0	0	1.0	na	1	0	0	0	0	0	0	0	0	0	0	0
2	68000003	493438	81.0	3.64787470766e-05	4.45851353159e-05	4.05319411963e-05	32.0	13.0	45.0	0.422222222222	8.02222222222	0.00462068396336	33.0	12.0	45.0	0.466666666667	9.8	0.00174511869953	24.0	13.0	37.0	0.297297297297	3.27027027027	0.0705460004569	25.0	12.0	37.0	0.351351351351	4.56756756757	0.0325827983856	123	0	0	0	0	0	0	0	0	0	0	1	0
2	68500034	493082	13.0	3.04209036225e-06	9.12627108676e-06	6.0841807245e-06	9.0	0.0	9.0	1.0	0	1.0	9.0	0.0	9.0	1.0	0	1.0	2.0	2.0	4.0	0.0	0	1.0	2.0	2.0	4.0	0.0	0	1.0	na	1	0	0	0	0	0	0	0	0	0	0	0
2	69000168	492460	48.0	5.07655444097e-06	3.95971246396e-05	2.23368395403e-05	34.0	8.0	42.0	0.619047619048	16.0952380952	6.02353074229e-05	33.0	9.0	42.0	0.571428571429	13.7142857143	0.000212829419014	4.0	3.0	7.0	0.142857142857	0	1.0	3.0	4.0	7.0	-0.142857142857	0	1.0	na	1	0	0	0	0	0	0	0	0	0	0	0
2	69500055	493533	39.0	4.05241392166e-06	2.93800009321e-05	1.77293109073e-05	28.0	4.0	32.0	0.75	18.0	2.20904969986e-05	30.0	2.0	32.0	0.875	24.5	7.43098372391e-07	6.0	3.0	9.0	0.333333333333	0	1.0	8.0	1.0	9.0	0.777777777778	0	1.0	na	1	0	0	0	0	0	0	0	0	0	0	0
2	70000045	492736	16.0	1.01474217431e-06	1.52211326146e-05	8.11793739447e-06	15.0	0.0	15.0	1.0	15.0	0.000107511176729	15.0	0.0	15.0	1.0	15.0	0.000107511176729	1.0	0.0	1.0	1.0	0	1.0	1.0	0.0	1.0	1.0	0	1.0	na	1	0	0	0	0	0	0	0	0	0	0	0
2	70500067	491304	6.0	0.0	6.10619901324e-06	3.05309950662e-06	6.0	0.0	6.0	1.0	0	1.0	6.0	0.0	6.0	1.0	0	1.0	0.0	0.0	0.0	0	0	1.0	0.0	0.0	0.0	0	0	1.0	na	1	0	0	0	0	0	0	0	0	0	0	0
2	71000078	490724	19.0	2.03780536513e-06	1.01890268257e-05	6.1134160954e-06	11.0	0.0	11.0	1.0	11.0	0.000911118877154	11.0	0.0	11.0	1.0	11.0	0.000911118877154	3.0	5.0	8.0	-0.25	0	1.0	3.0	5.0	8.0	-0.25	0	1.0	na	1	0	0	0	0	0	0	0	0	0	0	0
2	71500121	492378	6.0	2.03095995353e-06	4.06191990706e-06	5.07739988383e-06	2.0	2.0	4.0	0.0	0	1.0	2.0	2.0	4.0	0.0	0	1.0	2.0	0.0	2.0	1.0	0	1.0	2.0	0.0	2.0	1.0	0	1.0	na	1	0	0	0	0	0	0	0	0	0	0	0
2	72000023	492905	42.0	1.01439425447e-06	3.95613759244e-05	2.13022793439e-05	38.0	2.0	40.0	0.9	32.4	1.25486474545e-08	37.0	3.0	40.0	0.85	28.9	7.62129129805e-08	2.0	1.0	3.0	0.333333333333	0	1.0	1.0	2.0	3.0	-0.333333333333	0	1.0	na	1	0	0	0	0	0	0	0	0	0	0	0
2	72500041	491946	51.0	1.93110625963e-05	3.04911514678e-05	2.59174787477e-05	23.0	8.0	31.0	0.483870967742	7.25806451613	0.00705833204853	22.0	9.0	31.0	0.41935483871	5.45161290323	0.0195502690929	12.0	9.0	21.0	0.142857142857	0.428571428571	0.512690760262	11.0	10.0	21.0	0.047619047619	0.047619047619	0.827259346563	none	0	1	0	0	0	0	0	0	0	0	0	0
2	73000154	493199	25.0	3.04136869702e-06	2.12895808791e-05	1.21654747881e-05	18.0	4.0	22.0	0.636363636364	8.90909090909	0.00283754488879	17.0	5.0	22.0	0.545454545455	6.54545454545	0.0105152459359	4.0	0.0	4.0	1.0	0	1.0	3.0	1.0	4.0	0.5	0	1.0	na	1	0	0	0	0	0	0	0	0	0	0	0
2	73500133	493098	22.0	1.31819638287e-05	8.11197774073e-06	1.16609680023e-05	6.0	3.0	9.0	0.333333333333	0	1.0	7.0	2.0	9.0	0.555555555556	0	1.0	5.0	9.0	14.0	-0.285714285714	1.14285714286	0.285049407403	6.0	8.0	14.0	-0.142857142857	0.285714285714	0.592980098017	na	1	0	0	0	0	0	0	0	0	0	0	0
2	74000115	492793	29.0	8.11699841516e-06	2.02924960379e-05	1.42047472265e-05	18.0	3.0	21.0	0.714285714286	10.7142857143	0.00106311491716	17.0	4.0	21.0	0.619047619048	8.04761904762	0.00455634980319	7.0	2.0	9.0	0.555555555556	0	1.0	6.0	3.0	9.0	0.333333333333	0	1.0	na	1	0	0	0	0	0	0	0	0	0	0	0
2	74500007	492295	20.0	3.04695355427e-06	1.11721630323e-05	9.14086066281e-06	8.0	8.0	16.0	0.0	0	1	12.0	4.0	16.0	0.5	4.0	0.0455002638964	1.0	7.0	8.0	-0.75	0	1.0	5.0	3.0	8.0	0.25	0	1.0	na	1	0	0	0	0	0	0	0	0	0	0	0
2	75000123	492758	16.0	5.07348434729e-06	1.01469686946e-05	7.61022652093e-06	8.0	3.0	11.0	0.454545454545	2.27272727273	0.131668016023	7.0	4.0	11.0	0.272727272727	0.818181818182	0.365712296282	5.0	1.0	6.0	0.666666666667	0	1.0	4.0	2.0	6.0	0.333333333333	0	1.0	na	1	0	0	0	0	0	0	0	0	0	0	0
2	75500067	492043	49.0	7.11319945615e-06	3.86145113334e-05	2.28638553948e-05	34.0	7.0	41.0	0.658536585366	17.7804878049	2.4791268595e-05	34.0	7.0	41.0	0.658536585366	17.7804878049	2.4791268595e-05	4.0	6.0	10.0	-0.2	0.4	0.527089256866	4.0	6.0	10.0	-0.2	0.4	0.527089256866	123	0	0	0	0	0	0	0	0	0	0	1	0
2	76000155	492679	17.0	4.05943829552e-06	1.31931744604e-05	8.62630637799e-06	11.0	2.0	13.0	0.692307692308	6.23076923077	0.012554918597	11.0	2.0	13.0	0.692307692308	6.23076923077	0.012554918597	3.0	1.0	4.0	0.5	0	1.0	3.0	1.0	4.0	0.5	0	1.0	na	1	0	0	0	0	0	0	0	0	0	0	0
2	76500143	492818	15.0	3.04371999399e-06	1.2174879976e-05	8.62387331632e-06	10.0	2.0	12.0	0.666666666667	5.33333333333	0.0209213353378	10.0	2.0	12.0	0.666666666667	5.33333333333	0.0209213353378	2.0	1.0	3.0	0.333333333333	0	1.0	2.0	1.0	3.0	0.333333333333	0	1.0	na	1	0	0	0	0	0	0	0	0	0	0	0
2	77000190	492338	0.0	0.0	0.0	0.0	0.0	0.0	0.0	0	0	1.0	0.0	0.0	0.0	0	0	1.0	0.0	0.0	0.0	0	0	1.0	0.0	0.0	0.0	0	0	1.0	na	1	0	0	0	0	0	0	0	0	0	0	0
2	77500116	492932	28.0	8.11470953397e-06	1.72437577597e-05	1.26792336468e-05	16.0	3.0	19.0	0.684210526316	8.89473684211	0.00285993820846	15.0	4.0	19.0	0.578947368421	6.36842105263	0.0116168914342	4.0	6.0	10.0	-0.2	0.4	0.527089256866	3.0	7.0	10.0	-0.4	1.6	0.205903210732	none	0	1	0	0	0	0	0	0	0	0	0	0
2	78000026	492863	56.0	1.42027297647e-05	3.75357858066e-05	2.78982191806e-05	40.0	2.0	42.0	0.904761904762	34.380952381	4.53136306255e-09	36.0	6.0	42.0	0.714285714286	21.4285714286	3.67257511424e-06	16.0	2.0	18.0	0.777777777778	10.8888888889	0.000967428450248	12.0	6.0	18.0	0.333333333333	2.0	0.15729920705	13	0	0	1	0	0	0	0	0	0	0	0	0
2	78500105	492628	23.0	3.0448939159e-06	1.42095049408e-05	8.62719942837e-06	11.0	9.0	20.0	0.1	0.2	0.654720846019	13.0	7.0	20.0	0.3	1.8	0.179712494879	1.0	4.0	5.0	-0.6	0	1.0	3.0	2.0	5.0	0.2	0	1.0	na	1	0	0	0	0	0	0	0	0	0	0	0
2	79000000	491279	13.0	9.1597646144e-06	3.05325487147e-06	6.10650974294e-06	1.0	2.0	3.0	-0.333333333333	0	1.0	1.0	2.0	3.0	-0.333333333333	0	1.0	9.0	1.0	10.0	0.8	6.4	0.011412036386	9.0	1.0	10.0	0.8	6.4	0.011412036386	na	1	0	0	0	0	0	0	0	0	0	0	0
2	79500229	492430	45.0	1.62459638933e-05	2.53843185834e-05	2.08151412383e-05	19.0	8.0	27.0	0.407407407407	4.48148148148	0.0342640077349	20.0	7.0	27.0	0.481481481481	6.25925925926	0.0123545850179	8.0	11.0	19.0	-0.157894736842	0.473684210526	0.491297124216	9.0	10.0	19.0	-0.0526315789474	0.0526315789474	0.818545808382	none	0	1	0	0	0	0	0	0	0	0	0	0
2	80000003	490573	7.0	1.0192163042e-06	5.096081521e-06	3.0576489126e-06	5.0	1.0	6.0	0.666666666667	0	1.0	4.0	2.0	6.0	0.333333333333	0	1.0	1.0	1.0	2.0	0.0	0	1.0	0.0	2.0	2.0	-1.0	0	1.0	na	1	0	0	0	0	0	0	0	0	0	0	0
2	80500003	490416	13.0	3.05862777723e-06	9.1758833317e-06	6.11725555447e-06	6.0	4.0	10.0	0.2	0.4	0.527089256866	5.0	5.0	10.0	0.0	0	1	3.0	1.0	4.0	0.5	0	1.0	2.0	2.0	4.0	0.0	0	1.0	na	1	0	0	0	0	0	0	0	0	0	0	0
2	81000020	490496	9.0	2.0387526096e-06	7.13563413361e-06	4.58719337161e-06	6.0	1.0	7.0	0.714285714286	0	1.0	6.0	1.0	7.0	0.714285714286	0	1.0	1.0	1.0	2.0	0.0	0	1.0	1.0	1.0	2.0	0.0	0	1.0	na	1	0	0	0	0	0	0	0	0	0	0	0
2	81500019	492119	33.0	8.12811535421e-06	2.23523172241e-05	1.52402162891e-05	21.0	3.0	24.0	0.75	13.5	0.000238563454029	19.0	5.0	24.0	0.583333333333	8.16666666667	0.00426672482218	10.0	1.0	11.0	0.818181818182	7.36363636364	0.00665560548295	8.0	3.0	11.0	0.454545454545	2.27272727273	0.131668016023	13	0	0	1	0	0	0	0	0	0	0	0	0
2	82000019	492567	28.0	6.09054199733e-06	2.23319873236e-05	1.42112646604e-05	17.0	5.0	22.0	0.545454545455	6.54545454545	0.0105152459359	17.0	5.0	22.0	0.545454545455	6.54545454545	0.0105152459359	3.0	3.0	6.0	0.0	0	1.0	3.0	3.0	6.0	0.0	0	1.0	na	1	0	0	0	0	0	0	0	0	0	0	0
2	82500005	490950	16.0	3.05530094714e-06	1.01843364905e-05	6.61981871881e-06	9.0	2.0	11.0	0.636363636364	4.45454545455	0.0348084788119	8.0	3.0	11.0	0.454545454545	2.27272727273	0.131668016023	5.0	1.0	6.0	0.666666666667	0	1.0	4.0	2.0	6.0	0.333333333333	0	1.0	na	1	0	0	0	0	0	0	0	0	0	0	0
2	83000017	490668	24.0	4.07607588023e-06	1.8342341461e-05	1.22282276407e-05	14.0	6.0	20.0	0.4	3.2	0.0736382701203	13.0	7.0	20.0	0.3	1.8	0.179712494879	4.0	1.0	5.0	0.6	0	1.0	3.0	2.0	5.0	0.2	0	1.0	na	1	0	0	0	0	0	0	0	0	0	0	0
2	83502414	493326	28.0	7.09470005635e-06	1.82435144306e-05	1.3682635823e-05	14.0	7.0	21.0	0.333333333333	2.33333333333	0.126630457948	17.0	4.0	21.0	0.619047619048	8.04761904762	0.00455634980319	5.0	5.0	10.0	0.0	0	1	8.0	2.0	10.0	0.6	3.6	0.0577795711236	na	1	0	0	0	0	0	0	0	0	0	0	0
2	84000072	489090	20.0	5.11153366456e-06	1.22676807949e-05	8.68960722975e-06	13.0	1.0	14.0	0.857142857143	10.2857142857	0.00134064111723	14.0	0.0	14.0	1.0	14.0	0.000182810632982	4.0	3.0	7.0	0.142857142857	0	1.0	5.0	2.0	7.0	0.428571428571	0	1.0	na	1	0	0	0	0	0	0	0	0	0	0	0
2	84500068	491994	19.0	5.08136278085e-06	1.42278157864e-05	9.65458928361e-06	9.0	5.0	14.0	0.285714285714	1.14285714286	0.285049407403	9.0	5.0	14.0	0.285714285714	1.14285714286	0.285049407403	4.0	1.0	5.0	0.6	0	1.0	4.0	1.0	5.0	0.6	0	1.0	na	1	0	0	0	0	0	0	0	0	0	0	0
2	85000065	491060	12.0	1.0182055146e-06	1.12002606606e-05	7.12743860221e-06	10.0	1.0	11.0	0.818181818182	7.36363636364	0.00665560548295	10.0	1.0	11.0	0.818181818182	7.36363636364	0.00665560548295	1.0	0.0	1.0	1.0	0	1.0	1.0	0.0	1.0	1.0	0	1.0	na	1	0	0	0	0	0	0	0	0	0	0	0
2	85426513	420749	13.0	1.18835695391e-06	1.42602834469e-05	7.7243202004e-06	9.0	3.0	12.0	0.5	3.0	0.0832645166636	9.0	3.0	12.0	0.5	3.0	0.0832645166636	0.0	1.0	1.0	-1.0	0	1.0	0.0	1.0	1.0	-1.0	0	1.0	na	1	0	0	0	0	0	0	0	0	0	0	0
