#chrom	pos	AAAAA	AAABA	AABAA	AABBA	ABAAA	ABABA	ABBAA	ABBBA	BAAAA	BAABA	BABAA	BABBA	BBAAA	BBABA	BBBAA	BBBBA
10	500069	491768	519	1440	15	1351	17	28	8	241	21	49	147	8	18	30	1277
10	1000098	492211	518	1296	14	1266	11	27	8	244	14	31	131	6	13	15	1087
10	1500007	492757	466	1289	13	1211	9	8	2	191	7	22	136	15	13	11	1120
10	2000110	492600	411	1321	9	1193	4	19	7	204	5	28	155	2	10	21	1171
10	2500087	492470	571	1487	33	1430	27	29	12	311	25	64	139	14	6	32	1224
10	3000068	492394	602	1406	37	1357	56	25	21	330	20	131	127	22	19	56	1230
10	3500035	492271	623	1416	42	1348	74	28	32	343	41	117	82	33	30	57	1184
10	4000147	491730	584	1250	44	1336	57	37	35	347	31	115	74	49	30	52	1382
10	4500069	491590	584	1230	37	1204	84	37	44	362	37	124	83	36	53	44	1440
10	5000163	492623	623	1309	31	1355	51	18	12	291	34	100	88	41	27	93	1096
10	5500003	491632	709	1467	46	1358	49	35	26	341	32	128	99	46	48	87	1086
10	6000049	492397	623	1231	17	1319	17	9	18	271	20	73	138	10	19	24	1247
10	6500020	491626	612	1362	49	1440	72	32	32	374	33	147	104	33	25	65	1166
10	7000008	492175	628	1340	46	1328	72	33	34	350	23	89	55	44	43	56	1130
10	7500084	491095	546	1283	29	1221	51	41	35	329	38	73	60	24	45	40	1179
10	8000401	492864	589	1390	25	1304	38	19	13	298	23	85	85	17	10	40	1176
10	8500108	492087	602	1409	18	1376	63	27	21	271	18	115	34	18	18	45	1455
10	9000099	491485	672	1443	39	1471	76	16	31	349	42	174	166	27	26	55	1174
10	9500051	492226	630	1413	24	1437	91	19	25	305	20	202	130	18	11	59	1051
10	10000013	492437	622	1489	67	1445	61	28	25	341	29	103	72	35	36	46	1036
10	10500022	492170	706	1476	33	1371	43	51	38	370	45	88	60	46	39	104	1197
10	11000024	492003	627	1379	65	1218	66	45	99	379	40	68	27	39	46	74	1080
10	11500049	491930	643	1445	79	1280	56	47	39	394	49	42	70	66	54	57	1090
10	12000154	492078	618	1464	63	1268	75	36	84	424	35	90	38	56	40	52	1063
10	12500068	492603	590	1402	36	1307	39	36	49	335	32	59	55	24	20	16	1108
10	13000024	492863	591	1484	20	1339	21	40	22	322	45	75	48	40	35	56	1139
10	13500036	491784	582	1301	44	1198	65	58	67	383	46	76	74	41	48	59	993
10	14000015	491789	687	1465	92	1298	88	45	66	400	37	105	69	57	35	47	1116
10	14500028	491127	717	1530	73	1485	102	64	65	484	104	108	68	55	95	74	1171
10	15000002	491180	744	1509	56	1305	76	97	64	438	55	93	53	70	62	119	1065
10	15500064	491318	685	1317	55	1484	73	47	60	403	34	154	133	43	43	74	1274
10	16001024	493519	507	1361	52	1288	48	28	43	303	25	92	100	26	21	67	996
10	16500109	485609	972	1897	155	1882	247	224	179	865	186	307	245	168	205	249	1544
10	17000005	492237	465	1279	32	1077	22	30	21	315	26	68	48	40	26	64	922
10	17500015	491870	437	1199	25	1011	30	23	23	218	35	25	31	30	41	67	1111
10	18000007	488708	745	1632	80	1345	67	63	35	445	59	88	83	167	119	154	1141
10	18500087	488417	638	1475	91	1335	85	88	71	387	69	102	83	89	68	100	1421
10	19000028	489178	707	1583	65	1321	103	74	44	377	56	182	97	68	57	189	1706
10	19500009	490167	763	1594	24	1486	55	57	33	382	44	166	100	46	38	125	1359
10	20000105	491476	512	1457	43	1235	44	43	31	257	34	74	60	44	44	79	1072
10	20500070	492265	501	1465	28	1222	50	43	44	279	32	49	24	48	44	84	821
10	21000038	491645	580	1522	53	1286	72	42	69	325	35	58	52	60	97	51	1070
10	21500160	490271	665	1535	89	1444	57	56	64	427	58	91	102	109	63	98	978
10	22000154	491274	664	1598	63	1568	29	57	47	352	30	62	71	85	57	88	1222
10	22500046	491093	665	1548	43	1396	56	62	29	335	34	109	72	62	44	87	1089
10	23000197	491627	706	1526	39	1372	29	70	34	364	38	40	20	54	35	94	1062
10	23500060	492227	561	1511	12	1316	22	42	24	297	19	64	34	27	26	61	1049
10	24000119	491678	567	1419	25	1329	34	29	12	254	10	76	49	26	19	77	1257
10	24500321	492200	580	1253	30	1243	23	40	30	312	20	39	53	45	28	62	1078
10	25000014	492055	499	1349	14	1190	21	16	17	247	7	26	16	11	6	18	1422
10	25500074	491932	616	1561	24	1382	45	32	66	392	34	48	48	34	14	57	1190
10	26000278	492484	596	1539	32	1327	25	45	24	314	50	39	32	53	69	45	819
10	26500037	492427	611	1433	51	1373	26	54	28	318	36	50	41	37	22	52	796
10	27000027	491834	603	1456	29	1314	25	25	47	348	21	37	25	38	31	68	986
10	27500100	492099	499	1416	32	1358	35	33	34	262	38	55	68	39	42	45	1155
10	28000029	491197	713	1619	63	1497	71	62	59	376	55	110	50	68	64	77	1146
10	28500016	492771	521	1468	32	1361	20	56	58	329	26	30	21	42	49	47	807
10	29000039	491702	665	1561	48	1376	36	52	25	363	27	44	45	86	44	157	1016
10	29500084	491736	718	1718	60	1457	57	44	46	425	37	68	50	73	50	93	1178
10	30000013	491577	796	1613	48	1489	45	92	47	405	56	76	75	45	51	187	1126
10	30500100	492178	676	1602	42	1432	63	76	51	383	30	113	42	57	31	142	1205
10	31000160	492732	649	1627	22	1413	39	35	21	321	17	77	35	38	20	127	1067
10	31500161	491019	693	1661	54	1541	69	84	74	427	41	125	88	54	41	100	1232
10	32000009	492052	727	1414	28	1185	36	56	23	334	30	41	33	49	32	138	1001
10	32500002	492455	656	1628	38	1402	83	55	49	424	36	87	40	56	50	77	829
10	33000045	491515	788	1691	71	1627	97	98	89	487	60	79	68	73	59	108	1008
10	33500029	492289	666	1493	41	1356	128	60	53	431	33	138	86	33	41	65	810
10	34000008	491409	676	1719	63	1514	90	54	64	447	55	83	81	52	63	47	1096
10	34500043	490299	792	1773	111	1561	71	89	79	547	81	88	96	96	51	115	1266
10	35000127	490859	730	1754	98	1622	80	81	67	505	50	123	97	89	62	106	1237
10	35500036	491577	744	1348	44	1269	38	84	28	393	64	79	64	55	30	113	1028
10	36000026	491571	680	1398	35	1222	47	62	33	404	31	62	55	61	57	117	1466
10	36500035	491311	721	1562	54	1490	93	62	48	463	93	86	101	73	112	67	1157
10	37000010	491163	707	1673	79	1425	99	88	100	558	83	76	67	82	105	73	1244
10	37500083	490664	868	1762	71	1535	106	86	69	481	81	124	76	78	108	97	1143
10	38000049	491327	654	1715	60	1465	139	54	75	450	66	120	76	57	67	80	1028
10	38500074	491816	724	1582	86	1482	71	74	68	432	87	69	85	64	89	83	843
10	39000026	492354	681	1602	91	1354	41	68	44	440	62	52	67	63	41	59	870
10	39500087	492415	588	1416	66	1332	90	54	56	345	64	80	87	51	47	47	1043
10	40000158	492324	612	1475	55	1325	91	49	74	471	53	58	41	61	39	69	920
10	40500038	491984	714	1500	56	1404	67	67	74	392	60	96	72	57	52	87	1044
10	41000012	491483	750	1606	49	1426	69	67	55	430	67	94	84	72	63	93	1248
10	41500198	492402	604	1443	30	1300	58	36	30	380	31	87	61	30	40	40	1185
10	42000026	491616	674	1580	50	1435	43	44	33	370	52	92	73	37	71	67	1138
10	42500072	492285	571	1570	49	1394	58	41	46	359	28	63	43	58	58	72	1326
10	43000154	493054	599	1470	22	1309	68	42	58	305	20	118	50	24	29	73	971
10	43500008	492688	587	1355	71	1268	27	28	35	348	31	51	57	62	37	54	793
10	44000043	492504	533	1471	72	1319	29	37	40	463	32	44	60	29	33	20	810
10	44500059	492724	601	1479	58	1393	62	55	63	344	23	46	54	44	22	51	909
10	45000042	492921	586	1330	18	1343	64	23	22	295	24	97	86	15	23	30	891
10	45500059	492494	579	1428	32	1378	83	22	19	267	27	82	64	25	30	19	917
10	46000116	492624	606	1587	35	1364	37	43	26	363	35	57	57	39	34	53	691
10	46500059	492925	632	1383	63	1198	30	38	21	272	28	65	42	50	30	56	703
10	47000017	492290	571	1283	31	1226	22	30	49	292	20	23	28	33	50	37	1048
10	47500027	492366	644	1514	52	1387	52	66	34	331	38	75	44	59	37	82	1107
10	48000314	492848	568	1445	47	1233	29	15	43	313	20	18	47	41	31	23	1467
10	48500028	491677	645	1707	59	1519	48	68	43	405	64	74	85	37	40	61	988
10	49000112	491852	658	1634	52	1514	47	70	47	371	58	101	69	57	51	67	1057
10	49500098	491509	637	1509	68	1454	55	45	19	325	43	126	110	55	31	74	1030
10	50000010	492195	596	1494	53	1252	58	24	37	337	31	40	27	46	34	40	956
10	50500017	492625	623	1422	48	1315	40	43	32	356	42	56	45	43	47	40	904
10	51000002	491794	676	1538	53	1451	76	122	73	447	52	107	60	52	59	91	972
10	51500052	491590	726	1542	79	1339	104	57	72	517	50	79	71	104	58	84	966
10	52000211	491859	734	1590	88	1335	91	75	103	504	54	94	102	92	77	101	910
10	52500291	491526	727	1393	99	1379	75	87	84	475	70	84	88	109	100	108	910
10	53000030	491355	681	1362	66	1263	105	53	72	438	58	75	67	65	64	63	1035
10	53500254	491744	667	1367	72	1329	100	61	61	429	78	83	91	51	72	54	1026
10	54000007	491092	699	1384	77	1239	94	90	98	475	64	62	53	69	85	113	1049
10	54500417	491995	655	1509	60	1307	150	82	92	470	51	127	50	68	63	90	1026
10	55000007	492470	601	1339	40	1262	42	46	32	362	33	45	64	49	35	39	862
10	55500067	492387	711	1450	34	1350	64	35	32	347	34	84	45	42	59	59	914
10	56000135	492456	684	1494	31	1289	65	63	47	372	49	58	31	39	49	51	936
10	56500078	492679	653	1485	54	1235	32	37	39	335	38	42	70	64	65	54	767
10	57000006	492354	724	1571	62	1303	71	69	58	452	42	95	76	57	59	68	787
10	57500000	492345	675	1471	79	1341	53	63	46	563	101	65	58	72	42	60	746
10	58000048	492259	705	1454	48	1321	76	64	66	397	25	82	52	64	42	62	857
10	58500178	493210	586	1417	51	1283	39	25	33	352	58	31	49	54	76	33	750
10	59000087	493137	614	1452	51	1191	22	78	48	353	33	31	29	44	63	58	632
10	59500052	492836	714	1471	45	1395	47	66	44	366	44	72	50	48	38	62	908
10	60000024	492256	676	1510	44	1395	105	27	54	487	45	115	69	42	51	59	911
10	60500005	492999	601	1650	66	1376	54	33	45	354	30	32	65	37	43	31	882
10	61000122	492488	600	1531	54	1371	53	31	41	402	43	51	42	65	38	81	931
10	61500010	492728	538	1278	25	1100	29	14	18	246	12	26	22	52	59	47	977
10	62000084	491374	571	1355	73	1257	37	53	30	339	51	42	83	68	45	51	1273
10	62500027	491529	654	1545	43	1362	40	60	33	372	51	49	101	54	56	55	1126
10	63000036	493479	576	1226	49	1110	29	21	18	231	16	40	55	53	22	29	865
10	63500108	492608	678	1375	26	1259	33	48	19	316	38	58	39	43	27	94	943
10	64000581	493232	623	1473	41	1364	52	40	33	397	55	71	59	57	29	53	745
10	64500010	491893	603	1414	45	1262	25	64	42	341	50	60	49	47	39	66	937
10	65000102	491686	648	1569	45	1411	66	57	90	408	48	56	29	59	46	163	837
10	65500009	492165	692	1621	57	1532	64	53	49	454	49	91	70	79	48	175	794
10	66000009	491602	720	1536	54	1388	67	61	79	412	70	83	86	71	66	50	972
10	66500017	491738	791	1561	64	1471	84	83	52	461	56	112	75	82	82	87	858
10	67000110	492001	705	1607	60	1492	70	96	77	469	64	112	95	85	52	125	788
10	67500024	490991	745	1562	87	1423	82	87	83	492	68	88	61	91	97	101	776
10	68000090	489363	848	1703	100	1569	133	80	63	465	87	195	132	91	115	131	1183
10	68500210	491384	705	1356	56	1261	78	55	37	420	61	89	71	73	76	67	847
10	69000025	490395	639	1319	60	1188	56	89	68	419	67	70	44	64	40	77	777
10	69331342	324647	421	917	45	826	65	59	38	289	38	91	54	36	57	45	742
