#chrom	pos	AAAAA	AAABA	AABAA	AABBA	ABAAA	ABABA	ABBAA	ABBBA	BAAAA	BAABA	BABAA	BABBA	BBAAA	BBABA	BBBAA	BBBBA
30	500125	492721	83	74	6	71	4	5	2	31	3	2	2	5	5	10	63
30	1000324	492538	39	29	0	13	0	0	1	9	1	2	1	1	1	8	22
30	1500200	493208	30	12	0	15	0	2	1	8	0	3	3	2	2	1	16
30	2000004	493036	51	39	2	26	3	2	2	23	0	2	2	3	1	2	25
30	2500001	493199	17	17	2	13	1	0	0	5	0	0	0	2	1	2	13
30	3000019	493615	42	21	0	28	0	1	0	21	2	0	1	3	1	6	32
30	3500109	494495	23	8	2	10	0	0	0	4	2	0	1	1	0	1	9
30	4000101	494039	5	2	2	0	0	0	0	0	0	0	0	0	0	0	0
30	4500034	494110	7	0	0	0	0	0	0	0	0	0	0	0	0	0	0
30	5000017	494084	20	22	0	23	0	2	0	15	0	0	1	1	2	1	10
30	5500063	493855	35	24	2	21	0	2	1	6	0	0	1	3	0	3	14
30	6000041	493304	22	14	1	14	0	0	0	0	0	0	3	0	0	0	12
30	6500103	493244	48	28	2	29	1	0	1	20	0	0	1	2	0	0	36
30	7000334	492765	39	25	0	23	0	3	0	13	0	0	2	2	0	1	34
30	7500067	492490	20	6	1	2	0	0	0	1	0	0	0	0	1	0	16
30	8000135	492869	14	7	0	6	1	0	0	2	0	0	0	0	0	0	7
30	8500150	492891	30	7	0	11	1	1	1	3	0	1	0	2	0	9	14
30	9000050	492714	6	2	0	3	0	0	0	0	0	0	0	0	0	0	2
30	9500022	493161	21	2	0	3	0	0	0	2	0	0	1	0	0	1	2
30	10000012	493483	38	17	0	20	2	1	0	15	1	5	0	0	0	0	13
30	10500087	493974	20	15	0	13	0	1	0	5	0	2	0	1	0	3	10
30	11000016	493339	23	9	0	13	0	2	0	2	1	2	1	2	1	1	1
30	11500013	493654	36	12	0	16	1	0	1	3	0	1	0	1	1	0	4
30	12000136	492756	8	1	0	1	0	0	2	4	0	0	0	0	0	0	2
30	12500036	492126	47	29	1	26	1	3	1	15	0	4	1	0	0	1	16
30	13000030	492983	25	18	3	21	0	1	1	9	1	0	0	0	0	0	14
30	13500088	492369	83	40	3	55	2	5	3	43	1	1	2	5	0	6	46
30	14000050	493295	2	0	0	0	0	0	0	0	0	0	0	0	0	0	0
30	14500009	492817	12	3	0	2	0	0	1	0	0	0	1	0	0	0	1
30	15000052	493561	3	7	0	7	0	1	0	5	1	0	0	0	0	0	5
30	15500018	492981	26	14	0	11	1	0	1	9	0	0	2	0	0	1	7
30	16000016	492669	66	21	0	24	2	0	0	30	1	3	1	0	2	3	26
30	16500182	493539	5	5	0	3	0	0	0	3	0	2	0	0	1	0	2
30	17000097	493012	31	11	2	4	2	0	0	2	0	0	0	0	0	1	4
30	17500335	493275	17	16	0	9	0	5	1	5	1	0	1	0	0	0	8
30	18000028	492094	23	3	2	12	0	1	1	7	0	0	0	0	1	0	14
30	18500204	493383	16	11	0	5	0	5	0	5	1	1	0	0	0	1	5
30	19000002	493974	16	23	0	17	1	1	2	22	0	0	0	0	2	1	21
30	19500001	493791	12	5	0	2	0	1	0	4	0	0	0	1	0	0	4
30	20000164	493791	5	7	0	8	0	0	1	4	0	1	0	0	0	0	4
30	20500159	493107	16	3	1	5	0	2	0	3	0	0	1	0	1	0	3
30	21000029	494209	19	3	0	9	0	1	0	1	1	0	2	1	1	1	3
30	21500039	494023	10	7	0	8	0	1	1	5	0	1	0	0	0	0	3
30	22000018	493267	34	8	0	16	1	2	0	10	0	3	1	4	1	2	21
30	22500086	493209	22	8	1	5	0	1	1	3	0	4	0	0	0	1	10
30	23000102	492301	7	3	1	4	1	1	1	4	0	0	1	0	2	0	2
30	23500205	492721	12	19	0	10	0	0	2	8	0	0	3	3	0	0	12
30	24000105	493409	4	2	0	1	0	0	0	0	1	0	0	0	1	0	1
30	24500055	492541	10	8	0	8	0	0	0	1	0	1	0	0	0	2	2
30	25000177	493565	10	7	0	11	2	1	2	8	0	0	0	0	0	0	10
30	25500063	493508	43	27	1	21	0	4	0	16	0	2	1	1	1	1	27
30	26000153	493189	21	6	1	9	2	0	0	5	1	1	0	0	1	1	4
30	26500003	493103	21	5	1	1	0	0	0	0	0	0	0	0	0	0	2
30	27000008	492946	20	3	0	7	3	0	0	6	0	1	0	0	0	1	11
30	27500019	492271	25	19	2	13	0	2	0	14	0	1	1	0	3	1	9
30	28000047	492503	30	10	0	15	0	0	2	4	0	1	0	1	0	2	3
30	28500023	492634	14	3	0	6	0	0	0	1	0	0	0	3	2	0	12
30	29000462	493867	12	6	0	4	0	1	0	1	1	1	2	0	0	0	1
30	29500160	492162	41	4	0	5	1	0	0	4	0	2	0	2	2	1	7
30	30000112	492443	38	10	0	8	1	0	0	3	2	0	0	0	0	1	5
30	30500007	492086	9	1	0	4	0	0	0	4	0	0	0	2	2	0	3
30	31000018	492262	9	9	0	6	4	0	2	2	0	0	0	0	0	0	2
30	31500101	492064	11	9	0	12	1	1	0	6	0	2	2	0	0	0	7
30	32000243	493544	8	4	0	3	0	2	0	2	1	0	0	0	1	0	3
30	32500035	492444	4	0	0	0	0	0	0	0	0	0	0	0	0	0	1
30	33000017	491712	16	6	1	8	0	4	0	2	1	2	0	0	1	1	7
30	33500071	491302	12	0	1	1	0	0	0	0	0	0	0	0	0	0	1
30	34000020	490930	2	4	0	2	0	0	0	1	0	0	0	0	0	0	1
30	34500118	491485	0	0	0	1	0	0	0	0	0	0	0	0	0	0	0
30	35000031	492370	22	12	2	8	1	0	1	10	2	0	1	0	0	1	10
30	35500190	492734	13	5	0	11	0	0	2	2	0	0	0	0	0	1	3
30	36000110	493103	30	11	0	11	0	1	0	5	0	0	1	0	0	3	7
30	36500016	492258	2	1	0	1	0	0	0	0	0	0	0	0	0	1	0
30	37000058	492874	13	4	0	7	0	0	0	6	0	1	0	1	0	0	5
30	37500030	491018	3	1	0	1	0	0	0	0	0	0	0	0	0	1	2
30	38000049	491402	8	6	0	11	0	1	0	2	0	0	0	0	1	0	3
30	38500015	492661	15	8	1	5	1	0	0	2	2	0	1	0	0	0	3
30	39000158	491427	3	0	0	0	1	0	0	1	0	0	0	0	0	0	0
30	39500008	492044	33	22	0	25	1	1	1	16	0	0	0	0	0	1	25
30	40000075	492106	15	3	0	5	0	0	0	3	0	0	0	0	0	1	5
30	40213931	210805	22	2	0	3	0	0	0	0	1	1	1	0	1	0	0
