#chrom	coord	total	dtotal	T12	T34	T1234	DFO_left	DFO_right	DFO_total	DFO_stat	DFO_chisq	DFO_Pvalue	DIL_left	DIL_right	DIL_total	DIL_stat	DIL_chisq	DIL_Pvalue	DFI_left	DFI_right	DFI_total	DFI_stat	DFI_chisq	DFI_Pvalue	DOL_left	DOL_right	DOL_total	DOL_stat	DOL_chisq	DOL_Pvalue	introgression	introgna	intrognone	introg13	introg14	introg23	introg24	introg31	introg41	introg32	introg42	introg123	introg124
16	500370	488051	202.0	6.35179520173e-05	0.000107570725191	8.96422709922e-05	82.0	50.0	132.0	0.242424242424	7.75757575758	0.00534877052048	84.0	48.0	132.0	0.272727272727	9.81818181818	0.00172795077417	39.0	47.0	86.0	-0.093023255814	0.744186046512	0.388323228979	41.0	45.0	86.0	-0.046511627907	0.186046511628	0.66622764541	123	0	0	0	0	0	0	0	0	0	0	1	0
16	1000017	491098	39.0	8.14501382616e-06	2.44350414785e-05	1.73081543806e-05	20.0	9.0	29.0	0.379310344828	4.1724137931	0.0410872245278	18.0	11.0	29.0	0.241379310345	1.68965517241	0.193646431269	12.0	2.0	14.0	0.714285714286	7.14285714286	0.00752631516646	10.0	4.0	14.0	0.428571428571	2.57142857143	0.108809430041	none	0	1	0	0	0	0	0	0	0	0	0	0
16	1500004	491073	25.0	6.10907136006e-06	1.52726784002e-05	1.06908748801e-05	14.0	4.0	18.0	0.555555555556	5.55555555556	0.0184221254541	13.0	5.0	18.0	0.444444444444	3.55555555556	0.0593464387919	6.0	4.0	10.0	0.2	0.4	0.527089256866	5.0	5.0	10.0	0.0	0	1	na	1	0	0	0	0	0	0	0	0	0	0	0
16	2000004	489402	119.0	3.47362699785e-05	7.2537504955e-05	5.67018524648e-05	59.0	22.0	81.0	0.456790123457	16.9012345679	3.93759643632e-05	58.0	23.0	81.0	0.432098765432	15.1234567901	0.000100704205854	31.0	14.0	45.0	0.377777777778	6.42222222222	0.0112701048493	30.0	15.0	45.0	0.333333333333	5.0	0.0253473186775	123	0	0	0	0	0	0	0	0	0	0	1	0
16	2500023	492989	17.0	5.07110706324e-06	9.12799271383e-06	7.09954988854e-06	5.0	7.0	12.0	-0.166666666667	0.333333333333	0.563702861651	7.0	5.0	12.0	0.166666666667	0.333333333333	0.563702861651	2.0	5.0	7.0	-0.428571428571	0	1.0	4.0	3.0	7.0	0.142857142857	0	1.0	na	1	0	0	0	0	0	0	0	0	0	0	0
16	3000142	493321	49.0	7.09477196389e-06	3.85144763754e-05	2.38181630216e-05	27.0	15.0	42.0	0.285714285714	3.42857142857	0.0640775064511	27.0	15.0	42.0	0.285714285714	3.42857142857	0.0640775064511	7.0	2.0	9.0	0.555555555556	0	1.0	7.0	2.0	9.0	0.555555555556	0	1.0	na	1	0	0	0	0	0	0	0	0	0	0	0
16	3500016	492955	53.0	1.72429532107e-05	3.04287409601e-05	2.78930125468e-05	24.0	12.0	36.0	0.333333333333	4.0	0.0455002638964	25.0	11.0	36.0	0.388888888889	5.44444444444	0.0196306572573	11.0	9.0	20.0	0.1	0.2	0.654720846019	12.0	8.0	20.0	0.2	0.8	0.371093369523	none	0	1	0	0	0	0	0	0	0	0	0	0
16	4000172	493580	4.0	2.02601402002e-06	2.02601402002e-06	3.03902103003e-06	2.0	0.0	2.0	1.0	0	1.0	2.0	0.0	2.0	1.0	0	1.0	2.0	0.0	2.0	1.0	0	1.0	2.0	0.0	2.0	1.0	0	1.0	na	1	0	0	0	0	0	0	0	0	0	0	0
16	4500059	493505	62.0	1.82368972959e-05	3.85001165135e-05	3.03948288265e-05	28.0	14.0	42.0	0.333333333333	4.66666666667	0.0307535612593	29.0	13.0	42.0	0.380952380952	6.09523809524	0.0135546660648	11.0	12.0	23.0	-0.0434782608696	0.0434782608696	0.834827329185	12.0	11.0	23.0	0.0434782608696	0.0434782608696	0.834827329185	none	0	1	0	0	0	0	0	0	0	0	0	0
16	5000112	493382	32.0	1.01341354164e-05	1.92548572911e-05	1.46944963537e-05	17.0	5.0	22.0	0.545454545455	6.54545454545	0.0105152459359	15.0	7.0	22.0	0.363636363636	2.90909090909	0.0880815116622	9.0	3.0	12.0	0.5	3.0	0.0832645166636	7.0	5.0	12.0	0.166666666667	0.333333333333	0.563702861651	none	0	1	0	0	0	0	0	0	0	0	0	0
16	5500092	493408	69.0	2.73607237823e-05	3.64809650431e-05	3.29342045528e-05	19.0	21.0	40.0	-0.05	0.1	0.751829634046	20.0	20.0	40.0	0.0	0	1	17.0	13.0	30.0	0.133333333333	0.533333333333	0.465208818452	18.0	12.0	30.0	0.2	1.2	0.273321678292	na	1	0	0	0	0	0	0	0	0	0	0	0
16	6000237	492996	127.0	4.36109015083e-05	7.4037111863e-05	6.08524207093e-05	40.0	41.0	81.0	-0.0123456790123	0.0123456790123	0.911528237909	37.0	44.0	81.0	-0.0864197530864	0.604938271605	0.436700030723	30.0	21.0	51.0	0.176470588235	1.58823529412	0.207578442336	27.0	24.0	51.0	0.0588235294118	0.176470588235	0.674424072235	none	0	1	0	0	0	0	0	0	0	0	0	0
16	6500204	493038	21.0	1.01412061545e-06	2.0282412309e-05	1.16623870777e-05	16.0	4.0	20.0	0.6	7.2	0.00729035809154	16.0	4.0	20.0	0.6	7.2	0.00729035809154	1.0	0.0	1.0	1.0	0	1.0	1.0	0.0	1.0	1.0	0	1.0	na	1	0	0	0	0	0	0	0	0	0	0	0
16	7000048	492797	19.0	4.05846626501e-06	1.52192484938e-05	1.16680905119e-05	10.0	5.0	15.0	0.333333333333	1.66666666667	0.196705602459	10.0	5.0	15.0	0.333333333333	1.66666666667	0.196705602459	2.0	2.0	4.0	0.0	0	1.0	2.0	2.0	4.0	0.0	0	1.0	na	1	0	0	0	0	0	0	0	0	0	0	0
16	7500080	493107	46.0	1.92655954996e-05	2.53494677626e-05	2.33215103416e-05	21.0	6.0	27.0	0.555555555556	8.33333333333	0.00389241712278	20.0	7.0	27.0	0.481481481481	6.25925925926	0.0123545850179	12.0	8.0	20.0	0.2	0.8	0.371093369523	11.0	9.0	20.0	0.1	0.2	0.654720846019	none	0	1	0	0	0	0	0	0	0	0	0	0
16	8000030	492479	8.0	1.01527171717e-06	6.09163030302e-06	3.55345101009e-06	4.0	3.0	7.0	0.142857142857	0	1.0	5.0	2.0	7.0	0.428571428571	0	1.0	1.0	1.0	2.0	0.0	0	1.0	2.0	0.0	2.0	1.0	0	1.0	na	1	0	0	0	0	0	0	0	0	0	0	0
16	8500114	492814	85.0	1.62333050603e-05	5.58019861449e-05	3.90613903014e-05	61.0	7.0	68.0	0.794117647059	42.8823529412	5.81327208593e-11	55.0	13.0	68.0	0.617647058824	25.9411764706	3.51980560032e-07	15.0	10.0	25.0	0.2	1.0	0.317310507863	9.0	16.0	25.0	-0.28	1.96	0.161513318468	123	0	0	0	0	0	0	0	0	0	0	1	0
16	9000187	493225	29.0	5.06868062243e-06	2.12884586142e-05	1.31785696183e-05	14.0	10.0	24.0	0.166666666667	0.666666666667	0.414216178243	17.0	7.0	24.0	0.416666666667	4.16666666667	0.0412268333372	3.0	5.0	8.0	-0.25	0	1.0	6.0	2.0	8.0	0.5	0	1.0	na	1	0	0	0	0	0	0	0	0	0	0	0
16	9500009	493391	15.0	2.0267901117e-06	1.11473456143e-05	8.61385797471e-06	10.0	1.0	11.0	0.818181818182	7.36363636364	0.00665560548295	10.0	1.0	11.0	0.818181818182	7.36363636364	0.00665560548295	2.0	2.0	4.0	0.0	0	1.0	2.0	2.0	4.0	0.0	0	1.0	na	1	0	0	0	0	0	0	0	0	0	0	0
16	10000003	493117	41.0	4.05583259145e-06	3.44745770274e-05	2.02791629573e-05	32.0	4.0	36.0	0.777777777778	21.7777777778	3.06125347305e-06	32.0	4.0	36.0	0.777777777778	21.7777777778	3.06125347305e-06	1.0	4.0	5.0	-0.6	0	1.0	1.0	4.0	5.0	-0.6	0	1.0	na	1	0	0	0	0	0	0	0	0	0	0	0
16	10500016	489522	64.0	1.94066865228e-05	3.37063502764e-05	2.75779229534e-05	24.0	17.0	41.0	0.170731707317	1.19512195122	0.274298827396	27.0	14.0	41.0	0.317073170732	4.12195121951	0.0423302291214	12.0	16.0	28.0	-0.142857142857	0.571428571429	0.449691797969	15.0	13.0	28.0	0.0714285714286	0.142857142857	0.705456986111	none	0	1	0	0	0	0	0	0	0	0	0	0
16	11000133	491257	58.0	2.84983216524e-05	2.54449300468e-05	2.79894230515e-05	11.0	17.0	28.0	-0.214285714286	1.28571428571	0.256839257958	10.0	18.0	28.0	-0.285714285714	2.28571428571	0.130570018116	17.0	14.0	31.0	0.0967741935484	0.290322580645	0.590013887163	16.0	15.0	31.0	0.0322580645161	0.0322580645161	0.857462441959	none	0	1	0	0	0	0	0	0	0	0	0	0
16	11500242	493297	23.0	2.02717632582e-06	2.02717632582e-05	1.1149469792e-05	15.0	6.0	21.0	0.428571428571	3.85714285714	0.0495346134356	15.0	6.0	21.0	0.428571428571	3.85714285714	0.0495346134356	2.0	0.0	2.0	1.0	0	1.0	2.0	0.0	2.0	1.0	0	1.0	na	1	0	0	0	0	0	0	0	0	0	0	0
16	12000125	492959	57.0	2.33285121075e-05	2.94142109181e-05	2.8399927783e-05	18.0	14.0	32.0	0.125	0.5	0.479500122187	19.0	13.0	32.0	0.1875	1.125	0.288844366346	17.0	11.0	28.0	0.214285714286	1.28571428571	0.256839257958	18.0	10.0	28.0	0.285714285714	2.28571428571	0.130570018116	none	0	1	0	0	0	0	0	0	0	0	0	0
16	12500001	492442	108.0	3.2491136012e-05	6.59976200243e-05	5.22904220192e-05	36.0	37.0	73.0	-0.013698630137	0.013698630137	0.90682744679	38.0	35.0	73.0	0.041095890411	0.123287671233	0.725495742341	18.0	23.0	41.0	-0.121951219512	0.609756097561	0.434879658496	20.0	21.0	41.0	-0.0243902439024	0.0243902439024	0.875896057923	none	0	1	0	0	0	0	0	0	0	0	0	0
16	13000040	493373	34.0	7.0940241967e-06	2.53358007025e-05	1.62149124496e-05	19.0	8.0	27.0	0.407407407407	4.48148148148	0.0342640077349	21.0	6.0	27.0	0.555555555556	8.33333333333	0.00389241712278	6.0	3.0	9.0	0.333333333333	0	1.0	8.0	1.0	9.0	0.777777777778	0	1.0	na	1	0	0	0	0	0	0	0	0	0	0	0
16	13500005	492638	84.0	2.74034889716e-05	5.17621458353e-05	4.26276495114e-05	32.0	23.0	55.0	0.163636363636	1.47272727273	0.224915884016	33.0	22.0	55.0	0.2	2.2	0.138010737569	19.0	13.0	32.0	0.1875	1.125	0.288844366346	20.0	12.0	32.0	0.25	2.0	0.15729920705	none	0	1	0	0	0	0	0	0	0	0	0	0
16	14000029	488514	144.0	4.40110211785e-05	9.00690665979e-05	6.80635560086e-05	73.0	26.0	99.0	0.474747474747	22.3131313131	2.31617353164e-06	70.0	29.0	99.0	0.414141414141	16.9797979798	3.77796727853e-05	35.0	15.0	50.0	0.4	8.0	0.00467773498105	32.0	18.0	50.0	0.28	3.92	0.0477148802374	13	0	0	1	0	0	0	0	0	0	0	0	0
16	14500096	492181	83.0	2.74289336646e-05	4.97784351692e-05	3.96195708489e-05	34.0	18.0	52.0	0.307692307692	4.92307692308	0.0265002806025	34.0	18.0	52.0	0.307692307692	4.92307692308	0.0265002806025	18.0	15.0	33.0	0.0909090909091	0.272727272727	0.601508134441	18.0	15.0	33.0	0.0909090909091	0.272727272727	0.601508134441	none	0	1	0	0	0	0	0	0	0	0	0	0
16	15000037	492592	31.0	5.07519407542e-06	2.4360931562e-05	1.57331016338e-05	20.0	6.0	26.0	0.538461538462	7.53846153846	0.00603955904866	18.0	8.0	26.0	0.384615384615	3.84615384615	0.0498602037569	4.0	3.0	7.0	0.142857142857	0	1.0	2.0	5.0	7.0	-0.428571428571	0	1.0	na	1	0	0	0	0	0	0	0	0	0	0	0
16	15500194	493290	47.0	7.09521782319e-06	3.64896916621e-05	2.17924547426e-05	30.0	10.0	40.0	0.5	10.0	0.001565402258	32.0	8.0	40.0	0.6	14.4	0.000147802310334	3.0	6.0	9.0	-0.333333333333	0	1.0	5.0	4.0	9.0	0.111111111111	0	1.0	na	1	0	0	0	0	0	0	0	0	0	0	0
16	16000017	492624	16.0	2.02994575985e-06	1.42096203189e-05	8.1197830394e-06	10.0	4.0	14.0	0.428571428571	2.57142857143	0.108809430041	10.0	4.0	14.0	0.428571428571	2.57142857143	0.108809430041	1.0	1.0	2.0	0.0	0	1.0	1.0	1.0	2.0	0.0	0	1.0	na	1	0	0	0	0	0	0	0	0	0	0	0
16	16500294	493348	35.0	3.04045014878e-06	3.24314682536e-05	1.87494425841e-05	23.0	9.0	32.0	0.4375	6.125	0.0133283287808	23.0	9.0	32.0	0.4375	6.125	0.0133283287808	3.0	0.0	3.0	1.0	0	1.0	3.0	0.0	3.0	1.0	0	1.0	na	1	0	0	0	0	0	0	0	0	0	0	0
16	17000120	491775	85.0	3.55853794927e-05	4.57526307763e-05	4.06690051345e-05	30.0	18.0	48.0	0.25	3.0	0.0832645166636	29.0	19.0	48.0	0.208333333333	2.08333333333	0.148914673179	21.0	19.0	40.0	0.05	0.1	0.751829634046	20.0	20.0	40.0	0.0	0	1	na	1	0	0	0	0	0	0	0	0	0	0	0
16	17500151	491883	51.0	1.32145245922e-05	3.76105699933e-05	2.54125472928e-05	24.0	13.0	37.0	0.297297297297	3.27027027027	0.0705460004569	24.0	13.0	37.0	0.297297297297	3.27027027027	0.0705460004569	9.0	5.0	14.0	0.285714285714	1.14285714286	0.285049407403	9.0	5.0	14.0	0.285714285714	1.14285714286	0.285049407403	none	0	1	0	0	0	0	0	0	0	0	0	0
16	18000034	491958	72.0	2.6425020022e-05	4.0653876957e-05	3.35394484895e-05	20.0	25.0	45.0	-0.111111111111	0.555555555556	0.45605654025	21.0	24.0	45.0	-0.0666666666667	0.2	0.654720846019	15.0	15.0	30.0	0.0	0	1	16.0	14.0	30.0	0.0666666666667	0.133333333333	0.715000654688	na	1	0	0	0	0	0	0	0	0	0	0	0
16	18500060	492194	29.0	1.42220344011e-05	1.11744556008e-05	1.2698245001e-05	10.0	4.0	14.0	0.428571428571	2.57142857143	0.108809430041	13.0	1.0	14.0	0.857142857143	10.2857142857	0.00134064111723	11.0	7.0	18.0	0.222222222222	0.888888888889	0.345778586151	14.0	4.0	18.0	0.555555555556	5.55555555556	0.0184221254541	none	0	1	0	0	0	0	0	0	0	0	0	0
16	19000070	492445	23.0	1.01534181482e-05	1.01534181482e-05	1.21841017779e-05	8.0	4.0	12.0	0.333333333333	1.33333333333	0.24821307899	7.0	5.0	12.0	0.166666666667	0.333333333333	0.563702861651	10.0	2.0	12.0	0.666666666667	5.33333333333	0.0209213353378	9.0	3.0	12.0	0.5	3.0	0.0832645166636	none	0	1	0	0	0	0	0	0	0	0	0	0
16	19500061	492584	53.0	1.62408848034e-05	3.3496824907e-05	2.58839101554e-05	28.0	8.0	36.0	0.555555555556	11.1111111111	0.000858120666394	29.0	7.0	36.0	0.611111111111	13.4444444444	0.00024573277993	10.0	8.0	18.0	0.111111111111	0.222222222222	0.637351888234	11.0	7.0	18.0	0.222222222222	0.888888888889	0.345778586151	123	0	0	0	0	0	0	0	0	0	0	1	0
16	20000068	492176	22.0	3.04769025714e-06	1.11748642762e-05	8.12717401905e-06	9.0	10.0	19.0	-0.0526315789474	0.0526315789474	0.818545808382	10.0	9.0	19.0	0.0526315789474	0.0526315789474	0.818545808382	5.0	3.0	8.0	0.25	0	1.0	6.0	2.0	8.0	0.5	0	1.0	na	1	0	0	0	0	0	0	0	0	0	0	0
16	20500005	491074	66.0	2.95271181125e-05	3.35998240591e-05	3.25816475725e-05	19.0	17.0	36.0	0.0555555555556	0.111111111111	0.738882680364	19.0	17.0	36.0	0.0555555555556	0.111111111111	0.738882680364	21.0	11.0	32.0	0.3125	3.125	0.0770998717435	21.0	11.0	32.0	0.3125	3.125	0.0770998717435	none	0	1	0	0	0	0	0	0	0	0	0	0
16	21000034	491725	124.0	4.06731404749e-05	7.82957954141e-05	6.66022675276e-05	62.0	20.0	82.0	0.512195121951	21.512195122	3.51585677916e-06	62.0	20.0	82.0	0.512195121951	21.512195122	3.51585677916e-06	23.0	23.0	46.0	0.0	0	1	23.0	23.0	46.0	0.0	0	1	na	1	0	0	0	0	0	0	0	0	0	0	0
16	21500073	491200	243.0	8.55048859935e-05	0.000136400651466	0.000115024429967	94.0	60.0	154.0	0.220779220779	7.50649350649	0.00614769407134	86.0	68.0	154.0	0.116883116883	2.1038961039	0.146924340362	72.0	29.0	101.0	0.425742574257	18.3069306931	1.8802188047e-05	64.0	37.0	101.0	0.267326732673	7.21782178218	0.00721832481385	31	0	0	0	0	0	0	1	0	0	0	0	0
16	22000204	493467	91.0	3.54633643182e-05	5.0661949026e-05	4.61023736136e-05	33.0	23.0	56.0	0.178571428571	1.78571428571	0.181449207721	30.0	26.0	56.0	0.0714285714286	0.285714285714	0.592980098017	27.0	13.0	40.0	0.35	4.9	0.0268566955075	24.0	16.0	40.0	0.2	1.6	0.205903210732	none	0	1	0	0	0	0	0	0	0	0	0	0
16	22500370	492956	85.0	2.94143899253e-05	4.86858867729e-05	3.90501383491e-05	36.0	18.0	54.0	0.333333333333	6.0	0.0143058784354	36.0	18.0	54.0	0.333333333333	6.0	0.0143058784354	19.0	16.0	35.0	0.0857142857143	0.257142857143	0.612089880089	19.0	16.0	35.0	0.0857142857143	0.257142857143	0.612089880089	none	0	1	0	0	0	0	0	0	0	0	0	0
16	23000097	492237	166.0	5.2820084634e-05	9.54824606846e-05	7.6182814376e-05	73.0	37.0	110.0	0.327272727273	11.7818181818	0.000598120368904	76.0	34.0	110.0	0.381818181818	16.0363636364	6.21375210464e-05	37.0	28.0	65.0	0.138461538462	1.24615384615	0.264288345226	40.0	25.0	65.0	0.230769230769	3.46153846154	0.0628118475161	123	0	0	0	0	0	0	0	0	0	0	1	0
16	23500164	493336	89.0	2.63512089124e-05	5.77699580002e-05	4.20605834563e-05	42.0	18.0	60.0	0.4	9.6	0.00194577369374	40.0	20.0	60.0	0.333333333333	6.66666666667	0.00982327450752	22.0	9.0	31.0	0.41935483871	5.45161290323	0.0195502690929	20.0	11.0	31.0	0.290322580645	2.61290322581	0.105997548425	123	0	0	0	0	0	0	0	0	0	0	1	0
16	24000073	492745	32.0	1.11619600402e-05	2.02944728003e-05	1.57282164203e-05	18.0	3.0	21.0	0.714285714286	10.7142857143	0.00106311491716	18.0	3.0	21.0	0.714285714286	10.7142857143	0.00106311491716	6.0	5.0	11.0	0.0909090909091	0.0909090909091	0.763024600553	6.0	5.0	11.0	0.0909090909091	0.0909090909091	0.763024600553	123	0	0	0	0	0	0	0	0	0	0	1	0
16	24500066	492927	60.0	2.02869796136e-05	3.34735163625e-05	2.6880247988e-05	28.0	11.0	39.0	0.435897435897	7.41025641026	0.00648530797067	27.0	12.0	39.0	0.384615384615	5.76923076923	0.0163091718778	19.0	7.0	26.0	0.461538461538	5.53846153846	0.0186029299011	18.0	8.0	26.0	0.384615384615	3.84615384615	0.0498602037569	none	0	1	0	0	0	0	0	0	0	0	0	0
16	25000021	493053	21.0	3.04226928951e-06	1.52113464475e-05	9.12680786853e-06	12.0	5.0	17.0	0.411764705882	2.88235294118	0.0895550744136	13.0	4.0	17.0	0.529411764706	4.76470588235	0.0290490221619	3.0	2.0	5.0	0.2	0	1.0	4.0	1.0	5.0	0.6	0	1.0	na	1	0	0	0	0	0	0	0	0	0	0	0
16	25500015	492466	72.0	2.23365673975e-05	4.16272392409e-05	3.70583959096e-05	30.0	16.0	46.0	0.304347826087	4.26086956522	0.0389999530124	29.0	17.0	46.0	0.260869565217	3.13043478261	0.0768432440337	13.0	16.0	29.0	-0.103448275862	0.310344827586	0.577468662427	12.0	17.0	29.0	-0.172413793103	0.862068965517	0.353160353316	none	0	1	0	0	0	0	0	0	0	0	0	0
16	26000121	493347	57.0	1.11483398095e-05	4.56068446752e-05	3.24315339913e-05	37.0	9.0	46.0	0.608695652174	17.0434782609	3.65336316503e-05	38.0	8.0	46.0	0.652173913043	19.5652173913	9.72232145302e-06	8.0	4.0	12.0	0.333333333333	1.33333333333	0.24821307899	9.0	3.0	12.0	0.5	3.0	0.0832645166636	123	0	0	0	0	0	0	0	0	0	0	1	0
16	26500001	493322	150.0	6.99340390252e-05	6.89205022278e-05	7.65220282088e-05	47.0	33.0	80.0	0.175	2.45	0.117524868097	48.0	32.0	80.0	0.2	3.2	0.0736382701203	44.0	35.0	79.0	0.113924050633	1.0253164557	0.311261241734	45.0	34.0	79.0	0.139240506329	1.53164556962	0.215865642006	none	0	1	0	0	0	0	0	0	0	0	0	0
16	27000441	493841	24.0	3.03741487645e-06	2.02494325097e-05	1.26558953185e-05	15.0	6.0	21.0	0.428571428571	3.85714285714	0.0495346134356	15.0	6.0	21.0	0.428571428571	3.85714285714	0.0495346134356	3.0	0.0	3.0	1.0	0	1.0	3.0	0.0	3.0	1.0	0	1.0	na	1	0	0	0	0	0	0	0	0	0	0	0
16	27500114	493574	61.0	9.11717391921e-06	4.65988889204e-05	2.78580314198e-05	43.0	9.0	52.0	0.653846153846	22.2307692308	2.41768131326e-06	41.0	11.0	52.0	0.576923076923	17.3076923077	3.17897376174e-05	7.0	4.0	11.0	0.272727272727	0.818181818182	0.365712296282	5.0	6.0	11.0	-0.0909090909091	0.0909090909091	0.763024600553	123	0	0	0	0	0	0	0	0	0	0	1	0
16	28000211	493408	26.0	8.1068811207e-06	1.72271223815e-05	1.36803618912e-05	14.0	4.0	18.0	0.555555555556	5.55555555556	0.0184221254541	14.0	4.0	18.0	0.555555555556	5.55555555556	0.0184221254541	7.0	1.0	8.0	0.75	0	1.0	7.0	1.0	8.0	0.75	0	1.0	na	1	0	0	0	0	0	0	0	0	0	0	0
16	28500282	492652	20.0	9.13423674318e-06	7.1044063558e-06	9.13423674318e-06	5.0	6.0	11.0	-0.0909090909091	0.0909090909091	0.763024600553	6.0	5.0	11.0	0.0909090909091	0.0909090909091	0.763024600553	5.0	7.0	12.0	-0.166666666667	0.333333333333	0.563702861651	6.0	6.0	12.0	0.0	0	1	na	1	0	0	0	0	0	0	0	0	0	0	0
16	29000082	492025	103.0	3.96321325136e-05	5.69076774554e-05	4.92861135105e-05	38.0	24.0	62.0	0.225806451613	3.16129032258	0.0754035628713	38.0	24.0	62.0	0.225806451613	3.16129032258	0.0754035628713	27.0	18.0	45.0	0.2	1.8	0.179712494879	27.0	18.0	45.0	0.2	1.8	0.179712494879	none	0	1	0	0	0	0	0	0	0	0	0	0
16	29500004	492810	30.0	1.01458980134e-05	1.62334368215e-05	1.31896674175e-05	15.0	4.0	19.0	0.578947368421	6.36842105263	0.0116168914342	14.0	5.0	19.0	0.473684210526	4.26315789474	0.038947455742	11.0	3.0	14.0	0.571428571429	4.57142857143	0.0325094446457	10.0	4.0	14.0	0.428571428571	2.57142857143	0.108809430041	none	0	1	0	0	0	0	0	0	0	0	0	0
16	30000208	493276	73.0	1.72317323365e-05	4.76406717537e-05	3.24362020451e-05	36.0	18.0	54.0	0.333333333333	6.0	0.0143058784354	34.0	20.0	54.0	0.259259259259	3.62962962963	0.056759446386	17.0	8.0	25.0	0.36	3.24	0.0718606382259	15.0	10.0	25.0	0.2	1.0	0.317310507863	none	0	1	0	0	0	0	0	0	0	0	0	0
16	30500029	491957	89.0	2.84577717158e-05	5.38664964621e-05	4.31948320687e-05	42.0	18.0	60.0	0.4	9.6	0.00194577369374	44.0	16.0	60.0	0.466666666667	13.0666666667	0.000300597607441	21.0	14.0	35.0	0.2	1.4	0.236723570638	23.0	12.0	35.0	0.314285714286	3.45714285714	0.0629790512145	123	0	0	0	0	0	0	0	0	0	0	1	0
16	31000153	492924	33.0	9.12919638727e-06	2.23158133911e-05	1.67368600433e-05	19.0	5.0	24.0	0.583333333333	8.16666666667	0.00426672482218	17.0	7.0	24.0	0.416666666667	4.16666666667	0.0412268333372	9.0	2.0	11.0	0.636363636364	4.45454545455	0.0348084788119	7.0	4.0	11.0	0.272727272727	0.818181818182	0.365712296282	none	0	1	0	0	0	0	0	0	0	0	0	0
16	31500365	493037	54.0	1.31835947404e-05	3.95507842211e-05	2.63671894807e-05	26.0	15.0	41.0	0.268292682927	2.9512195122	0.0858127806506	26.0	15.0	41.0	0.268292682927	2.9512195122	0.0858127806506	8.0	5.0	13.0	0.230769230769	0.692307692308	0.405380556459	8.0	5.0	13.0	0.230769230769	0.692307692308	0.405380556459	none	0	1	0	0	0	0	0	0	0	0	0	0
16	32000086	492864	35.0	5.07239319569e-06	2.84054018959e-05	1.97823334632e-05	20.0	8.0	28.0	0.428571428571	5.14285714286	0.0233422020129	20.0	8.0	28.0	0.428571428571	5.14285714286	0.0233422020129	5.0	2.0	7.0	0.428571428571	0	1.0	5.0	2.0	7.0	0.428571428571	0	1.0	na	1	0	0	0	0	0	0	0	0	0	0	0
16	32500010	493306	3.0	1.01356967075e-06	2.0271393415e-06	1.52035450613e-06	0.0	2.0	2.0	-1.0	0	1.0	0.0	2.0	2.0	-1.0	0	1.0	1.0	0.0	1.0	1.0	0	1.0	1.0	0.0	1.0	1.0	0	1.0	na	1	0	0	0	0	0	0	0	0	0	0	0
16	33000056	493296	106.0	4.56115597937e-05	5.57474619701e-05	5.27066913172e-05	35.0	25.0	60.0	0.166666666667	1.66666666667	0.196705602459	32.0	28.0	60.0	0.0666666666667	0.266666666667	0.605576616335	34.0	15.0	49.0	0.387755102041	7.36734693878	0.00664188547643	31.0	18.0	49.0	0.265306122449	3.44897959184	0.0632908322333	none	0	1	0	0	0	0	0	0	0	0	0	0
16	33500003	493444	48.0	1.41860069228e-05	2.93853000543e-05	2.17856534885e-05	25.0	7.0	32.0	0.5625	10.125	0.00146271658668	24.0	8.0	32.0	0.5	8.0	0.00467773498105	10.0	9.0	19.0	0.0526315789474	0.0526315789474	0.818545808382	9.0	10.0	19.0	-0.0526315789474	0.0526315789474	0.818545808382	123	0	0	0	0	0	0	0	0	0	0	1	0
16	34000127	492778	63.0	2.02931137348e-05	4.16008831563e-05	3.2976309819e-05	28.0	14.0	42.0	0.333333333333	4.66666666667	0.0307535612593	29.0	13.0	42.0	0.380952380952	6.09523809524	0.0135546660648	12.0	10.0	22.0	0.0909090909091	0.181818181818	0.669815357599	13.0	9.0	22.0	0.181818181818	0.727272727273	0.393768634643	none	0	1	0	0	0	0	0	0	0	0	0	0
16	34500006	492476	49.0	1.01527790187e-05	3.75652823691e-05	2.58895864976e-05	29.0	9.0	38.0	0.526315789474	10.5263157895	0.00117686591062	29.0	9.0	38.0	0.526315789474	10.5263157895	0.00117686591062	5.0	6.0	11.0	-0.0909090909091	0.0909090909091	0.763024600553	5.0	6.0	11.0	-0.0909090909091	0.0909090909091	0.763024600553	123	0	0	0	0	0	0	0	0	0	0	1	0
16	35000029	493032	15.0	1.01413295689e-06	1.31837284395e-05	8.1130636551e-06	11.0	3.0	14.0	0.571428571429	4.57142857143	0.0325094446457	11.0	3.0	14.0	0.571428571429	4.57142857143	0.0325094446457	1.0	0.0	1.0	1.0	0	1.0	1.0	0.0	1.0	1.0	0	1.0	na	1	0	0	0	0	0	0	0	0	0	0	0
16	35500037	492634	15.0	0.0	1.52242841542e-05	7.61214207708e-06	14.0	1.0	15.0	0.866666666667	11.2666666667	0.000789112989016	14.0	1.0	15.0	0.866666666667	11.2666666667	0.000789112989016	0.0	0.0	0.0	0	0	1.0	0.0	0.0	0.0	0	0	1.0	na	1	0	0	0	0	0	0	0	0	0	0	0
16	36000016	492667	22.0	6.08930575825e-06	1.62381486887e-05	1.21786115165e-05	13.0	3.0	16.0	0.625	6.25	0.0124193306516	13.0	3.0	16.0	0.625	6.25	0.0124193306516	4.0	2.0	6.0	0.333333333333	0	1.0	4.0	2.0	6.0	0.333333333333	0	1.0	na	1	0	0	0	0	0	0	0	0	0	0	0
16	36500065	492321	29.0	1.42183656598e-05	1.32027681127e-05	1.37105668862e-05	8.0	6.0	14.0	0.142857142857	0.285714285714	0.592980098017	8.0	6.0	14.0	0.142857142857	0.285714285714	0.592980098017	13.0	2.0	15.0	0.733333333333	8.06666666667	0.0045086983649	13.0	2.0	15.0	0.733333333333	8.06666666667	0.0045086983649	none	0	1	0	0	0	0	0	0	0	0	0	0
16	37000001	493338	47.0	1.21620471158e-05	2.93916138631e-05	2.38173422684e-05	21.0	12.0	33.0	0.272727272727	2.45454545455	0.117185087198	20.0	13.0	33.0	0.212121212121	1.48484848485	0.223017469947	10.0	5.0	15.0	0.333333333333	1.66666666667	0.196705602459	9.0	6.0	15.0	0.2	0.6	0.438578026081	none	0	1	0	0	0	0	0	0	0	0	0	0
16	37500059	492718	28.0	9.13301320431e-06	1.72512471637e-05	1.82660264086e-05	8.0	11.0	19.0	-0.157894736842	0.473684210526	0.491297124216	8.0	11.0	19.0	-0.157894736842	0.473684210526	0.491297124216	8.0	3.0	11.0	0.454545454545	2.27272727273	0.131668016023	8.0	3.0	11.0	0.454545454545	2.27272727273	0.131668016023	none	0	1	0	0	0	0	0	0	0	0	0	0
16	38000029	493161	21.0	6.08320609294e-06	1.3180279868e-05	1.06456106626e-05	11.0	4.0	15.0	0.466666666667	3.26666666667	0.070701144866	9.0	6.0	15.0	0.2	0.6	0.438578026081	5.0	3.0	8.0	0.25	0	1.0	3.0	5.0	8.0	-0.25	0	1.0	na	1	0	0	0	0	0	0	0	0	0	0	0
16	38500113	493392	66.0	1.52008950287e-05	4.96562570938e-05	3.24285760612e-05	40.0	10.0	50.0	0.6	18.0	2.20904969986e-05	40.0	10.0	50.0	0.6	18.0	2.20904969986e-05	9.0	7.0	16.0	0.125	0.25	0.617075077452	9.0	7.0	16.0	0.125	0.25	0.617075077452	123	0	0	0	0	0	0	0	0	0	0	1	0
16	39000366	493490	79.0	1.41846845934e-05	5.97783136436e-05	3.79946908752e-05	38.0	24.0	62.0	0.225806451613	3.16129032258	0.0754035628713	39.0	23.0	62.0	0.258064516129	4.12903225806	0.0421534502357	11.0	9.0	20.0	0.1	0.2	0.654720846019	12.0	8.0	20.0	0.2	0.8	0.371093369523	none	0	1	0	0	0	0	0	0	0	0	0	0
16	39500115	492831	118.0	4.56545955916e-05	6.29018872595e-05	5.52927879943e-05	27.0	44.0	71.0	-0.239436619718	4.07042253521	0.0436403566858	31.0	40.0	71.0	-0.12676056338	1.14084507042	0.285473830699	35.0	20.0	55.0	0.272727272727	4.09090909091	0.0431144467831	39.0	16.0	55.0	0.418181818182	9.61818181818	0.00192660376486	none	0	1	0	0	0	0	0	0	0	0	0	0
16	40000104	493287	84.0	3.75035222903e-05	4.2571565843e-05	4.10511527772e-05	25.0	20.0	45.0	0.111111111111	0.555555555556	0.45605654025	24.0	21.0	45.0	0.0666666666667	0.2	0.654720846019	24.0	16.0	40.0	0.2	1.6	0.205903210732	23.0	17.0	40.0	0.15	0.9	0.342781711148	none	0	1	0	0	0	0	0	0	0	0	0	0
16	40500227	493319	107.0	5.47313198965e-05	4.4595890286e-05	5.06771480523e-05	31.0	21.0	52.0	0.192307692308	1.92307692308	0.165517858697	30.0	22.0	52.0	0.153846153846	1.23076923077	0.267257493154	40.0	20.0	60.0	0.333333333333	6.66666666667	0.00982327450752	39.0	21.0	60.0	0.3	5.4	0.0201367515503	none	0	1	0	0	0	0	0	0	0	0	0	0
16	41000010	493139	28.0	9.12521621693e-06	1.82504324339e-05	1.36878243254e-05	16.0	3.0	19.0	0.684210526316	8.89473684211	0.00285993820846	17.0	2.0	19.0	0.789473684211	11.8421052632	0.000579063217219	7.0	3.0	10.0	0.4	1.6	0.205903210732	8.0	2.0	10.0	0.6	3.6	0.0577795711236	123	0	0	0	0	0	0	0	0	0	0	1	0
16	41500038	493250	18.0	4.05473897618e-06	1.31779016726e-05	8.61632032438e-06	11.0	3.0	14.0	0.571428571429	4.57142857143	0.0325094446457	10.0	4.0	14.0	0.428571428571	2.57142857143	0.108809430041	3.0	2.0	5.0	0.2	0	1.0	2.0	3.0	5.0	-0.2	0	1.0	na	1	0	0	0	0	0	0	0	0	0	0	0
16	42000022	493136	40.0	8.11135264917e-06	2.83897342721e-05	1.82505434606e-05	25.0	5.0	30.0	0.666666666667	13.3333333333	0.000260729632855	25.0	5.0	30.0	0.666666666667	13.3333333333	0.000260729632855	8.0	2.0	10.0	0.6	3.6	0.0577795711236	8.0	2.0	10.0	0.6	3.6	0.0577795711236	123	0	0	0	0	0	0	0	0	0	0	1	0
16	42500010	493285	21.0	3.04083846052e-06	1.21633538421e-05	7.60209615131e-06	12.0	2.0	14.0	0.714285714286	7.14285714286	0.00752631516646	11.0	3.0	14.0	0.571428571429	4.57142857143	0.0325094446457	3.0	5.0	8.0	-0.25	0	1.0	2.0	6.0	8.0	-0.5	0	1.0	na	1	0	0	0	0	0	0	0	0	0	0	0
16	43000060	493196	39.0	1.11517530556e-05	2.53448933081e-05	2.33173018435e-05	13.0	14.0	27.0	-0.037037037037	0.037037037037	0.847389659687	13.0	14.0	27.0	-0.037037037037	0.037037037037	0.847389659687	9.0	5.0	14.0	0.285714285714	1.14285714286	0.285049407403	9.0	5.0	14.0	0.285714285714	1.14285714286	0.285049407403	none	0	1	0	0	0	0	0	0	0	0	0	0
16	43500120	493318	68.0	1.62167202494e-05	4.96637057638e-05	3.49673030378e-05	38.0	14.0	52.0	0.461538461538	11.0769230769	0.000874087211298	37.0	15.0	52.0	0.423076923077	9.30769230769	0.00228193725332	9.0	8.0	17.0	0.0588235294118	0.0588235294118	0.808365155915	8.0	9.0	17.0	-0.0588235294118	0.0588235294118	0.808365155915	123	0	0	0	0	0	0	0	0	0	0	1	0
16	44000018	492859	17.0	2.02897786182e-06	1.21738671709e-05	9.1304003782e-06	10.0	5.0	15.0	0.333333333333	1.66666666667	0.196705602459	8.0	7.0	15.0	0.0666666666667	0.0666666666667	0.796253414738	4.0	0.0	4.0	1.0	0	1.0	2.0	2.0	4.0	0.0	0	1.0	na	1	0	0	0	0	0	0	0	0	0	0	0
16	44500037	492866	32.0	8.11579617989e-06	2.13039649722e-05	1.57243550985e-05	12.0	10.0	22.0	0.0909090909091	0.181818181818	0.669815357599	12.0	10.0	22.0	0.0909090909091	0.181818181818	0.669815357599	8.0	2.0	10.0	0.6	3.6	0.0577795711236	8.0	2.0	10.0	0.6	3.6	0.0577795711236	none	0	1	0	0	0	0	0	0	0	0	0	0
16	45000048	492769	46.0	8.11739374839e-06	3.44989234307e-05	2.23228328081e-05	30.0	5.0	35.0	0.714285714286	17.8571428571	2.38123768478e-05	30.0	5.0	35.0	0.714285714286	17.8571428571	2.38123768478e-05	6.0	5.0	11.0	0.0909090909091	0.0909090909091	0.763024600553	6.0	5.0	11.0	0.0909090909091	0.0909090909091	0.763024600553	123	0	0	0	0	0	0	0	0	0	0	1	0
16	45500135	493274	42.0	5.0681771186e-06	3.75045106776e-05	2.12863438981e-05	35.0	2.0	37.0	0.891891891892	29.4324324324	5.79005156043e-08	35.0	2.0	37.0	0.891891891892	29.4324324324	5.79005156043e-08	4.0	1.0	5.0	0.6	0	1.0	4.0	1.0	5.0	0.6	0	1.0	na	1	0	0	0	0	0	0	0	0	0	0	0
16	46000028	492457	23.0	3.04595122011e-06	1.82757073206e-05	1.06608292704e-05	16.0	4.0	20.0	0.6	7.2	0.00729035809154	16.0	4.0	20.0	0.6	7.2	0.00729035809154	2.0	1.0	3.0	0.333333333333	0	1.0	2.0	1.0	3.0	0.333333333333	0	1.0	na	1	0	0	0	0	0	0	0	0	0	0	0
16	46500033	492633	11.0	0.0	1.11644977092e-05	5.58224885462e-06	8.0	3.0	11.0	0.454545454545	2.27272727273	0.131668016023	8.0	3.0	11.0	0.454545454545	2.27272727273	0.131668016023	0.0	0.0	0.0	0	0	1.0	0.0	0.0	0.0	0	0	1.0	na	1	0	0	0	0	0	0	0	0	0	0	0
16	47000106	492802	41.0	9.13145644701e-06	3.24674007005e-05	2.07994285737e-05	25.0	7.0	32.0	0.5625	10.125	0.00146271658668	25.0	7.0	32.0	0.5625	10.125	0.00146271658668	6.0	3.0	9.0	0.333333333333	0	1.0	6.0	3.0	9.0	0.333333333333	0	1.0	na	1	0	0	0	0	0	0	0	0	0	0	0
16	47500189	492129	37.0	1.01599377399e-05	2.13358692538e-05	1.77798910448e-05	19.0	7.0	26.0	0.461538461538	5.53846153846	0.0186029299011	17.0	9.0	26.0	0.307692307692	2.46153846154	0.116664464781	10.0	5.0	15.0	0.333333333333	1.66666666667	0.196705602459	8.0	7.0	15.0	0.0666666666667	0.0666666666667	0.796253414738	none	0	1	0	0	0	0	0	0	0	0	0	0
16	48000201	492322	34.0	5.07797742128e-06	2.84366735592e-05	1.67573254902e-05	25.0	4.0	29.0	0.724137931034	15.2068965517	9.63509000979e-05	24.0	5.0	29.0	0.655172413793	12.4482758621	0.000418377845865	4.0	2.0	6.0	0.333333333333	0	1.0	3.0	3.0	6.0	0.0	0	1.0	na	1	0	0	0	0	0	0	0	0	0	0	0
16	48500024	492672	14.0	3.04462197973e-06	1.01487399324e-05	6.59668095609e-06	7.0	4.0	11.0	0.272727272727	0.818181818182	0.365712296282	8.0	3.0	11.0	0.454545454545	2.27272727273	0.131668016023	1.0	3.0	4.0	-0.5	0	1.0	2.0	2.0	4.0	0.0	0	1.0	na	1	0	0	0	0	0	0	0	0	0	0	0
16	49000239	492807	31.0	1.21751517328e-05	1.82627275992e-05	1.5218939666e-05	17.0	2.0	19.0	0.789473684211	11.8421052632	0.000579063217219	18.0	1.0	19.0	0.894736842105	15.2105263158	9.61658826888e-05	8.0	5.0	13.0	0.230769230769	0.692307692308	0.405380556459	9.0	4.0	13.0	0.384615384615	1.92307692308	0.165517858697	123	0	0	0	0	0	0	0	0	0	0	1	0
16	49500079	492211	10.0	1.01582451428e-06	8.12659611427e-06	4.57121031428e-06	9.0	0.0	9.0	1.0	0	1.0	9.0	0.0	9.0	1.0	0	1.0	1.0	0.0	1.0	1.0	0	1.0	1.0	0.0	1.0	1.0	0	1.0	na	1	0	0	0	0	0	0	0	0	0	0	0
16	50000092	492553	26.0	5.07559592572e-06	1.82721453326e-05	1.16738706292e-05	9.0	12.0	21.0	-0.142857142857	0.428571428571	0.512690760262	9.0	12.0	21.0	-0.142857142857	0.428571428571	0.512690760262	3.0	2.0	5.0	0.2	0	1.0	3.0	2.0	5.0	0.2	0	1.0	na	1	0	0	0	0	0	0	0	0	0	0	0
16	50500103	491879	7.0	1.01651015799e-06	6.09906094792e-06	3.55778555295e-06	2.0	4.0	6.0	-0.333333333333	0	1.0	2.0	4.0	6.0	-0.333333333333	0	1.0	1.0	0.0	1.0	1.0	0	1.0	1.0	0.0	1.0	1.0	0	1.0	na	1	0	0	0	0	0	0	0	0	0	0	0
16	51000221	491107	67.0	2.13802694728e-05	3.97062147353e-05	3.35975663145e-05	23.0	21.0	44.0	0.0454545454545	0.0909090909091	0.763024600553	25.0	19.0	44.0	0.136363636364	0.818181818182	0.365712296282	15.0	10.0	25.0	0.2	1.0	0.317310507863	17.0	8.0	25.0	0.36	3.24	0.0718606382259	none	0	1	0	0	0	0	0	0	0	0	0	0
16	51500001	491561	104.0	2.94978649649e-05	7.12017430187e-05	5.23841395066e-05	38.0	36.0	74.0	0.027027027027	0.0540540540541	0.816153354758	36.0	38.0	74.0	-0.027027027027	0.0540540540541	0.816153354758	25.0	9.0	34.0	0.470588235294	7.52941176471	0.00606997236202	23.0	11.0	34.0	0.352941176471	4.23529411765	0.0395917632367	none	0	1	0	0	0	0	0	0	0	0	0	0
16	52000021	491909	53.0	2.43947559406e-05	2.33783077764e-05	2.49029800227e-05	19.0	10.0	29.0	0.310344827586	2.79310344828	0.0946707198455	19.0	10.0	29.0	0.310344827586	2.79310344828	0.0946707198455	15.0	13.0	28.0	0.0714285714286	0.142857142857	0.705456986111	15.0	13.0	28.0	0.0714285714286	0.142857142857	0.705456986111	none	0	1	0	0	0	0	0	0	0	0	0	0
16	52500079	491415	25.0	8.1397596736e-06	1.0174699592e-05	1.11921695512e-05	8.0	7.0	15.0	0.0666666666667	0.0666666666667	0.796253414738	9.0	6.0	15.0	0.2	0.6	0.438578026081	6.0	7.0	13.0	-0.0769230769231	0.0769230769231	0.781511294999	7.0	6.0	13.0	0.0769230769231	0.0769230769231	0.781511294999	none	0	1	0	0	0	0	0	0	0	0	0	0
16	53000030	492363	55.0	1.0155109137e-05	3.75739038067e-05	2.79265501266e-05	26.0	18.0	44.0	0.181818181818	1.45454545455	0.227799993988	28.0	16.0	44.0	0.272727272727	3.27272727273	0.0704404292721	9.0	8.0	17.0	0.0588235294118	0.0588235294118	0.808365155915	11.0	6.0	17.0	0.294117647059	1.47058823529	0.225252906361	none	0	1	0	0	0	0	0	0	0	0	0	0
16	53500060	492656	22.0	9.13416257997e-06	1.217888344e-05	1.065652301e-05	7.0	6.0	13.0	0.0769230769231	0.0769230769231	0.781511294999	6.0	7.0	13.0	-0.0769230769231	0.0769230769231	0.781511294999	4.0	6.0	10.0	-0.2	0.4	0.527089256866	3.0	7.0	10.0	-0.4	1.6	0.205903210732	none	0	1	0	0	0	0	0	0	0	0	0	0
16	54000111	492243	35.0	1.21891017241e-05	2.23466864943e-05	2.13309280173e-05	12.0	11.0	23.0	0.0434782608696	0.0434782608696	0.834827329185	12.0	11.0	23.0	0.0434782608696	0.0434782608696	0.834827329185	7.0	5.0	12.0	0.166666666667	0.333333333333	0.563702861651	7.0	5.0	12.0	0.166666666667	0.333333333333	0.563702861651	none	0	1	0	0	0	0	0	0	0	0	0	0
16	54500044	487696	50.0	2.35802631147e-05	2.15298054526e-05	2.35802631147e-05	15.0	12.0	27.0	0.111111111111	0.333333333333	0.563702861651	13.0	14.0	27.0	-0.037037037037	0.037037037037	0.847389659687	22.0	7.0	29.0	0.51724137931	7.75862068966	0.00534567687265	20.0	9.0	29.0	0.379310344828	4.1724137931	0.0410872245278	none	0	1	0	0	0	0	0	0	0	0	0	0
16	55000009	488681	45.0	9.20846114336e-06	3.06948704779e-05	2.19979905091e-05	24.0	12.0	36.0	0.333333333333	4.0	0.0455002638964	23.0	13.0	36.0	0.277777777778	2.77777777778	0.0955807045456	6.0	6.0	12.0	0.0	0	1	5.0	7.0	12.0	-0.166666666667	0.333333333333	0.563702861651	na	1	0	0	0	0	0	0	0	0	0	0	0
16	55500009	488296	22.0	6.14381440765e-06	1.33115978833e-05	1.07516752134e-05	13.0	2.0	15.0	0.733333333333	8.06666666667	0.0045086983649	11.0	4.0	15.0	0.466666666667	3.26666666667	0.070701144866	6.0	3.0	9.0	0.333333333333	0	1.0	4.0	5.0	9.0	-0.111111111111	0	1.0	na	1	0	0	0	0	0	0	0	0	0	0	0
16	56000024	490222	27.0	3.05983819576e-06	1.83590291745e-05	1.27493258157e-05	17.0	6.0	23.0	0.478260869565	5.26086956522	0.0218101191437	18.0	5.0	23.0	0.565217391304	7.34782608696	0.00671438978555	2.0	3.0	5.0	-0.2	0	1.0	3.0	2.0	5.0	0.2	0	1.0	na	1	0	0	0	0	0	0	0	0	0	0	0
16	56500046	490809	34.0	9.16853602929e-06	1.83370720586e-05	1.68089827204e-05	14.0	6.0	20.0	0.4	3.2	0.0736382701203	13.0	7.0	20.0	0.3	1.8	0.179712494879	7.0	8.0	15.0	-0.0666666666667	0.0666666666667	0.796253414738	6.0	9.0	15.0	-0.2	0.6	0.438578026081	none	0	1	0	0	0	0	0	0	0	0	0	0
16	57000195	491414	13.0	3.05241608908e-06	9.15724826725e-06	6.10483217816e-06	6.0	3.0	9.0	0.333333333333	0	1.0	6.0	3.0	9.0	0.333333333333	0	1.0	4.0	0.0	4.0	1.0	0	1.0	4.0	0.0	4.0	1.0	0	1.0	na	1	0	0	0	0	0	0	0	0	0	0	0
16	57500122	491720	18.0	2.03367770276e-06	1.62694216221e-05	1.11852273652e-05	11.0	5.0	16.0	0.375	2.25	0.133614402538	11.0	5.0	16.0	0.375	2.25	0.133614402538	1.0	1.0	2.0	0.0	0	1.0	1.0	1.0	2.0	0.0	0	1.0	na	1	0	0	0	0	0	0	0	0	0	0	0
16	58000017	491031	9.0	2.03653129843e-06	6.10959389529e-06	4.07306259686e-06	6.0	1.0	7.0	0.714285714286	0	1.0	6.0	1.0	7.0	0.714285714286	0	1.0	2.0	0.0	2.0	1.0	0	1.0	2.0	0.0	2.0	1.0	0	1.0	na	1	0	0	0	0	0	0	0	0	0	0	0
16	58500020	491391	47.0	1.32277554941e-05	3.15431092552e-05	2.54379913348e-05	29.0	4.0	33.0	0.757575757576	18.9393939394	1.34937332702e-05	27.0	6.0	33.0	0.636363636364	13.3636363636	0.000256550383056	8.0	8.0	16.0	0.0	0	1	6.0	10.0	16.0	-0.25	1.0	0.317310507863	na	1	0	0	0	0	0	0	0	0	0	0	0
16	59000111	491221	50.0	1.52680768941e-05	3.25718973741e-05	2.595573072e-05	23.0	12.0	35.0	0.314285714286	3.45714285714	0.0629790512145	26.0	9.0	35.0	0.485714285714	8.25714285714	0.00405919636556	10.0	8.0	18.0	0.111111111111	0.222222222222	0.637351888234	13.0	5.0	18.0	0.444444444444	3.55555555556	0.0593464387919	none	0	1	0	0	0	0	0	0	0	0	0	0
16	59500054	489896	45.0	9.18562307102e-06	3.36806179271e-05	2.44949948561e-05	22.0	12.0	34.0	0.294117647059	2.94117647059	0.0863478209837	23.0	11.0	34.0	0.352941176471	4.23529411765	0.0395917632367	4.0	8.0	12.0	-0.333333333333	1.33333333333	0.24821307899	5.0	7.0	12.0	-0.166666666667	0.333333333333	0.563702861651	none	0	1	0	0	0	0	0	0	0	0	0	0
16	59632005	129481	3.0	7.72314084692e-06	0.0	3.86157042346e-06	0.0	0.0	0.0	0	0	1.0	0.0	0.0	0.0	0	0	1.0	3.0	0.0	3.0	1.0	0	1.0	3.0	0.0	3.0	1.0	0	1.0	na	1	0	0	0	0	0	0	0	0	0	0	0
