#chrom	coord	total	dtotal	T12	T34	T1234	DFO_left	DFO_right	DFO_total	DFO_stat	DFO_chisq	DFO_Pvalue	DIL_left	DIL_right	DIL_total	DIL_stat	DIL_chisq	DIL_Pvalue	DFI_left	DFI_right	DFI_total	DFI_stat	DFI_chisq	DFI_Pvalue	DOL_left	DOL_right	DOL_total	DOL_stat	DOL_chisq	DOL_Pvalue	introgression	introgna	intrognone	introg13	introg14	introg23	introg24	introg31	introg41	introg32	introg42	introg123	introg124
5	500113	492067	226.0	7.72252559103e-05	0.000120918492807	0.0001041524833	88.0	54.0	142.0	0.239436619718	8.14084507042	0.00432791089818	97.0	45.0	142.0	0.366197183099	19.0422535211	1.27855735138e-05	55.0	44.0	99.0	0.111111111111	1.22222222222	0.268924980512	64.0	35.0	99.0	0.292929292929	8.49494949495	0.00356133661991	none	0	1	0	0	0	0	0	0	0	0	0	0
5	1000012	492894	22.0	5.07208446441e-06	1.62306702861e-05	1.06513773753e-05	14.0	3.0	17.0	0.647058823529	7.11764705882	0.00763288178779	14.0	3.0	17.0	0.647058823529	7.11764705882	0.00763288178779	4.0	1.0	5.0	0.6	0	1.0	4.0	1.0	5.0	0.6	0	1.0	na	1	0	0	0	0	0	0	0	0	0	0	0
5	1500150	493424	2.0	1.01332728039e-06	0.0	5.06663640196e-07	1.0	0.0	1.0	1.0	0	1.0	1.0	0.0	1.0	1.0	0	1.0	1.0	0.0	1.0	1.0	0	1.0	1.0	0.0	1.0	1.0	0	1.0	na	1	0	0	0	0	0	0	0	0	0	0	0
5	2000010	493907	0.0	0.0	0.0	0.0	0.0	0.0	0.0	0	0	1.0	0.0	0.0	0.0	0	0	1.0	0.0	0.0	0.0	0	0	1.0	0.0	0.0	0.0	0	0	1.0	na	1	0	0	0	0	0	0	0	0	0	0	0
5	2500073	493111	16.0	1.01397048535e-06	1.52095572802e-05	8.11176388278e-06	15.0	0.0	15.0	1.0	15.0	0.000107511176729	15.0	0.0	15.0	1.0	15.0	0.000107511176729	0.0	1.0	1.0	-1.0	0	1.0	0.0	1.0	1.0	-1.0	0	1.0	na	1	0	0	0	0	0	0	0	0	0	0	0
5	3000006	492989	18.0	0.0	1.62275426024e-05	9.12799271383e-06	17.0	0.0	17.0	1.0	17.0	3.73798184017e-05	17.0	0.0	17.0	1.0	17.0	3.73798184017e-05	0.0	1.0	1.0	-1.0	0	1.0	0.0	1.0	1.0	-1.0	0	1.0	na	1	0	0	0	0	0	0	0	0	0	0	0
5	3500011	493018	20.0	1.11557793022e-05	8.11329403795e-06	1.06486984248e-05	5.0	4.0	9.0	0.111111111111	0	1.0	6.0	3.0	9.0	0.333333333333	0	1.0	6.0	6.0	12.0	0.0	0	1	7.0	5.0	12.0	0.166666666667	0.333333333333	0.563702861651	na	1	0	0	0	0	0	0	0	0	0	0	0
5	4000354	493605	8.0	2.02591140689e-06	6.07773422068e-06	4.05182281379e-06	3.0	3.0	6.0	0.0	0	1.0	3.0	3.0	6.0	0.0	0	1.0	2.0	0.0	2.0	1.0	0	1.0	2.0	0.0	2.0	1.0	0	1.0	na	1	0	0	0	0	0	0	0	0	0	0	0
5	4500042	493558	31.0	6.07831298449e-06	2.12740954457e-05	1.36762042151e-05	22.0	2.0	24.0	0.833333333333	16.6666666667	4.4557090604e-05	21.0	3.0	24.0	0.75	13.5	0.000238563454029	5.0	3.0	8.0	0.25	0	1.0	4.0	4.0	8.0	0.0	0	1.0	na	1	0	0	0	0	0	0	0	0	0	0	0
5	5000319	493971	61.0	6.07323101963e-06	5.16224636669e-05	2.88478473433e-05	48.0	7.0	55.0	0.745454545455	30.5636363636	3.23092963495e-08	45.0	10.0	55.0	0.636363636364	22.2727272727	2.3654241057e-06	5.0	4.0	9.0	0.111111111111	0	1.0	2.0	7.0	9.0	-0.555555555556	0	1.0	na	1	0	0	0	0	0	0	0	0	0	0	0
5	5500174	492604	43.0	7.10509861877e-06	3.24804508287e-05	1.97927747237e-05	33.0	3.0	36.0	0.833333333333	25.0	5.73303143736e-07	32.0	4.0	36.0	0.777777777778	21.7777777778	3.06125347305e-06	5.0	5.0	10.0	0.0	0	1	4.0	6.0	10.0	-0.2	0.4	0.527089256866	na	1	0	0	0	0	0	0	0	0	0	0	0
5	6000076	493152	32.0	6.08331711115e-06	1.92638375187e-05	1.26735773149e-05	13.0	12.0	25.0	0.04	0.04	0.841480581122	19.0	6.0	25.0	0.52	6.76	0.00932237604744	3.0	10.0	13.0	-0.538461538462	3.76923076923	0.0522036353413	9.0	4.0	13.0	0.384615384615	1.92307692308	0.165517858697	none	0	1	0	0	0	0	0	0	0	0	0	0
5	6500009	493055	25.0	5.07042824837e-06	1.72394560445e-05	1.11549421464e-05	13.0	6.0	19.0	0.368421052632	2.57894736842	0.108293655899	13.0	6.0	19.0	0.368421052632	2.57894736842	0.108293655899	3.0	5.0	8.0	-0.25	0	1.0	3.0	5.0	8.0	-0.25	0	1.0	na	1	0	0	0	0	0	0	0	0	0	0	0
5	7000048	492596	76.0	3.85711617634e-05	3.6541100618e-05	3.85711617634e-05	25.0	13.0	38.0	0.315789473684	3.78947368421	0.0515758636209	24.0	14.0	38.0	0.263157894737	2.63157894737	0.10475748985	17.0	22.0	39.0	-0.128205128205	0.641025641026	0.423339641582	16.0	23.0	39.0	-0.179487179487	1.25641025641	0.262331675408	none	0	1	0	0	0	0	0	0	0	0	0	0
5	7500160	493052	24.0	6.08455091958e-06	1.62254691189e-05	1.11550100192e-05	12.0	6.0	18.0	0.333333333333	2.0	0.15729920705	14.0	4.0	18.0	0.555555555556	5.55555555556	0.0184221254541	5.0	3.0	8.0	0.25	0	1.0	7.0	1.0	8.0	0.75	0	1.0	na	1	0	0	0	0	0	0	0	0	0	0	0
5	8000076	492271	9.0	0.0	8.12560561154e-06	4.06280280577e-06	7.0	2.0	9.0	0.555555555556	0	1.0	6.0	3.0	9.0	0.333333333333	0	1.0	1.0	0.0	1.0	1.0	0	1.0	0.0	1.0	1.0	-1.0	0	1.0	na	1	0	0	0	0	0	0	0	0	0	0	0
5	8500011	491954	52.0	4.06542075072e-06	4.37032730702e-05	2.69334124735e-05	37.0	11.0	48.0	0.541666666667	14.0833333333	0.000174886592542	34.0	14.0	48.0	0.416666666667	8.33333333333	0.00389241712278	5.0	4.0	9.0	0.111111111111	0	1.0	2.0	7.0	9.0	-0.555555555556	0	1.0	na	1	0	0	0	0	0	0	0	0	0	0	0
5	9000077	491663	83.0	2.03391347325e-05	5.49156637778e-05	3.86443559918e-05	42.0	18.0	60.0	0.4	9.6	0.00194577369374	43.0	17.0	60.0	0.433333333333	11.2666666667	0.000789112989016	21.0	5.0	26.0	0.615384615385	9.84615384615	0.00170187209267	22.0	4.0	26.0	0.692307692308	12.4615384615	0.000415417648382	none	0	1	0	0	0	0	0	0	0	0	0	0
5	9500161	493115	1.0	0.0	1.01396226032e-06	5.06981130162e-07	0.0	1.0	1.0	-1.0	0	1.0	0.0	1.0	1.0	-1.0	0	1.0	0.0	0.0	0.0	0	0	1.0	0.0	0.0	0.0	0	0	1.0	na	1	0	0	0	0	0	0	0	0	0	0	0
5	10000021	493219	27.0	5.06874228284e-06	1.72337237617e-05	1.21649814788e-05	14.0	7.0	21.0	0.333333333333	2.33333333333	0.126630457948	15.0	6.0	21.0	0.428571428571	3.85714285714	0.0495346134356	4.0	5.0	9.0	-0.111111111111	0	1.0	5.0	4.0	9.0	0.111111111111	0	1.0	na	1	0	0	0	0	0	0	0	0	0	0	0
5	10500018	492079	25.0	5.08048504407e-06	1.82897461586e-05	1.16851156014e-05	12.0	7.0	19.0	0.263157894737	1.31578947368	0.25134910881	13.0	6.0	19.0	0.368421052632	2.57894736842	0.108293655899	6.0	1.0	7.0	0.714285714286	0	1.0	7.0	0.0	7.0	1.0	0	1.0	na	1	0	0	0	0	0	0	0	0	0	0	0
5	11000026	492522	15.0	3.04554923435e-06	1.21821969374e-05	7.61387308587e-06	8.0	4.0	12.0	0.333333333333	1.33333333333	0.24821307899	8.0	4.0	12.0	0.333333333333	1.33333333333	0.24821307899	3.0	0.0	3.0	1.0	0	1.0	3.0	0.0	3.0	1.0	0	1.0	na	1	0	0	0	0	0	0	0	0	0	0	0
5	11500071	492577	37.0	6.09041835084e-06	2.53767431285e-05	1.67486504648e-05	26.0	4.0	30.0	0.733333333333	16.1333333333	5.90357804959e-05	23.0	7.0	30.0	0.533333333333	8.53333333333	0.00348700489214	8.0	2.0	10.0	0.6	3.6	0.0577795711236	5.0	5.0	10.0	0.0	0	1	na	1	0	0	0	0	0	0	0	0	0	0	0
5	12000266	493296	34.0	4.05436087055e-06	2.93941163115e-05	1.6724238591e-05	26.0	4.0	30.0	0.733333333333	16.1333333333	5.90357804959e-05	25.0	5.0	30.0	0.666666666667	13.3333333333	0.000260729632855	5.0	0.0	5.0	1.0	0	1.0	4.0	1.0	5.0	0.6	0	1.0	na	1	0	0	0	0	0	0	0	0	0	0	0
5	12500113	494132	5.0	0.0	4.04750147734e-06	2.02375073867e-06	3.0	2.0	5.0	0.2	0	1.0	4.0	1.0	5.0	0.6	0	1.0	0.0	1.0	1.0	-1.0	0	1.0	1.0	0.0	1.0	1.0	0	1.0	na	1	0	0	0	0	0	0	0	0	0	0	0
5	13000057	492291	28.0	7.10961606042e-06	1.92975293069e-05	1.32035726836e-05	10.0	10.0	20.0	0.0	0	1	10.0	10.0	20.0	0.0	0	1	3.0	5.0	8.0	-0.25	0	1.0	3.0	5.0	8.0	-0.25	0	1.0	na	1	0	0	0	0	0	0	0	0	0	0	0
5	13501150	493387	6.0	0.0	6.08041963003e-06	3.04020981501e-06	6.0	0.0	6.0	1.0	0	1.0	6.0	0.0	6.0	1.0	0	1.0	0.0	0.0	0.0	0	0	1.0	0.0	0.0	0.0	0	0	1.0	na	1	0	0	0	0	0	0	0	0	0	0	0
5	14000076	492054	23.0	6.09689180456e-06	1.52422295114e-05	1.27018579262e-05	8.0	9.0	17.0	-0.0588235294118	0.0588235294118	0.808365155915	10.0	7.0	17.0	0.176470588235	0.529411764706	0.466854270823	6.0	2.0	8.0	0.5	0	1.0	8.0	0.0	8.0	1.0	0	1.0	na	1	0	0	0	0	0	0	0	0	0	0	0
5	14500241	492804	7.0	0.0	5.07301077102e-06	2.53650538551e-06	7.0	0.0	7.0	1.0	0	1.0	7.0	0.0	7.0	1.0	0	1.0	0.0	0.0	0.0	0	0	1.0	0.0	0.0	0.0	0	0	1.0	na	1	0	0	0	0	0	0	0	0	0	0	0
5	15000010	493112	28.0	5.06984214539e-06	2.33212738688e-05	1.41955580071e-05	17.0	6.0	23.0	0.478260869565	5.26086956522	0.0218101191437	17.0	6.0	23.0	0.478260869565	5.26086956522	0.0218101191437	3.0	2.0	5.0	0.2	0	1.0	3.0	2.0	5.0	0.2	0	1.0	na	1	0	0	0	0	0	0	0	0	0	0	0
5	15500014	493102	12.0	3.04196697641e-06	7.09792294495e-06	7.09792294495e-06	7.0	1.0	8.0	0.75	0	1.0	6.0	2.0	8.0	0.5	0	1.0	4.0	1.0	5.0	0.6	0	1.0	3.0	2.0	5.0	0.2	0	1.0	na	1	0	0	0	0	0	0	0	0	0	0	0
5	16000079	492352	16.0	2.03106720395e-06	1.42174704277e-05	8.12426881581e-06	7.0	7.0	14.0	0.0	0	1	7.0	7.0	14.0	0.0	0	1	1.0	1.0	2.0	0.0	0	1.0	1.0	1.0	2.0	0.0	0	1.0	na	1	0	0	0	0	0	0	0	0	0	0	0
5	16500097	492699	50.0	1.92815491811e-05	2.84149145827e-05	2.48630502599e-05	14.0	15.0	29.0	-0.0344827586207	0.0344827586207	0.852683684335	15.0	14.0	29.0	0.0344827586207	0.0344827586207	0.852683684335	10.0	12.0	22.0	-0.0909090909091	0.181818181818	0.669815357599	11.0	11.0	22.0	0.0	0	1	na	1	0	0	0	0	0	0	0	0	0	0	0
5	17000011	493029	65.0	3.54948694702e-05	2.94100347038e-05	3.2452452087e-05	15.0	14.0	29.0	0.0344827586207	0.0344827586207	0.852683684335	15.0	14.0	29.0	0.0344827586207	0.0344827586207	0.852683684335	25.0	11.0	36.0	0.388888888889	5.44444444444	0.0196306572573	25.0	11.0	36.0	0.388888888889	5.44444444444	0.0196306572573	none	0	1	0	0	0	0	0	0	0	0	0	0
5	17500106	492427	4.0	0.0	3.04613678779e-06	2.53844732316e-06	2.0	2.0	4.0	0.0	0	1.0	3.0	1.0	4.0	0.5	0	1.0	0.0	1.0	1.0	-1.0	0	1.0	1.0	0.0	1.0	1.0	0	1.0	na	1	0	0	0	0	0	0	0	0	0	0	0
5	18000040	492817	4.0	0.0	4.05830156021e-06	2.02915078011e-06	4.0	0.0	4.0	1.0	0	1.0	4.0	0.0	4.0	1.0	0	1.0	0.0	0.0	0.0	0	0	1.0	0.0	0.0	0.0	0	0	1.0	na	1	0	0	0	0	0	0	0	0	0	0	0
5	18500072	492730	0.0	0.0	0.0	0.0	0.0	0.0	0.0	0	0	1.0	0.0	0.0	0.0	0	0	1.0	0.0	0.0	0.0	0	0	1.0	0.0	0.0	0.0	0	0	1.0	na	1	0	0	0	0	0	0	0	0	0	0	0
5	19000025	493189	41.0	6.08286072885e-06	3.44695441301e-05	2.02762024295e-05	27.0	8.0	35.0	0.542857142857	10.3142857143	0.00132004376756	27.0	8.0	35.0	0.542857142857	10.3142857143	0.00132004376756	4.0	2.0	6.0	0.333333333333	0	1.0	4.0	2.0	6.0	0.333333333333	0	1.0	na	1	0	0	0	0	0	0	0	0	0	0	0
5	19500073	492748	27.0	6.08830477242e-06	1.72501968552e-05	1.36986857379e-05	16.0	4.0	20.0	0.6	7.2	0.00729035809154	14.0	6.0	20.0	0.4	3.2	0.0736382701203	5.0	4.0	9.0	0.111111111111	0	1.0	3.0	6.0	9.0	-0.333333333333	0	1.0	na	1	0	0	0	0	0	0	0	0	0	0	0
5	20000058	492204	50.0	8.12671168865e-06	3.96177194822e-05	2.48880545465e-05	29.0	13.0	42.0	0.380952380952	6.09523809524	0.0135546660648	27.0	15.0	42.0	0.285714285714	3.42857142857	0.0640775064511	7.0	3.0	10.0	0.4	1.6	0.205903210732	5.0	5.0	10.0	0.0	0	1	na	1	0	0	0	0	0	0	0	0	0	0	0
5	20500085	492942	27.0	1.11574992595e-05	1.42004536031e-05	1.57219307748e-05	8.0	8.0	16.0	0.0	0	1	8.0	8.0	16.0	0.0	0	1	10.0	1.0	11.0	0.818181818182	7.36363636364	0.00665560548295	10.0	1.0	11.0	0.818181818182	7.36363636364	0.00665560548295	na	1	0	0	0	0	0	0	0	0	0	0	0
5	21000186	492913	125.0	4.56470005863e-05	6.99920675657e-05	5.98482896576e-05	52.0	28.0	80.0	0.3	7.2	0.00729035809154	53.0	27.0	80.0	0.325	8.45	0.00365043440444	24.0	26.0	50.0	-0.04	0.08	0.77729741079	25.0	25.0	50.0	0.0	0	1	na	1	0	0	0	0	0	0	0	0	0	0	0
5	21500016	493690	14.0	3.03834390002e-06	1.01278130001e-05	6.58307845004e-06	10.0	1.0	11.0	0.818181818182	7.36363636364	0.00665560548295	9.0	2.0	11.0	0.636363636364	4.45454545455	0.0348084788119	3.0	1.0	4.0	0.5	0	1.0	2.0	2.0	4.0	0.0	0	1.0	na	1	0	0	0	0	0	0	0	0	0	0	0
5	22000033	493224	85.0	3.34533599338e-05	4.66319562714e-05	4.20701344622e-05	22.0	28.0	50.0	-0.12	0.72	0.396143909152	23.0	27.0	50.0	-0.08	0.32	0.571607644953	24.0	14.0	38.0	0.263157894737	2.63157894737	0.10475748985	25.0	13.0	38.0	0.315789473684	3.78947368421	0.0515758636209	none	0	1	0	0	0	0	0	0	0	0	0	0
5	22500046	492817	66.0	2.33352339712e-05	3.8553864822e-05	3.29737001767e-05	34.0	9.0	43.0	0.581395348837	14.5348837209	0.000137588130325	31.0	12.0	43.0	0.441860465116	8.39534883721	0.00376182313279	17.0	9.0	26.0	0.307692307692	2.46153846154	0.116664464781	14.0	12.0	26.0	0.0769230769231	0.153846153846	0.694886602372	123	0	0	0	0	0	0	0	0	0	0	1	0
5	23000022	493256	90.0	2.33144655108e-05	5.98066723973e-05	4.15605689541e-05	45.0	20.0	65.0	0.384615384615	9.61538461538	0.00192954047585	49.0	16.0	65.0	0.507692307692	16.7538461538	4.25559131076e-05	16.0	13.0	29.0	0.103448275862	0.310344827586	0.577468662427	20.0	9.0	29.0	0.379310344828	4.1724137931	0.0410872245278	123	0	0	0	0	0	0	0	0	0	0	1	0
5	23500096	493065	70.0	1.92672365712e-05	4.96891890522e-05	3.54922778944e-05	34.0	16.0	50.0	0.36	6.48	0.0109094983643	34.0	16.0	50.0	0.36	6.48	0.0109094983643	11.0	9.0	20.0	0.1	0.2	0.654720846019	11.0	9.0	20.0	0.1	0.2	0.654720846019	none	0	1	0	0	0	0	0	0	0	0	0	0
5	24000040	493479	58.0	2.33039298531e-05	3.14096445847e-05	2.83700015604e-05	23.0	12.0	35.0	0.314285714286	3.45714285714	0.0629790512145	24.0	11.0	35.0	0.371428571429	4.82857142857	0.0279918154857	14.0	10.0	24.0	0.166666666667	0.666666666667	0.414216178243	15.0	9.0	24.0	0.25	1.5	0.22067136192	none	0	1	0	0	0	0	0	0	0	0	0	0
5	24500134	493128	48.0	1.3181161889e-05	3.04180658977e-05	2.17996138934e-05	25.0	10.0	35.0	0.428571428571	6.42857142857	0.0112298866529	25.0	10.0	35.0	0.428571428571	6.42857142857	0.0112298866529	12.0	5.0	17.0	0.411764705882	2.88235294118	0.0895550744136	12.0	5.0	17.0	0.411764705882	2.88235294118	0.0895550744136	none	0	1	0	0	0	0	0	0	0	0	0	0
5	25000007	492938	111.0	3.0429790359e-05	7.91174549335e-05	5.47736226463e-05	62.0	18.0	80.0	0.55	24.2	8.68322808545e-07	60.0	20.0	80.0	0.5	20.0	7.74421643102e-06	19.0	14.0	33.0	0.151515151515	0.757575757576	0.384088249474	17.0	16.0	33.0	0.030303030303	0.030303030303	0.861804433049	123	0	0	0	0	0	0	0	0	0	0	1	0
5	25500151	493590	93.0	3.84934864969e-05	4.45714054175e-05	4.35584189307e-05	25.0	29.0	54.0	-0.0740740740741	0.296296296296	0.586213681073	24.0	30.0	54.0	-0.111111111111	0.666666666667	0.414216178243	30.0	14.0	44.0	0.363636363636	5.81818181818	0.0158613327398	29.0	15.0	44.0	0.318181818182	4.45454545455	0.0348084788119	none	0	1	0	0	0	0	0	0	0	0	0	0
5	26000023	492672	165.0	6.90114315407e-05	8.52494154326e-05	8.22047934528e-05	53.0	42.0	95.0	0.115789473684	1.27368421053	0.259076660702	54.0	41.0	95.0	0.136842105263	1.77894736842	0.182278636669	45.0	34.0	79.0	0.139240506329	1.53164556962	0.215865642006	46.0	33.0	79.0	0.164556962025	2.13924050633	0.143572955978	none	0	1	0	0	0	0	0	0	0	0	0	0
5	26500220	492903	122.0	4.56479266712e-05	6.49214957101e-05	5.52847111906e-05	49.0	25.0	74.0	0.324324324324	7.78378378378	0.00527172679714	44.0	30.0	74.0	0.189189189189	2.64864864865	0.103637964014	28.0	27.0	55.0	0.0181818181818	0.0181818181818	0.892738400944	23.0	32.0	55.0	-0.163636363636	1.47272727273	0.224915884016	none	0	1	0	0	0	0	0	0	0	0	0	0
5	27000006	491888	45.0	1.62638649449e-05	2.74452720945e-05	2.49040431968e-05	23.0	6.0	29.0	0.586206896552	9.96551724138	0.00159499361695	22.0	7.0	29.0	0.51724137931	7.75862068966	0.00534567687265	11.0	6.0	17.0	0.294117647059	1.47058823529	0.225252906361	10.0	7.0	17.0	0.176470588235	0.529411764706	0.466854270823	123	0	0	0	0	0	0	0	0	0	0	1	0
5	27500016	492282	67.0	2.3360594131e-05	3.65644082051e-05	3.19938571794e-05	24.0	19.0	43.0	0.116279069767	0.581395348837	0.445765907915	22.0	21.0	43.0	0.0232558139535	0.0232558139535	0.878793717959	17.0	11.0	28.0	0.214285714286	1.28571428571	0.256839257958	15.0	13.0	28.0	0.0714285714286	0.142857142857	0.705456986111	none	0	1	0	0	0	0	0	0	0	0	0	0
5	28000176	492624	108.0	2.6389294878e-05	7.00331287148e-05	4.92261846763e-05	59.0	21.0	80.0	0.475	18.05	2.15178643781e-05	58.0	22.0	80.0	0.45	16.2	5.69941162333e-05	19.0	14.0	33.0	0.151515151515	0.757575757576	0.384088249474	18.0	15.0	33.0	0.0909090909091	0.272727272727	0.601508134441	123	0	0	0	0	0	0	0	0	0	0	1	0
5	28500054	491740	163.0	6.40582421605e-05	8.43941920527e-05	8.43941920527e-05	61.0	38.0	99.0	0.232323232323	5.34343434343	0.0208004550921	60.0	39.0	99.0	0.212121212121	4.45454545455	0.0348084788119	33.0	38.0	71.0	-0.0704225352113	0.352112676056	0.552919624971	32.0	39.0	71.0	-0.0985915492958	0.69014084507	0.40611647822	none	0	1	0	0	0	0	0	0	0	0	0	0
5	29000075	493149	99.0	4.05556941208e-05	5.37362947101e-05	4.71459944155e-05	41.0	17.0	58.0	0.413793103448	9.93103448276	0.00162515172731	38.0	20.0	58.0	0.310344827586	5.58620689655	0.0181024551495	28.0	16.0	44.0	0.272727272727	3.27272727273	0.0704404292721	25.0	19.0	44.0	0.136363636364	0.818181818182	0.365712296282	none	0	1	0	0	0	0	0	0	0	0	0	0
5	29500005	492402	28.0	6.09258288959e-06	1.92931791504e-05	1.269288102e-05	17.0	5.0	22.0	0.545454545455	6.54545454545	0.0105152459359	15.0	7.0	22.0	0.363636363636	2.90909090909	0.0880815116622	7.0	1.0	8.0	0.75	0	1.0	5.0	3.0	8.0	0.25	0	1.0	na	1	0	0	0	0	0	0	0	0	0	0	0
5	30000039	491774	197.0	7.0154176512e-05	0.000111839991541	9.60807200055e-05	87.0	37.0	124.0	0.403225806452	20.1612903226	7.11788655394e-06	84.0	40.0	124.0	0.354838709677	15.6129032258	7.77224079532e-05	57.0	27.0	84.0	0.357142857143	10.7142857143	0.00106311491716	54.0	30.0	84.0	0.285714285714	6.85714285714	0.00882876095282	none	0	1	0	0	0	0	0	0	0	0	0	0
5	30500016	490561	53.0	1.9365583485e-05	2.75195133735e-05	2.44617896653e-05	24.0	8.0	32.0	0.5	8.0	0.00467773498105	24.0	8.0	32.0	0.5	8.0	0.00467773498105	17.0	6.0	23.0	0.478260869565	5.26086956522	0.0218101191437	17.0	6.0	23.0	0.478260869565	5.26086956522	0.0218101191437	123	0	0	0	0	0	0	0	0	0	0	1	0
5	31000004	491873	58.0	1.82974060377e-05	3.65948120755e-05	3.04956767296e-05	22.0	17.0	39.0	0.128205128205	0.641025641026	0.423339641582	21.0	18.0	39.0	0.0769230769231	0.230769230769	0.630954041184	16.0	4.0	20.0	0.6	7.2	0.00729035809154	15.0	5.0	20.0	0.5	5.0	0.0253473186775	none	0	1	0	0	0	0	0	0	0	0	0	0
5	31500365	491972	67.0	2.84569040515e-05	3.65874480662e-05	3.25221760588e-05	23.0	15.0	38.0	0.210526315789	1.68421052632	0.194365910803	23.0	15.0	38.0	0.210526315789	1.68421052632	0.194365910803	12.0	17.0	29.0	-0.172413793103	0.862068965517	0.353160353316	12.0	17.0	29.0	-0.172413793103	0.862068965517	0.353160353316	none	0	1	0	0	0	0	0	0	0	0	0	0
5	32000013	492557	40.0	1.01511094147e-05	3.04533282442e-05	2.23324407124e-05	23.0	7.0	30.0	0.533333333333	8.53333333333	0.00348700489214	23.0	7.0	30.0	0.533333333333	8.53333333333	0.00348700489214	7.0	3.0	10.0	0.4	1.6	0.205903210732	7.0	3.0	10.0	0.4	1.6	0.205903210732	123	0	0	0	0	0	0	0	0	0	0	1	0
5	32500073	493646	22.0	7.09010100355e-06	1.41802020071e-05	1.06351515053e-05	9.0	6.0	15.0	0.2	0.6	0.438578026081	9.0	6.0	15.0	0.2	0.6	0.438578026081	6.0	1.0	7.0	0.714285714286	0	1.0	6.0	1.0	7.0	0.714285714286	0	1.0	na	1	0	0	0	0	0	0	0	0	0	0	0
5	33000028	493143	31.0	3.04171406671e-06	2.73754266004e-05	1.62224750225e-05	23.0	5.0	28.0	0.642857142857	11.5714285714	0.000669729449022	22.0	6.0	28.0	0.571428571429	9.14285714286	0.00249690891514	1.0	3.0	4.0	-0.5	0	1.0	0.0	4.0	4.0	-1.0	0	1.0	na	1	0	0	0	0	0	0	0	0	0	0	0
5	33500192	492750	16.0	6.08828006088e-06	8.11770674784e-06	7.10299340436e-06	7.0	2.0	9.0	0.555555555556	0	1.0	8.0	1.0	9.0	0.777777777778	0	1.0	4.0	4.0	8.0	0.0	0	1.0	5.0	3.0	8.0	0.25	0	1.0	na	1	0	0	0	0	0	0	0	0	0	0	0
5	34000014	492579	20.0	3.04519681107e-06	1.42109184517e-05	8.62805763136e-06	7.0	8.0	15.0	-0.0666666666667	0.0666666666667	0.796253414738	7.0	8.0	15.0	-0.0666666666667	0.0666666666667	0.796253414738	2.0	3.0	5.0	-0.2	0	1.0	2.0	3.0	5.0	-0.2	0	1.0	na	1	0	0	0	0	0	0	0	0	0	0	0
5	34500041	492226	36.0	1.32053162572e-05	2.13316647231e-05	1.72684904901e-05	19.0	4.0	23.0	0.652173913043	9.78260869565	0.00176170192143	20.0	3.0	23.0	0.739130434783	12.5652173913	0.000392993026415	5.0	9.0	14.0	-0.285714285714	1.14285714286	0.285049407403	6.0	8.0	14.0	-0.142857142857	0.285714285714	0.592980098017	123	0	0	0	0	0	0	0	0	0	0	1	0
5	35000238	492762	20.0	6.08813179588e-06	1.21762635918e-05	9.13219769382e-06	10.0	3.0	13.0	0.538461538462	3.76923076923	0.0522036353413	11.0	2.0	13.0	0.692307692308	6.23076923077	0.012554918597	4.0	4.0	8.0	0.0	0	1.0	5.0	3.0	8.0	0.25	0	1.0	na	1	0	0	0	0	0	0	0	0	0	0	0
5	35500155	491872	24.0	6.09914774575e-06	1.62643939887e-05	1.21982954915e-05	15.0	1.0	16.0	0.875	12.25	0.000465258158071	15.0	1.0	16.0	0.875	12.25	0.000465258158071	2.0	6.0	8.0	-0.5	0	1.0	2.0	6.0	8.0	-0.5	0	1.0	na	1	0	0	0	0	0	0	0	0	0	0	0
5	36000067	492442	38.0	1.31995240049e-05	2.23376560082e-05	1.77685900065e-05	16.0	9.0	25.0	0.28	1.96	0.161513318468	14.0	11.0	25.0	0.12	0.36	0.5485062355	9.0	6.0	15.0	0.2	0.6	0.438578026081	7.0	8.0	15.0	-0.0666666666667	0.0666666666667	0.796253414738	none	0	1	0	0	0	0	0	0	0	0	0	0
5	36500013	492740	50.0	1.62357429882e-05	2.73978162926e-05	2.18167796404e-05	15.0	18.0	33.0	-0.0909090909091	0.272727272727	0.601508134441	14.0	19.0	33.0	-0.151515151515	0.757575757576	0.384088249474	12.0	10.0	22.0	0.0909090909091	0.181818181818	0.669815357599	11.0	11.0	22.0	0.0	0	1	na	1	0	0	0	0	0	0	0	0	0	0	0
5	37000057	493060	51.0	1.2168904393e-05	3.7520788545e-05	2.4844846469e-05	31.0	8.0	39.0	0.589743589744	13.5641025641	0.000230552620796	29.0	10.0	39.0	0.487179487179	9.25641025641	0.00234672554388	12.0	2.0	14.0	0.714285714286	7.14285714286	0.00752631516646	10.0	4.0	14.0	0.428571428571	2.57142857143	0.108809430041	13	0	0	1	0	0	0	0	0	0	0	0	0
5	37500008	492657	36.0	8.1192391461e-06	2.84173370113e-05	1.82682880787e-05	20.0	8.0	28.0	0.428571428571	5.14285714286	0.0233422020129	20.0	8.0	28.0	0.428571428571	5.14285714286	0.0233422020129	5.0	3.0	8.0	0.25	0	1.0	5.0	3.0	8.0	0.25	0	1.0	na	1	0	0	0	0	0	0	0	0	0	0	0
5	38000004	492649	35.0	4.05968549616e-06	3.04476412212e-05	2.02984274808e-05	26.0	5.0	31.0	0.677419354839	14.2258064516	0.000162131752044	26.0	5.0	31.0	0.677419354839	14.2258064516	0.000162131752044	2.0	2.0	4.0	0.0	0	1.0	2.0	2.0	4.0	0.0	0	1.0	na	1	0	0	0	0	0	0	0	0	0	0	0
5	38500077	492595	35.0	1.21803915996e-05	2.23307179326e-05	1.82705873994e-05	16.0	7.0	23.0	0.391304347826	3.52173913043	0.0605688602027	16.0	7.0	23.0	0.391304347826	3.52173913043	0.0605688602027	7.0	5.0	12.0	0.166666666667	0.333333333333	0.563702861651	7.0	5.0	12.0	0.166666666667	0.333333333333	0.563702861651	none	0	1	0	0	0	0	0	0	0	0	0	0
5	39000102	492691	13.0	2.02966971185e-06	1.11631834152e-05	6.59642656351e-06	10.0	1.0	11.0	0.818181818182	7.36363636364	0.00665560548295	10.0	1.0	11.0	0.818181818182	7.36363636364	0.00665560548295	0.0	2.0	2.0	-1.0	0	1.0	0.0	2.0	2.0	-1.0	0	1.0	na	1	0	0	0	0	0	0	0	0	0	0	0
5	39500178	492722	25.0	9.13293906097e-06	1.52215651016e-05	1.21772520813e-05	15.0	1.0	16.0	0.875	12.25	0.000465258158071	16.0	0.0	16.0	1.0	16.0	6.33424836662e-05	6.0	4.0	10.0	0.2	0.4	0.527089256866	7.0	3.0	10.0	0.4	1.6	0.205903210732	123	0	0	0	0	0	0	0	0	0	0	1	0
5	40000066	493348	22.0	4.05393353171e-06	1.4188767361e-05	9.12135044634e-06	11.0	7.0	18.0	0.222222222222	0.888888888889	0.345778586151	12.0	6.0	18.0	0.333333333333	2.0	0.15729920705	3.0	2.0	5.0	0.2	0	1.0	4.0	1.0	5.0	0.6	0	1.0	na	1	0	0	0	0	0	0	0	0	0	0	0
5	40500084	493268	17.0	4.0545910134e-06	1.21637730402e-05	8.10918202681e-06	8.0	4.0	12.0	0.333333333333	1.33333333333	0.24821307899	8.0	4.0	12.0	0.333333333333	1.33333333333	0.24821307899	2.0	3.0	5.0	-0.2	0	1.0	2.0	3.0	5.0	-0.2	0	1.0	na	1	0	0	0	0	0	0	0	0	0	0	0
5	41000210	492389	96.0	2.64018895629e-05	6.39738093256e-05	4.62033067351e-05	48.0	21.0	69.0	0.391304347826	10.5652173913	0.00115235481732	50.0	19.0	69.0	0.449275362319	13.9275362319	0.000189994585747	21.0	12.0	33.0	0.272727272727	2.45454545455	0.117185087198	23.0	10.0	33.0	0.393939393939	5.12121212121	0.0236351019828	123	0	0	0	0	0	0	0	0	0	0	1	0
5	41500214	492859	21.0	3.04346679273e-06	1.82608007564e-05	1.06521337746e-05	13.0	5.0	18.0	0.444444444444	3.55555555556	0.0593464387919	13.0	5.0	18.0	0.444444444444	3.55555555556	0.0593464387919	2.0	1.0	3.0	0.333333333333	0	1.0	2.0	1.0	3.0	0.333333333333	0	1.0	na	1	0	0	0	0	0	0	0	0	0	0	0
5	42000086	492850	40.0	5.07253728315e-06	3.24642386122e-05	1.87683879477e-05	30.0	5.0	35.0	0.714285714286	17.8571428571	2.38123768478e-05	27.0	8.0	35.0	0.542857142857	10.3142857143	0.00132004376756	6.0	2.0	8.0	0.5	0	1.0	3.0	5.0	8.0	-0.25	0	1.0	na	1	0	0	0	0	0	0	0	0	0	0	0
5	42500083	492792	14.0	3.04388058248e-06	1.01462686083e-05	6.59507459537e-06	8.0	3.0	11.0	0.454545454545	2.27272727273	0.131668016023	7.0	4.0	11.0	0.272727272727	0.818181818182	0.365712296282	2.0	2.0	4.0	0.0	0	1.0	1.0	3.0	4.0	-0.5	0	1.0	na	1	0	0	0	0	0	0	0	0	0	0	0
5	43000183	492291	32.0	6.09395662322e-06	2.23445076185e-05	1.42192321208e-05	17.0	8.0	25.0	0.36	3.24	0.0718606382259	16.0	9.0	25.0	0.28	1.96	0.161513318468	2.0	6.0	8.0	-0.5	0	1.0	1.0	7.0	8.0	-0.75	0	1.0	na	1	0	0	0	0	0	0	0	0	0	0	0
5	43500039	492542	104.0	3.45148231014e-05	5.98933694995e-05	4.82192381563e-05	49.0	17.0	66.0	0.484848484848	15.5151515152	8.1846583609e-05	46.0	20.0	66.0	0.393939393939	10.2424242424	0.00137247094938	26.0	17.0	43.0	0.209302325581	1.88372093023	0.169911841731	23.0	20.0	43.0	0.0697674418605	0.209302325581	0.647314784389	123	0	0	0	0	0	0	0	0	0	0	1	0
5	44000108	493365	11.0	3.04034538324e-06	7.09413922755e-06	6.08069076647e-06	6.0	1.0	7.0	0.714285714286	0	1.0	6.0	1.0	7.0	0.714285714286	0	1.0	4.0	0.0	4.0	1.0	0	1.0	4.0	0.0	4.0	1.0	0	1.0	na	1	0	0	0	0	0	0	0	0	0	0	0
5	44500006	493073	38.0	3.04214588915e-06	3.44776534103e-05	1.87598996497e-05	30.0	4.0	34.0	0.764705882353	19.8823529412	8.23570527508e-06	30.0	4.0	34.0	0.764705882353	19.8823529412	8.23570527508e-06	2.0	2.0	4.0	0.0	0	1.0	2.0	2.0	4.0	0.0	0	1.0	na	1	0	0	0	0	0	0	0	0	0	0	0
5	45000063	492853	35.0	1.42030179384e-05	1.6232020501e-05	1.52175192197e-05	7.0	12.0	19.0	-0.263157894737	1.31578947368	0.25134910881	8.0	11.0	19.0	-0.157894736842	0.473684210526	0.491297124216	8.0	11.0	19.0	-0.157894736842	0.473684210526	0.491297124216	9.0	10.0	19.0	-0.0526315789474	0.0526315789474	0.818545808382	none	0	1	0	0	0	0	0	0	0	0	0	0
5	45501009	493555	48.0	2.02611664354e-05	2.22872830789e-05	2.12742247571e-05	17.0	9.0	26.0	0.307692307692	2.46153846154	0.116664464781	15.0	11.0	26.0	0.153846153846	0.615384615385	0.432767580668	9.0	17.0	26.0	-0.307692307692	2.46153846154	0.116664464781	7.0	19.0	26.0	-0.461538461538	5.53846153846	0.0186029299011	none	0	1	0	0	0	0	0	0	0	0	0	0
5	46000111	493058	45.0	1.52111921924e-05	2.63660664668e-05	2.18027088091e-05	21.0	9.0	30.0	0.4	4.8	0.0284597369163	20.0	10.0	30.0	0.333333333333	3.33333333333	0.0678891548618	14.0	4.0	18.0	0.555555555556	5.55555555556	0.0184221254541	13.0	5.0	18.0	0.444444444444	3.55555555556	0.0593464387919	none	0	1	0	0	0	0	0	0	0	0	0	0
5	46500000	493425	48.0	2.02665045346e-05	2.73597811218e-05	2.48264680549e-05	17.0	11.0	28.0	0.214285714286	1.28571428571	0.256839257958	18.0	10.0	28.0	0.285714285714	2.28571428571	0.130570018116	9.0	12.0	21.0	-0.142857142857	0.428571428571	0.512690760262	10.0	11.0	21.0	-0.047619047619	0.047619047619	0.827259346563	none	0	1	0	0	0	0	0	0	0	0	0	0
5	47000239	493976	38.0	8.0975593956e-06	2.73292629601e-05	1.77134111779e-05	26.0	4.0	30.0	0.733333333333	16.1333333333	5.90357804959e-05	24.0	6.0	30.0	0.6	10.8	0.00101500094711	8.0	2.0	10.0	0.6	3.6	0.0577795711236	6.0	4.0	10.0	0.2	0.4	0.527089256866	123	0	0	0	0	0	0	0	0	0	0	1	0
5	47500000	493515	68.0	2.43153703535e-05	3.74861959616e-05	3.09007831576e-05	28.0	14.0	42.0	0.333333333333	4.66666666667	0.0307535612593	31.0	11.0	42.0	0.47619047619	9.52380952381	0.00202823114845	24.0	7.0	31.0	0.548387096774	9.32258064516	0.00226346981204	27.0	4.0	31.0	0.741935483871	17.064516129	3.61311254998e-05	none	0	1	0	0	0	0	0	0	0	0	0	0
5	48000177	493414	27.0	5.06673908726e-06	2.12803041665e-05	1.31735216269e-05	21.0	1.0	22.0	0.909090909091	18.1818181818	2.00786561243e-05	20.0	2.0	22.0	0.818181818182	14.7272727273	0.000124236123431	5.0	1.0	6.0	0.666666666667	0	1.0	4.0	2.0	6.0	0.333333333333	0	1.0	na	1	0	0	0	0	0	0	0	0	0	0	0
5	48500242	493352	27.0	6.08085099483e-06	2.12829784819e-05	1.36819147384e-05	21.0	0.0	21.0	1.0	21.0	4.59283371179e-06	21.0	0.0	21.0	1.0	21.0	4.59283371179e-06	6.0	0.0	6.0	1.0	0	1.0	6.0	0.0	6.0	1.0	0	1.0	na	1	0	0	0	0	0	0	0	0	0	0	0
5	49000018	493985	33.0	6.07305889855e-06	2.53044120773e-05	1.6700911971e-05	19.0	8.0	27.0	0.407407407407	4.48148148148	0.0342640077349	19.0	8.0	27.0	0.407407407407	4.48148148148	0.0342640077349	5.0	1.0	6.0	0.666666666667	0	1.0	5.0	1.0	6.0	0.666666666667	0	1.0	na	1	0	0	0	0	0	0	0	0	0	0	0
5	49500112	493511	48.0	1.51972296464e-05	3.03944592927e-05	2.27958444695e-05	26.0	6.0	32.0	0.625	12.5	0.000406952017445	25.0	7.0	32.0	0.5625	10.125	0.00146271658668	13.0	4.0	17.0	0.529411764706	4.76470588235	0.0290490221619	12.0	5.0	17.0	0.411764705882	2.88235294118	0.0895550744136	123	0	0	0	0	0	0	0	0	0	0	1	0
5	50000166	493024	23.0	1.0141494126e-06	1.92688388395e-05	1.41980917765e-05	12.0	9.0	21.0	0.142857142857	0.428571428571	0.512690760262	12.0	9.0	21.0	0.142857142857	0.428571428571	0.512690760262	2.0	0.0	2.0	1.0	0	1.0	2.0	0.0	2.0	1.0	0	1.0	na	1	0	0	0	0	0	0	0	0	0	0	0
5	50500002	492702	32.0	1.62369951817e-05	1.52221829828e-05	1.57295890822e-05	11.0	5.0	16.0	0.375	2.25	0.133614402538	12.0	4.0	16.0	0.5	4.0	0.0455002638964	9.0	8.0	17.0	0.0588235294118	0.0588235294118	0.808365155915	10.0	7.0	17.0	0.176470588235	0.529411764706	0.466854270823	none	0	1	0	0	0	0	0	0	0	0	0	0
5	51000047	493109	44.0	1.92655173603e-05	1.52096189686e-05	1.82515427624e-05	16.0	4.0	20.0	0.6	7.2	0.00729035809154	17.0	3.0	20.0	0.7	9.8	0.00174511869953	22.0	5.0	27.0	0.62962962963	10.7037037037	0.00106921275492	23.0	4.0	27.0	0.703703703704	13.3703703704	0.000255630867837	none	0	1	0	0	0	0	0	0	0	0	0	0
5	51500146	493633	37.0	1.01289824627e-05	2.22837614179e-05	1.62063719403e-05	19.0	7.0	26.0	0.461538461538	5.53846153846	0.0186029299011	19.0	7.0	26.0	0.461538461538	5.53846153846	0.0186029299011	7.0	8.0	15.0	-0.0666666666667	0.0666666666667	0.796253414738	7.0	8.0	15.0	-0.0666666666667	0.0666666666667	0.796253414738	none	0	1	0	0	0	0	0	0	0	0	0	0
5	52000001	492874	36.0	1.01445805622e-05	2.23180772368e-05	1.72457869557e-05	17.0	9.0	26.0	0.307692307692	2.46153846154	0.116664464781	19.0	7.0	26.0	0.461538461538	5.53846153846	0.0186029299011	5.0	7.0	12.0	-0.166666666667	0.333333333333	0.563702861651	7.0	5.0	12.0	0.166666666667	0.333333333333	0.563702861651	none	0	1	0	0	0	0	0	0	0	0	0	0
5	52500559	493822	24.0	3.03753174221e-06	1.62001692918e-05	1.06313610977e-05	18.0	3.0	21.0	0.714285714286	10.7142857143	0.00106311491716	15.0	6.0	21.0	0.428571428571	3.85714285714	0.0495346134356	5.0	1.0	6.0	0.666666666667	0	1.0	2.0	4.0	6.0	-0.333333333333	0	1.0	na	1	0	0	0	0	0	0	0	0	0	0	0
5	53000041	492406	32.0	1.11696445616e-05	2.03084446575e-05	1.77698890753e-05	17.0	3.0	20.0	0.7	9.8	0.00174511869953	17.0	3.0	20.0	0.7	9.8	0.00174511869953	9.0	3.0	12.0	0.5	3.0	0.0832645166636	9.0	3.0	12.0	0.5	3.0	0.0832645166636	123	0	0	0	0	0	0	0	0	0	0	1	0
5	53500055	492874	34.0	1.31879547308e-05	1.92747030681e-05	1.72457869557e-05	15.0	6.0	21.0	0.428571428571	3.85714285714	0.0495346134356	15.0	6.0	21.0	0.428571428571	3.85714285714	0.0495346134356	7.0	6.0	13.0	0.0769230769231	0.0769230769231	0.781511294999	7.0	6.0	13.0	0.0769230769231	0.0769230769231	0.781511294999	none	0	1	0	0	0	0	0	0	0	0	0	0
5	54000061	492290	27.0	9.14095350302e-06	1.72662455057e-05	1.32035995044e-05	10.0	8.0	18.0	0.111111111111	0.222222222222	0.637351888234	11.0	7.0	18.0	0.222222222222	0.888888888889	0.345778586151	5.0	5.0	10.0	0.0	0	1	6.0	4.0	10.0	0.2	0.4	0.527089256866	na	1	0	0	0	0	0	0	0	0	0	0	0
5	54500005	492248	23.0	4.06299263786e-06	1.82834668704e-05	1.3204726073e-05	15.0	4.0	19.0	0.578947368421	6.36842105263	0.0116168914342	15.0	4.0	19.0	0.578947368421	6.36842105263	0.0116168914342	1.0	3.0	4.0	-0.5	0	1.0	1.0	3.0	4.0	-0.5	0	1.0	na	1	0	0	0	0	0	0	0	0	0	0	0
5	55000050	492778	8.0	3.04396706022e-06	5.0732784337e-06	6.08793412044e-06	5.0	0.0	5.0	1.0	0	1.0	5.0	0.0	5.0	1.0	0	1.0	2.0	1.0	3.0	0.333333333333	0	1.0	2.0	1.0	3.0	0.333333333333	0	1.0	na	1	0	0	0	0	0	0	0	0	0	0	0
5	55500031	492514	20.0	5.07599783966e-06	7.10639697552e-06	6.09119740759e-06	11.0	2.0	13.0	0.692307692308	6.23076923077	0.012554918597	9.0	4.0	13.0	0.384615384615	1.92307692308	0.165517858697	9.0	2.0	11.0	0.636363636364	4.45454545455	0.0348084788119	7.0	4.0	11.0	0.272727272727	0.818181818182	0.365712296282	none	0	1	0	0	0	0	0	0	0	0	0	0
5	56000024	493185	28.0	0.0	2.43316402567e-05	1.31796384724e-05	23.0	5.0	28.0	0.642857142857	11.5714285714	0.000669729449022	22.0	6.0	28.0	0.571428571429	9.14285714286	0.00249690891514	1.0	0.0	1.0	1.0	0	1.0	0.0	1.0	1.0	-1.0	0	1.0	na	1	0	0	0	0	0	0	0	0	0	0	0
5	56500100	493486	9.0	2.0263999384e-06	6.07919981519e-06	4.05279987679e-06	6.0	1.0	7.0	0.714285714286	0	1.0	6.0	1.0	7.0	0.714285714286	0	1.0	1.0	1.0	2.0	0.0	0	1.0	1.0	1.0	2.0	0.0	0	1.0	na	1	0	0	0	0	0	0	0	0	0	0	0
5	57000089	493584	27.0	3.03899640183e-06	2.43119712146e-05	1.36754838082e-05	23.0	1.0	24.0	0.916666666667	20.1666666667	7.09790833087e-06	23.0	1.0	24.0	0.916666666667	20.1666666667	7.09790833087e-06	3.0	0.0	3.0	1.0	0	1.0	3.0	0.0	3.0	1.0	0	1.0	na	1	0	0	0	0	0	0	0	0	0	0	0
5	57500105	493259	19.0	2.02733249672e-06	1.52049937254e-05	8.61616311106e-06	11.0	6.0	17.0	0.294117647059	1.47058823529	0.225252906361	11.0	6.0	17.0	0.294117647059	1.47058823529	0.225252906361	1.0	1.0	2.0	0.0	0	1.0	1.0	1.0	2.0	0.0	0	1.0	na	1	0	0	0	0	0	0	0	0	0	0	0
5	58000077	492335	0.0	0.0	0.0	0.0	0.0	0.0	0.0	0	0	1.0	0.0	0.0	0.0	0	0	1.0	0.0	0.0	0.0	0	0	1.0	0.0	0.0	0.0	0	0	1.0	na	1	0	0	0	0	0	0	0	0	0	0	0
5	58500088	491977	18.0	4.06523069168e-06	1.2195692075e-05	8.13046138336e-06	11.0	3.0	14.0	0.571428571429	4.57142857143	0.0325094446457	13.0	1.0	14.0	0.857142857143	10.2857142857	0.00134064111723	4.0	2.0	6.0	0.333333333333	0	1.0	6.0	0.0	6.0	1.0	0	1.0	na	1	0	0	0	0	0	0	0	0	0	0	0
5	59000027	491765	12.0	0.0	1.01674580338e-05	5.08372901691e-06	11.0	1.0	12.0	0.833333333333	8.33333333333	0.00389241712278	9.0	3.0	12.0	0.5	3.0	0.0832645166636	2.0	0.0	2.0	1.0	0	1.0	0.0	2.0	2.0	-1.0	0	1.0	na	1	0	0	0	0	0	0	0	0	0	0	0
5	59500222	492869	29.0	7.10127843301e-06	1.21736201709e-05	9.63744930194e-06	12.0	7.0	19.0	0.263157894737	1.31578947368	0.25134910881	15.0	4.0	19.0	0.578947368421	6.36842105263	0.0116168914342	10.0	3.0	13.0	0.538461538462	3.76923076923	0.0522036353413	13.0	0.0	13.0	1.0	13.0	0.000311490976767	none	0	1	0	0	0	0	0	0	0	0	0	0
5	60000014	492327	32.0	6.09351102011e-06	2.13272885704e-05	1.47259849653e-05	21.0	5.0	26.0	0.615384615385	9.84615384615	0.00170187209267	19.0	7.0	26.0	0.461538461538	5.53846153846	0.0186029299011	8.0	2.0	10.0	0.6	3.6	0.0577795711236	6.0	4.0	10.0	0.2	0.4	0.527089256866	none	0	1	0	0	0	0	0	0	0	0	0	0
5	60500091	493669	13.0	7.0897706763e-06	6.07694629397e-06	7.59618286747e-06	4.0	2.0	6.0	0.333333333333	0	1.0	4.0	2.0	6.0	0.333333333333	0	1.0	6.0	1.0	7.0	0.714285714286	0	1.0	6.0	1.0	7.0	0.714285714286	0	1.0	na	1	0	0	0	0	0	0	0	0	0	0	0
5	61000082	493326	30.0	3.04058573844e-06	2.43246859075e-05	1.3682635823e-05	18.0	8.0	26.0	0.384615384615	3.84615384615	0.0498602037569	18.0	8.0	26.0	0.384615384615	3.84615384615	0.0498602037569	2.0	2.0	4.0	0.0	0	1.0	2.0	2.0	4.0	0.0	0	1.0	na	1	0	0	0	0	0	0	0	0	0	0	0
5	61500037	492584	13.0	4.06022120085e-06	6.09033180128e-06	5.07527650106e-06	5.0	4.0	9.0	0.111111111111	0	1.0	7.0	2.0	9.0	0.555555555556	0	1.0	3.0	3.0	6.0	0.0	0	1.0	5.0	1.0	6.0	0.666666666667	0	1.0	na	1	0	0	0	0	0	0	0	0	0	0	0
5	62000021	493393	17.0	5.06695473993e-06	1.11473004279e-05	8.10712758389e-06	8.0	4.0	12.0	0.333333333333	1.33333333333	0.24821307899	9.0	3.0	12.0	0.5	3.0	0.0832645166636	3.0	3.0	6.0	0.0	0	1.0	4.0	2.0	6.0	0.333333333333	0	1.0	na	1	0	0	0	0	0	0	0	0	0	0	0
5	62500068	493344	34.0	9.12142440163e-06	2.2296815204e-05	1.57091198028e-05	22.0	3.0	25.0	0.76	14.44	0.00014469608785	21.0	4.0	25.0	0.68	11.56	0.000673858531354	8.0	4.0	12.0	0.333333333333	1.33333333333	0.24821307899	7.0	5.0	12.0	0.166666666667	0.333333333333	0.563702861651	123	0	0	0	0	0	0	0	0	0	0	1	0
5	63000010	493010	44.0	9.12760390256e-06	3.3467880976e-05	2.12977424393e-05	19.0	16.0	35.0	0.0857142857143	0.257142857143	0.612089880089	19.0	16.0	35.0	0.0857142857143	0.257142857143	0.612089880089	4.0	7.0	11.0	-0.272727272727	0.818181818182	0.365712296282	4.0	7.0	11.0	-0.272727272727	0.818181818182	0.365712296282	none	0	1	0	0	0	0	0	0	0	0	0	0
5	63500159	493642	58.0	1.01287977927e-05	4.35538305087e-05	2.68413141507e-05	34.0	11.0	45.0	0.511111111111	11.7555555556	0.000606619020983	34.0	11.0	45.0	0.511111111111	11.7555555556	0.000606619020983	10.0	3.0	13.0	0.538461538462	3.76923076923	0.0522036353413	10.0	3.0	13.0	0.538461538462	3.76923076923	0.0522036353413	123	0	0	0	0	0	0	0	0	0	0	1	0
5	64000138	492731	64.0	1.11622771857e-05	5.27671285143e-05	3.39942077929e-05	43.0	9.0	52.0	0.653846153846	22.2307692308	2.41768131326e-06	43.0	9.0	52.0	0.653846153846	22.2307692308	2.41768131326e-06	9.0	3.0	12.0	0.5	3.0	0.0832645166636	9.0	3.0	12.0	0.5	3.0	0.0832645166636	123	0	0	0	0	0	0	0	0	0	0	1	0
5	64500097	492912	29.0	1.21725581848e-05	1.11581783361e-05	1.16653682605e-05	9.0	6.0	15.0	0.2	0.6	0.438578026081	10.0	5.0	15.0	0.333333333333	1.66666666667	0.196705602459	10.0	5.0	15.0	0.333333333333	1.66666666667	0.196705602459	11.0	4.0	15.0	0.466666666667	3.26666666667	0.070701144866	none	0	1	0	0	0	0	0	0	0	0	0	0
5	65000022	492266	4.0	0.0	4.06284407211e-06	2.03142203605e-06	3.0	1.0	4.0	0.5	0	1.0	3.0	1.0	4.0	0.5	0	1.0	0.0	0.0	0.0	0	0	1.0	0.0	0.0	0.0	0	0	1.0	na	1	0	0	0	0	0	0	0	0	0	0	0
5	65500049	491856	32.0	8.13246153346e-06	2.43973846004e-05	1.82980384503e-05	16.0	8.0	24.0	0.333333333333	2.66666666667	0.10247043486	16.0	8.0	24.0	0.333333333333	2.66666666667	0.10247043486	3.0	5.0	8.0	-0.25	0	1.0	3.0	5.0	8.0	-0.25	0	1.0	na	1	0	0	0	0	0	0	0	0	0	0	0
5	66000037	493061	20.0	8.1125864751e-06	8.1125864751e-06	9.12665978449e-06	8.0	3.0	11.0	0.454545454545	2.27272727273	0.131668016023	9.0	2.0	11.0	0.636363636364	4.45454545455	0.0348084788119	4.0	6.0	10.0	-0.2	0.4	0.527089256866	5.0	5.0	10.0	0.0	0	1	na	1	0	0	0	0	0	0	0	0	0	0	0
5	66500065	492246	23.0	1.01575228646e-06	2.03150457292e-05	1.16811512943e-05	21.0	1.0	22.0	0.909090909091	18.1818181818	2.00786561243e-05	20.0	2.0	22.0	0.818181818182	14.7272727273	0.000124236123431	2.0	0.0	2.0	1.0	0	1.0	1.0	1.0	2.0	0.0	0	1.0	na	1	0	0	0	0	0	0	0	0	0	0	0
5	67000323	492360	5.0	2.03103420262e-06	3.04655130392e-06	3.55430985458e-06	1.0	2.0	3.0	-0.333333333333	0	1.0	1.0	2.0	3.0	-0.333333333333	0	1.0	2.0	0.0	2.0	1.0	0	1.0	2.0	0.0	2.0	1.0	0	1.0	na	1	0	0	0	0	0	0	0	0	0	0	0
5	67500119	491898	15.0	1.01647089437e-06	1.11811798381e-05	6.09882536623e-06	10.0	3.0	13.0	0.538461538462	3.76923076923	0.0522036353413	11.0	2.0	13.0	0.692307692308	6.23076923077	0.012554918597	1.0	2.0	3.0	-0.333333333333	0	1.0	2.0	1.0	3.0	0.333333333333	0	1.0	na	1	0	0	0	0	0	0	0	0	0	0	0
5	68000003	492345	22.0	6.093288243e-06	1.32021245265e-05	1.06632544253e-05	12.0	4.0	16.0	0.5	4.0	0.0455002638964	13.0	3.0	16.0	0.625	6.25	0.0124193306516	1.0	8.0	9.0	-0.777777777778	0	1.0	2.0	7.0	9.0	-0.555555555556	0	1.0	na	1	0	0	0	0	0	0	0	0	0	0	0
5	68500063	491705	9.0	4.06747948465e-06	5.08434935581e-06	5.59278429139e-06	4.0	1.0	5.0	0.6	0	1.0	4.0	1.0	5.0	0.6	0	1.0	3.0	1.0	4.0	0.5	0	1.0	3.0	1.0	4.0	0.5	0	1.0	na	1	0	0	0	0	0	0	0	0	0	0	0
5	69000331	492747	14.0	4.05887808551e-06	9.13247569239e-06	6.59567688895e-06	9.0	1.0	10.0	0.8	6.4	0.011412036386	10.0	0.0	10.0	1.0	10.0	0.001565402258	4.0	1.0	5.0	0.6	0	1.0	5.0	0.0	5.0	1.0	0	1.0	na	1	0	0	0	0	0	0	0	0	0	0	0
5	69500013	492776	21.0	5.0732990243e-06	1.4205237268e-05	9.63926814618e-06	12.0	3.0	15.0	0.6	5.4	0.0201367515503	13.0	2.0	15.0	0.733333333333	8.06666666667	0.0045086983649	2.0	5.0	7.0	-0.428571428571	0	1.0	3.0	4.0	7.0	-0.142857142857	0	1.0	na	1	0	0	0	0	0	0	0	0	0	0	0
5	70000109	493256	51.0	2.43281379243e-05	2.43281379243e-05	2.63554827514e-05	19.0	7.0	26.0	0.461538461538	5.53846153846	0.0186029299011	18.0	8.0	26.0	0.384615384615	3.84615384615	0.0498602037569	19.0	7.0	26.0	0.461538461538	5.53846153846	0.0186029299011	18.0	8.0	26.0	0.384615384615	3.84615384615	0.0498602037569	none	0	1	0	0	0	0	0	0	0	0	0	0
5	70500051	492259	11.0	2.03145092319e-06	7.11007823118e-06	4.57076457718e-06	7.0	2.0	9.0	0.555555555556	0	1.0	8.0	1.0	9.0	0.777777777778	0	1.0	1.0	2.0	3.0	-0.333333333333	0	1.0	2.0	1.0	3.0	0.333333333333	0	1.0	na	1	0	0	0	0	0	0	0	0	0	0	0
5	71000022	493337	19.0	9.12155382629e-06	8.10804784559e-06	8.61480083594e-06	4.0	6.0	10.0	-0.2	0.4	0.527089256866	6.0	4.0	10.0	0.2	0.4	0.527089256866	7.0	4.0	11.0	0.272727272727	0.818181818182	0.365712296282	9.0	2.0	11.0	0.636363636364	4.45454545455	0.0348084788119	none	0	1	0	0	0	0	0	0	0	0	0	0
5	71500004	493207	23.0	3.04131936489e-06	1.9261689311e-05	1.11515043379e-05	14.0	6.0	20.0	0.4	3.2	0.0736382701203	13.0	7.0	20.0	0.3	1.8	0.179712494879	2.0	2.0	4.0	0.0	0	1.0	1.0	3.0	4.0	-0.5	0	1.0	na	1	0	0	0	0	0	0	0	0	0	0	0
5	72000085	493184	18.0	6.08292239813e-06	8.11056319751e-06	8.11056319751e-06	3.0	8.0	11.0	-0.454545454545	2.27272727273	0.131668016023	6.0	5.0	11.0	0.0909090909091	0.0909090909091	0.763024600553	4.0	6.0	10.0	-0.2	0.4	0.527089256866	7.0	3.0	10.0	0.4	1.6	0.205903210732	none	0	1	0	0	0	0	0	0	0	0	0	0
5	72500258	492793	20.0	4.05849920758e-06	1.31901224246e-05	1.06535604199e-05	13.0	3.0	16.0	0.625	6.25	0.0124193306516	14.0	2.0	16.0	0.75	9.0	0.00269979606326	0.0	5.0	5.0	-1.0	0	1.0	1.0	4.0	5.0	-0.6	0	1.0	na	1	0	0	0	0	0	0	0	0	0	0	0
5	73000063	492930	14.0	1.0143428073e-06	1.0143428073e-05	5.57888544012e-06	13.0	0.0	13.0	1.0	13.0	0.000311490976767	11.0	2.0	13.0	0.692307692308	6.23076923077	0.012554918597	3.0	0.0	3.0	1.0	0	1.0	1.0	2.0	3.0	-0.333333333333	0	1.0	na	1	0	0	0	0	0	0	0	0	0	0	0
5	73500031	492914	6.0	0.0	6.08625439732e-06	3.04312719866e-06	4.0	2.0	6.0	0.333333333333	0	1.0	4.0	2.0	6.0	0.333333333333	0	1.0	0.0	0.0	0.0	0	0	1.0	0.0	0.0	0.0	0	0	1.0	na	1	0	0	0	0	0	0	0	0	0	0	0
5	74000005	492868	21.0	4.05788162348e-06	1.72459968998e-05	1.06519392616e-05	11.0	6.0	17.0	0.294117647059	1.47058823529	0.225252906361	11.0	6.0	17.0	0.294117647059	1.47058823529	0.225252906361	3.0	1.0	4.0	0.5	0	1.0	3.0	1.0	4.0	0.5	0	1.0	na	1	0	0	0	0	0	0	0	0	0	0	0
5	74500056	492725	68.0	2.4354355878e-05	4.059059313e-05	3.34872393323e-05	38.0	6.0	44.0	0.727272727273	23.2727272727	1.40579351815e-06	34.0	10.0	44.0	0.545454545455	13.0909090909	0.000296732311293	19.0	9.0	28.0	0.357142857143	3.57142857143	0.0587817213554	15.0	13.0	28.0	0.0714285714286	0.142857142857	0.705456986111	123	0	0	0	0	0	0	0	0	0	0	1	0
5	75000016	493447	79.0	3.03984014494e-05	4.45843221258e-05	4.15444819808e-05	26.0	21.0	47.0	0.106382978723	0.531914893617	0.465802909242	23.0	24.0	47.0	-0.0212765957447	0.0212765957447	0.884027968681	22.0	13.0	35.0	0.257142857143	2.31428571429	0.128190174345	19.0	16.0	35.0	0.0857142857143	0.257142857143	0.612089880089	none	0	1	0	0	0	0	0	0	0	0	0	0
5	75500006	492886	55.0	8.11546686252e-06	3.65196008813e-05	2.33319672297e-05	33.0	14.0	47.0	0.404255319149	7.68085106383	0.00558098413684	35.0	12.0	47.0	0.489361702128	11.2553191489	0.000793951700783	9.0	5.0	14.0	0.285714285714	1.14285714286	0.285049407403	11.0	3.0	14.0	0.571428571429	4.57142857143	0.0325094446457	123	0	0	0	0	0	0	0	0	0	0	1	0
5	76000045	492679	70.0	1.62377531821e-05	5.17578382679e-05	3.3997795725e-05	46.0	6.0	52.0	0.769230769231	30.7692307692	2.90609482034e-08	45.0	7.0	52.0	0.730769230769	27.7692307692	1.36682746232e-07	9.0	10.0	19.0	-0.0526315789474	0.0526315789474	0.818545808382	8.0	11.0	19.0	-0.157894736842	0.473684210526	0.491297124216	123	0	0	0	0	0	0	0	0	0	0	1	0
5	76500158	493367	37.0	4.05377741114e-06	2.93898862307e-05	1.67218318209e-05	18.0	15.0	33.0	0.0909090909091	0.272727272727	0.601508134441	19.0	14.0	33.0	0.151515151515	0.757575757576	0.384088249474	4.0	1.0	5.0	0.6	0	1.0	5.0	0.0	5.0	1.0	0	1.0	na	1	0	0	0	0	0	0	0	0	0	0	0
5	77000040	492844	39.0	4.05807922994e-06	3.24646338395e-05	2.02903961497e-05	30.0	5.0	35.0	0.714285714286	17.8571428571	2.38123768478e-05	29.0	6.0	35.0	0.657142857143	15.1142857143	0.000101194605246	5.0	0.0	5.0	1.0	0	1.0	4.0	1.0	5.0	0.6	0	1.0	na	1	0	0	0	0	0	0	0	0	0	0	0
5	77500164	493642	29.0	1.31674371306e-05	1.51931966891e-05	1.41803169098e-05	13.0	3.0	16.0	0.625	6.25	0.0124193306516	12.0	4.0	16.0	0.5	4.0	0.0455002638964	6.0	8.0	14.0	-0.142857142857	0.285714285714	0.592980098017	5.0	9.0	14.0	-0.285714285714	1.14285714286	0.285049407403	none	0	1	0	0	0	0	0	0	0	0	0	0
5	78000077	493216	22.0	7.09628235905e-06	1.21650554727e-05	1.06444235386e-05	9.0	4.0	13.0	0.384615384615	1.92307692308	0.165517858697	8.0	5.0	13.0	0.230769230769	0.692307692308	0.405380556459	8.0	2.0	10.0	0.6	3.6	0.0577795711236	7.0	3.0	10.0	0.4	1.6	0.205903210732	none	0	1	0	0	0	0	0	0	0	0	0	0
5	78500001	491901	121.0	4.47244465858e-05	6.30208110982e-05	5.59055582322e-05	59.0	15.0	74.0	0.594594594595	26.1621621622	3.13913690597e-07	58.0	16.0	74.0	0.567567567568	23.8378378378	1.04801950995e-06	29.0	25.0	54.0	0.0740740740741	0.296296296296	0.586213681073	28.0	26.0	54.0	0.037037037037	0.0740740740741	0.785494747118	123	0	0	0	0	0	0	0	0	0	0	1	0
5	79000056	493616	14.0	1.01293313021e-06	1.31681306927e-05	7.09053191145e-06	13.0	0.0	13.0	1.0	13.0	0.000311490976767	13.0	0.0	13.0	1.0	13.0	0.000311490976767	1.0	0.0	1.0	1.0	0	1.0	1.0	0.0	1.0	1.0	0	1.0	na	1	0	0	0	0	0	0	0	0	0	0	0
5	79500139	493246	43.0	1.72327803976e-05	2.53423241141e-05	2.12875522559e-05	17.0	8.0	25.0	0.36	3.24	0.0718606382259	17.0	8.0	25.0	0.36	3.24	0.0718606382259	11.0	7.0	18.0	0.222222222222	0.888888888889	0.345778586151	11.0	7.0	18.0	0.222222222222	0.888888888889	0.345778586151	none	0	1	0	0	0	0	0	0	0	0	0	0
5	80000015	493441	15.0	8.1063389544e-06	6.0797542158e-06	7.0930465851e-06	4.0	3.0	7.0	0.142857142857	0	1.0	4.0	3.0	7.0	0.142857142857	0	1.0	2.0	6.0	8.0	-0.5	0	1.0	2.0	6.0	8.0	-0.5	0	1.0	na	1	0	0	0	0	0	0	0	0	0	0	0
5	80500060	493024	66.0	1.11556435387e-05	5.07074706302e-05	3.1945706497e-05	38.0	15.0	53.0	0.433962264151	9.98113207547	0.00158152419722	36.0	17.0	53.0	0.358490566038	6.81132075472	0.00905817422147	10.0	5.0	15.0	0.333333333333	1.66666666667	0.196705602459	8.0	7.0	15.0	0.0666666666667	0.0666666666667	0.796253414738	123	0	0	0	0	0	0	0	0	0	0	1	0
5	81000002	492641	64.0	1.82688813964e-05	4.26273899249e-05	3.1463073516e-05	26.0	20.0	46.0	0.130434782609	0.782608695652	0.376344493499	25.0	21.0	46.0	0.0869565217391	0.347826086957	0.555346316671	15.0	4.0	19.0	0.578947368421	6.36842105263	0.0116168914342	14.0	5.0	19.0	0.473684210526	4.26315789474	0.038947455742	none	0	1	0	0	0	0	0	0	0	0	0	0
5	81500048	492917	58.0	2.3330499861e-05	2.94167172161e-05	2.73879780977e-05	18.0	15.0	33.0	0.0909090909091	0.272727272727	0.601508134441	20.0	13.0	33.0	0.212121212121	1.48484848485	0.223017469947	14.0	13.0	27.0	0.037037037037	0.037037037037	0.847389659687	16.0	11.0	27.0	0.185185185185	0.925925925926	0.335923813152	none	0	1	0	0	0	0	0	0	0	0	0	0
5	82000167	493205	23.0	5.06888616295e-06	1.52066584889e-05	1.11515495585e-05	13.0	5.0	18.0	0.444444444444	3.55555555556	0.0593464387919	12.0	6.0	18.0	0.333333333333	2.0	0.15729920705	4.0	4.0	8.0	0.0	0	1.0	3.0	5.0	8.0	-0.25	0	1.0	na	1	0	0	0	0	0	0	0	0	0	0	0
5	82500047	493325	49.0	4.05412253585e-06	4.25682866265e-05	2.33112045812e-05	32.0	12.0	44.0	0.454545454545	9.09090909091	0.00256883152702	33.0	11.0	44.0	0.5	11.0	0.000911118877154	2.0	4.0	6.0	-0.333333333333	0	1.0	3.0	3.0	6.0	0.0	0	1.0	na	1	0	0	0	0	0	0	0	0	0	0	0
5	83000098	492343	46.0	8.12441732694e-06	3.24976693078e-05	2.3357699815e-05	29.0	7.0	36.0	0.611111111111	13.4444444444	0.00024573277993	31.0	5.0	36.0	0.722222222222	18.7777777778	1.46868476738e-05	9.0	5.0	14.0	0.285714285714	1.14285714286	0.285049407403	11.0	3.0	14.0	0.571428571429	4.57142857143	0.0325094446457	123	0	0	0	0	0	0	0	0	0	0	1	0
5	83500043	490625	20.0	3.05732484076e-06	1.42675159236e-05	1.07006369427e-05	13.0	4.0	17.0	0.529411764706	4.76470588235	0.0290490221619	14.0	3.0	17.0	0.647058823529	7.11764705882	0.00763288178779	2.0	2.0	4.0	0.0	0	1.0	3.0	1.0	4.0	0.5	0	1.0	na	1	0	0	0	0	0	0	0	0	0	0	0
5	84000170	492670	21.0	4.05951245255e-06	1.62380498102e-05	1.01487811314e-05	11.0	6.0	17.0	0.294117647059	1.47058823529	0.225252906361	11.0	6.0	17.0	0.294117647059	1.47058823529	0.225252906361	2.0	2.0	4.0	0.0	0	1.0	2.0	2.0	4.0	0.0	0	1.0	na	1	0	0	0	0	0	0	0	0	0	0	0
5	84500081	491810	8.0	0.0	8.1332221793e-06	4.06661108965e-06	6.0	2.0	8.0	0.5	0	1.0	6.0	2.0	8.0	0.5	0	1.0	0.0	0.0	0.0	0	0	1.0	0.0	0.0	0.0	0	0	1.0	na	1	0	0	0	0	0	0	0	0	0	0	0
5	85000037	491925	77.0	2.54103775982e-05	4.2689434365e-05	3.70991512934e-05	26.0	21.0	47.0	0.106382978723	0.531914893617	0.465802909242	26.0	21.0	47.0	0.106382978723	0.531914893617	0.465802909242	19.0	13.0	32.0	0.1875	1.125	0.288844366346	19.0	13.0	32.0	0.1875	1.125	0.288844366346	none	0	1	0	0	0	0	0	0	0	0	0	0
5	85500051	491256	38.0	1.0177992737e-05	2.64627811162e-05	1.93381862003e-05	18.0	10.0	28.0	0.285714285714	2.28571428571	0.130570018116	18.0	10.0	28.0	0.285714285714	2.28571428571	0.130570018116	4.0	6.0	10.0	-0.2	0.4	0.527089256866	4.0	6.0	10.0	-0.2	0.4	0.527089256866	none	0	1	0	0	0	0	0	0	0	0	0	0
5	86000028	491552	17.0	8.13749104876e-06	4.06874552438e-06	6.10311828657e-06	5.0	4.0	9.0	0.111111111111	0	1.0	5.0	4.0	9.0	0.111111111111	0	1.0	5.0	7.0	12.0	-0.166666666667	0.333333333333	0.563702861651	5.0	7.0	12.0	-0.166666666667	0.333333333333	0.563702861651	na	1	0	0	0	0	0	0	0	0	0	0	0
5	86500000	490876	58.0	1.01858717884e-05	4.37992486901e-05	2.80111474181e-05	25.0	21.0	46.0	0.0869565217391	0.347826086957	0.555346316671	26.0	20.0	46.0	0.130434782609	0.782608695652	0.376344493499	6.0	9.0	15.0	-0.2	0.6	0.438578026081	7.0	8.0	15.0	-0.0666666666667	0.0666666666667	0.796253414738	none	0	1	0	0	0	0	0	0	0	0	0	0
5	87000108	491509	22.0	4.06910148136e-06	1.62764059254e-05	1.11900290737e-05	11.0	6.0	17.0	0.294117647059	1.47058823529	0.225252906361	11.0	6.0	17.0	0.294117647059	1.47058823529	0.225252906361	4.0	1.0	5.0	0.6	0	1.0	4.0	1.0	5.0	0.6	0	1.0	na	1	0	0	0	0	0	0	0	0	0	0	0
5	87500004	491657	43.0	5.08484573595e-06	2.74581669741e-05	1.6271506355e-05	23.0	15.0	38.0	0.210526315789	1.68421052632	0.194365910803	26.0	12.0	38.0	0.368421052632	5.15789473684	0.0231409313087	4.0	6.0	10.0	-0.2	0.4	0.527089256866	7.0	3.0	10.0	0.4	1.6	0.205903210732	none	0	1	0	0	0	0	0	0	0	0	0	0
5	88000000	491005	16.0	2.03663913809e-06	1.42564739667e-05	8.14655655238e-06	13.0	1.0	14.0	0.857142857143	10.2857142857	0.00134064111723	13.0	1.0	14.0	0.857142857143	10.2857142857	0.00134064111723	1.0	1.0	2.0	0.0	0	1.0	1.0	1.0	2.0	0.0	0	1.0	na	1	0	0	0	0	0	0	0	0	0	0	0
5	88500015	490661	44.0	9.17130157074e-06	2.44568041886e-05	1.78330863875e-05	24.0	6.0	30.0	0.6	10.8	0.00101500094711	26.0	4.0	30.0	0.733333333333	16.1333333333	5.90357804959e-05	6.0	12.0	18.0	-0.333333333333	2.0	0.15729920705	8.0	10.0	18.0	-0.111111111111	0.222222222222	0.637351888234	123	0	0	0	0	0	0	0	0	0	0	1	0
5	88915130	408653	71.0	1.83529791779e-05	6.60707250406e-05	4.22118521092e-05	42.0	14.0	56.0	0.5	14.0	0.000182810632982	42.0	14.0	56.0	0.5	14.0	0.000182810632982	12.0	5.0	17.0	0.411764705882	2.88235294118	0.0895550744136	12.0	5.0	17.0	0.411764705882	2.88235294118	0.0895550744136	123	0	0	0	0	0	0	0	0	0	0	1	0
