X	500007	491037	5	3	0	4	0	0	1	4	0	0	1	0	0	0	6
X	1000102	489412	9	2	1	1	0	0	1	4	0	0	0	1	0	0	3
X	1500061	489277	9	3	1	3	0	0	0	0	1	0	0	0	0	1	1
X	2000026	489934	10	9	0	5	0	0	2	6	0	1	0	1	2	2	4
X	2500007	490002	24	4	0	14	0	0	0	8	0	3	0	1	0	1	12
X	3000012	490273	12	11	0	7	1	0	2	5	0	0	1	0	0	0	1
X	3500008	491108	1	3	0	0	0	0	0	1	0	0	0	0	0	1	2
X	4000169	491101	22	4	0	2	0	0	2	4	0	2	1	0	1	0	5
X	4500000	490118	3	0	0	2	0	0	0	1	0	0	0	0	0	0	0
X	5000005	491599	18	4	0	3	0	0	2	2	0	0	2	1	0	0	3
X	5500000	492157	17	2	1	5	0	0	0	0	0	0	0	0	0	0	0
X	6000014	493909	20	1	0	3	2	1	0	1	0	0	1	0	1	1	11
X	6500143	492553	21	2	0	4	0	0	0	0	0	0	0	0	0	0	8
X	7000014	493441	6	6	0	6	0	0	0	2	0	1	0	0	0	0	9
X	7500092	494450	11	2	0	1	0	0	0	3	0	1	0	0	0	1	3
X	8000009	494414	23	11	0	20	0	0	0	9	0	1	0	0	0	2	17
X	8500220	495133	19	1	0	1	0	0	0	0	0	0	0	0	0	0	9
X	9000007	494445	7	6	0	2	0	0	0	5	0	0	1	0	0	0	3
X	9500267	493797	24	10	2	4	0	1	1	17	0	2	1	2	0	0	18
X	10000011	493634	11	5	0	3	0	0	0	1	0	3	1	2	0	1	7
X	10500176	494275	5	0	0	1	0	0	0	0	0	0	0	0	0	0	1
X	11000215	495020	8	10	0	9	0	0	0	10	3	0	1	1	0	2	15
X	11500054	494616	11	8	0	5	0	0	1	5	0	0	0	1	0	0	2
X	12000018	494046	21	0	0	0	0	0	0	0	0	0	0	0	0	1	0
X	12500038	494514	8	3	0	1	0	0	0	2	0	1	0	0	0	0	8
X	13000003	494268	9	8	0	5	0	0	1	3	0	0	0	0	0	0	5
X	13500173	494744	12	6	0	5	0	0	0	2	0	0	0	0	0	0	10
X	14000054	494737	2	2	0	5	0	0	0	2	0	0	0	0	0	0	3
X	14500170	494450	5	4	0	4	0	0	0	4	0	0	0	0	0	0	1
X	15000160	494995	16	6	0	7	1	1	0	8	0	0	3	0	0	0	13
X	15500033	494212	8	13	2	8	0	2	0	2	1	0	1	0	0	1	4
X	16000415	494939	8	6	0	6	0	0	0	5	0	1	0	0	0	0	5
X	16500022	494748	6	6	0	15	0	0	0	3	0	0	0	0	0	0	3
X	17000114	494243	49	32	2	22	1	3	0	14	2	1	0	0	3	1	26
X	17500089	494741	14	19	0	23	0	0	0	11	1	2	0	0	0	1	17
X	18000085	494294	17	10	1	12	1	0	0	9	1	0	0	1	0	3	13
X	18500354	495049	39	14	0	19	4	0	0	11	1	0	2	1	0	0	15
X	19000011	494160	13	15	0	10	0	1	0	8	0	0	0	1	2	3	4
X	19500001	494873	15	10	1	20	1	3	1	6	1	3	5	0	0	1	16
X	20000170	494836	7	4	1	1	0	0	0	0	0	0	0	0	0	1	13
X	20500055	494971	15	10	0	4	0	0	1	11	0	0	1	0	0	0	7
X	21000050	494506	19	30	1	22	0	2	0	25	3	0	3	5	1	3	13
X	21500011	494706	17	10	0	3	0	0	1	3	0	0	0	0	0	1	8
X	22000033	494183	26	49	1	43	1	2	2	33	0	4	1	3	2	2	35
X	22500135	494610	14	2	0	1	1	0	0	0	0	0	0	0	0	0	5
X	23000219	494868	10	33	3	16	2	1	0	22	2	1	0	0	2	0	20
X	23500202	494594	20	13	0	7	0	0	0	9	1	1	1	0	0	0	11
X	24000102	494798	6	7	0	15	0	0	0	2	0	0	1	0	0	0	20
X	24500115	494593	6	11	1	25	0	2	0	3	2	0	1	1	0	0	13
X	25000010	494453	7	2	0	4	0	0	0	2	0	1	0	0	0	0	2
X	25500089	494313	26	30	1	24	0	2	0	18	0	3	1	2	0	1	24
X	26000197	494172	17	32	2	21	2	0	0	12	0	3	0	2	1	1	16
X	26500058	494516	9	0	0	0	0	0	0	0	0	0	0	0	0	0	1
X	27000068	494950	8	6	0	10	0	0	0	7	0	1	0	1	0	0	5
X	27500090	494844	8	12	0	8	0	0	1	10	0	1	1	2	0	0	13
X	28000108	494222	17	19	0	18	1	1	1	9	1	2	0	2	1	1	21
X	28500092	494896	0	0	0	1	0	0	0	4	0	0	0	0	0	0	0
X	29000039	493664	40	52	2	53	1	2	0	26	5	2	5	1	1	1	20
X	29500004	494021	42	27	5	20	6	0	1	26	0	1	1	2	5	2	13
X	30000004	494673	20	9	0	15	1	1	1	12	1	0	0	0	1	0	12
X	30500048	494330	8	11	1	13	0	1	0	1	0	0	0	1	0	1	4
X	31000321	494790	21	17	4	7	0	1	0	4	1	1	0	0	0	1	7
X	31500039	494548	20	21	1	16	0	1	1	10	1	0	1	0	1	0	16
X	32000213	493680	15	16	0	32	2	0	1	9	2	0	1	0	0	1	14
X	32500011	493843	34	35	3	26	1	1	4	21	1	0	1	1	0	2	13
X	33000028	494136	5	1	0	1	0	0	0	0	0	1	3	0	0	0	3
X	33500029	494863	12	19	1	15	0	0	0	15	0	1	0	3	1	0	16
X	34000035	494375	4	8	0	2	0	1	0	3	0	0	0	0	1	0	2
X	34500004	494154	3	2	2	8	1	0	0	1	0	1	0	2	0	0	1
X	35000088	494294	15	17	2	25	0	0	1	8	0	1	0	2	1	0	6
X	35500009	494540	16	1	0	1	0	0	0	0	0	0	0	0	0	1	4
X	36000248	494318	22	22	1	17	2	2	0	9	2	0	0	2	0	1	15
X	36500122	494428	27	10	0	24	1	2	0	18	1	0	0	1	0	0	15
X	37000005	494270	8	11	2	6	0	0	0	6	0	2	0	0	0	0	8
X	37500011	494491	18	14	2	6	1	0	0	3	0	0	0	0	0	4	12
X	38000051	493918	26	13	1	7	0	0	0	6	1	3	0	0	0	1	4
X	38500098	494518	9	1	1	8	0	0	1	2	1	0	0	0	0	0	3
X	39000086	494600	24	9	0	18	0	4	0	15	5	0	0	0	0	7	20
X	39500012	493787	19	34	2	29	0	1	0	17	4	2	1	1	1	1	10
X	40000229	494220	34	27	2	16	1	2	1	17	0	1	0	1	2	2	13
X	40500005	494130	21	20	1	24	0	1	1	11	0	3	3	0	0	0	18
X	41000021	494292	19	11	0	11	0	1	0	5	0	1	0	1	0	0	6
X	41500081	494344	47	13	2	21	4	1	0	10	0	2	1	0	1	1	16
X	42000085	494281	21	5	2	14	0	0	0	2	0	2	1	0	0	2	10
X	42500212	494425	14	4	0	6	1	0	0	9	1	1	0	0	1	0	5
X	43000040	494074	44	39	1	35	3	7	0	29	1	1	2	1	0	2	39
X	43500921	494240	54	59	4	67	2	4	2	26	3	1	1	1	4	4	72
X	44000010	492199	74	47	2	54	2	2	2	32	3	5	1	1	6	5	51
X	44500176	493785	52	57	1	52	0	15	3	47	2	5	0	6	0	13	55
X	45000017	493988	44	44	2	28	2	0	0	19	0	2	0	0	2	1	33
X	45500087	494089	23	30	1	25	1	3	0	26	0	2	1	1	0	1	24
X	46000321	494308	52	43	0	48	0	2	2	38	1	5	0	4	0	5	42
X	46500064	493881	30	22	1	28	2	1	0	9	0	0	3	1	0	1	21
X	47000036	494675	35	39	1	35	1	1	2	19	0	2	1	1	4	1	21
X	47500070	493790	54	55	5	45	0	5	0	33	0	4	1	2	4	3	33
X	48000008	493363	48	37	7	43	1	1	1	34	1	3	1	2	1	4	33
X	48500130	493677	47	56	2	56	3	3	1	32	0	1	2	1	4	7	75
X	49000053	493538	30	13	2	18	2	0	0	14	3	1	1	1	1	2	15
X	49500191	493533	76	60	5	44	2	1	0	13	1	1	3	4	1	8	39
X	50000043	493150	42	47	9	51	4	4	3	32	4	2	3	1	6	6	56
X	50500007	493374	50	31	0	32	2	1	0	28	3	1	1	2	1	8	31
X	51000023	492739	49	60	0	49	1	5	2	27	3	3	2	5	4	5	44
X	51500111	493369	45	44	0	33	0	1	1	16	2	1	1	2	3	6	22
X	52000013	493597	48	40	0	34	3	5	1	15	0	3	2	1	4	4	28
X	52500095	493984	38	26	1	24	1	2	3	25	0	1	0	2	1	6	24
X	53000005	493719	64	38	2	34	3	9	1	15	2	1	2	2	2	7	46
X	53500027	494244	16	13	0	8	0	0	0	7	2	2	1	0	1	2	12
X	54000217	493979	26	18	2	32	1	0	2	27	1	0	1	3	1	0	33
X	54500113	494100	23	21	1	25	0	2	1	15	0	1	0	0	0	3	11
X	55000107	494618	13	17	0	3	0	0	1	6	2	1	0	0	1	0	11
X	55500026	494141	36	28	1	33	3	1	4	4	4	1	3	2	0	1	29
X	56000003	494182	9	19	0	10	1	0	0	4	0	1	0	0	0	0	2
X	56500253	494709	19	12	1	15	1	0	0	11	1	1	1	1	2	0	13
X	57000032	494269	37	46	3	28	1	3	1	30	2	2	3	1	4	3	41
X	57500235	493715	65	41	1	38	3	1	2	23	1	2	2	3	1	3	32
X	58000020	494076	33	31	0	39	0	2	2	23	1	1	0	1	0	2	41
X	58500000	493963	49	34	0	30	0	2	1	18	1	2	0	1	1	0	44
X	59000044	493946	44	41	2	24	1	1	1	28	1	2	4	1	1	4	44
X	59500081	493243	42	52	2	27	4	4	0	25	1	3	1	4	2	7	51
X	60000138	493842	37	42	0	50	1	5	2	29	0	2	1	1	2	2	30
X	60500160	493984	36	25	0	22	0	2	0	20	0	2	2	4	2	3	23
X	61000033	492341	79	45	1	48	0	4	0	46	0	6	0	3	1	6	51
X	61500035	492360	81	60	2	33	3	4	4	46	3	3	2	6	3	5	48
X	62000105	493362	34	43	1	29	1	2	3	12	1	1	2	2	3	1	23
X	62500105	493828	51	42	2	42	0	1	2	31	0	4	2	2	1	6	37
X	63000238	493851	81	29	1	28	0	4	2	21	1	2	2	0	1	5	31
X	63500048	493686	38	43	1	60	3	1	2	25	4	0	0	2	1	3	42
X	64000016	493500	36	27	1	20	0	0	2	24	2	0	0	2	1	4	26
X	64500083	493446	44	33	1	42	2	0	0	21	4	2	1	2	0	2	33
X	65000233	493013	49	39	2	41	6	2	4	20	2	9	3	4	1	5	32
X	65500083	493167	47	52	0	42	0	3	0	28	2	0	0	4	2	3	38
X	66000040	493792	49	34	0	42	0	0	0	19	2	1	1	2	0	0	26
X	66500003	493267	39	40	1	51	3	6	4	20	1	4	1	1	0	3	22
X	67000011	493117	50	40	3	34	2	1	0	17	2	2	2	1	1	4	45
X	67500049	493459	66	51	1	43	2	2	1	35	2	4	3	0	4	3	45
X	68000140	493267	44	73	5	67	2	9	3	33	5	3	4	4	5	6	57
X	68500107	493204	67	37	1	38	3	5	2	21	1	4	3	0	2	1	23
X	69000056	492353	82	63	2	57	2	1	3	51	2	1	6	3	4	4	38
X	69500005	493010	81	49	2	70	3	6	3	44	2	5	1	3	2	6	44
X	70000041	494344	57	40	0	24	1	0	4	34	7	1	1	5	1	1	19
X	70500253	493994	23	8	2	11	1	0	2	13	0	0	1	0	0	1	10
X	71000031	494062	46	23	3	31	1	0	0	10	0	4	0	1	2	1	21
X	71500209	493299	67	32	1	45	1	3	1	23	4	1	3	2	0	2	25
X	72000001	493252	53	17	4	32	3	2	2	25	2	3	4	2	0	0	28
X	72500097	492719	52	40	1	49	1	2	3	29	1	4	1	1	1	15	36
X	73000162	493361	68	44	0	40	2	2	0	24	0	2	1	3	0	3	47
X	73500411	493297	38	34	2	36	0	4	2	26	0	1	1	2	1	4	17
X	74000201	492496	60	56	3	53	5	3	0	30	4	4	3	6	1	8	46
X	74500000	493491	32	25	1	27	1	1	4	30	0	0	1	2	0	0	28
X	75000252	493673	47	54	3	39	0	2	2	34	1	2	1	2	4	4	32
X	75500122	493734	19	37	1	31	1	9	1	25	3	2	0	1	1	1	25
X	76000138	493701	50	41	4	36	3	2	3	32	0	0	0	2	3	0	31
X	76500054	494159	27	39	4	24	0	3	1	26	1	4	3	3	1	1	41
X	77000028	492768	89	62	6	74	4	2	3	65	3	3	3	4	0	3	58
X	77500067	493999	34	35	3	23	1	1	2	14	3	0	1	0	0	1	20
X	78000092	493400	57	70	2	62	1	0	2	42	2	2	4	2	3	5	76
X	78500204	493415	58	58	2	47	2	1	5	40	2	0	1	4	1	1	51
X	79000026	492848	74	49	1	35	1	1	0	14	1	3	3	4	3	4	45
X	79500025	493727	32	43	1	33	0	4	0	19	3	3	5	0	1	2	45
X	80000311	493496	32	31	2	30	2	2	2	22	3	2	2	2	1	6	28
X	80500098	493363	60	41	0	46	1	0	5	35	1	0	2	3	3	3	30
X	81000006	494253	44	26	1	39	2	3	1	25	2	2	0	2	1	0	42
X	81500106	493910	28	33	1	27	2	0	2	21	1	3	0	5	1	2	31
X	82000115	494167	28	12	0	20	1	0	1	12	0	0	0	1	1	3	15
X	82500001	493964	35	28	1	32	0	2	0	18	0	0	2	0	2	3	28
X	83000151	493644	30	33	0	32	1	1	0	48	0	6	2	4	4	2	42
X	83500002	493593	47	41	2	34	4	1	2	34	4	2	4	5	6	3	47
X	84000031	494004	48	40	1	23	1	2	0	23	1	1	1	2	0	7	18
X	84500113	494486	11	10	0	18	0	0	0	4	2	0	0	1	0	0	20
X	85000210	493985	19	26	0	21	0	1	2	15	0	0	2	0	2	1	16
X	85500067	493897	29	33	0	48	2	2	2	26	2	1	4	1	4	3	28
X	86000424	494293	39	32	1	38	2	0	1	36	1	2	2	4	2	1	28
X	86500020	492905	40	45	1	49	0	3	1	25	6	0	4	0	0	2	33
X	87000042	493330	29	37	3	24	1	4	3	28	0	2	1	4	0	2	43
X	87500084	494318	28	25	0	21	1	0	1	20	0	0	2	1	1	0	31
X	88000100	494483	31	52	1	31	2	9	2	27	1	2	2	0	2	1	43
X	88500094	493906	14	11	0	7	0	0	0	10	0	0	1	0	2	1	18
X	89000338	493417	50	56	0	59	5	1	1	43	1	0	2	9	2	4	48
X	89500021	493725	15	21	2	25	0	1	1	13	0	1	1	1	0	3	31
X	90000001	493836	23	14	1	29	0	2	1	16	0	0	2	1	0	0	16
X	90500042	493966	28	46	1	35	0	3	1	22	2	1	2	4	3	5	33
X	91000151	494699	5	2	1	8	0	0	0	4	0	0	1	1	1	1	11
X	91500000	493804	6	0	1	1	1	0	0	1	0	0	0	0	0	0	2
X	92000345	494318	22	17	0	15	0	2	1	8	1	1	1	2	0	1	12
X	92500054	493541	26	15	3	11	0	3	1	6	2	2	1	4	2	1	8
X	93000202	494425	24	25	0	16	0	1	0	13	3	0	1	2	1	0	10
X	93500083	494144	7	15	3	15	0	0	0	18	0	1	3	0	0	0	14
X	94000127	493245	43	75	2	76	4	5	6	62	2	1	2	2	1	8	71
X	94500137	493257	65	93	1	72	3	1	2	49	1	4	3	5	2	2	66
X	95000017	494821	7	14	0	7	0	0	0	5	0	1	2	0	1	1	6
X	95500160	494666	9	4	0	10	0	0	0	5	0	1	0	3	0	0	11
X	96000069	494598	18	5	0	9	0	0	1	3	1	0	0	0	0	0	4
X	96500009	494767	7	7	0	6	0	1	0	1	0	0	0	1	0	0	3
X	97000324	493975	26	51	1	39	0	1	5	32	0	0	3	2	4	1	47
X	97500010	493742	31	23	0	20	3	2	2	9	0	1	2	1	0	1	20
X	98000595	493439	53	50	2	55	0	4	3	39	3	5	2	1	3	4	44
X	98500049	492453	28	36	0	37	1	0	2	20	0	2	3	4	1	4	42
X	99000065	493334	45	37	0	49	0	1	1	32	2	0	1	3	1	1	28
X	99500070	493558	34	39	0	54	1	1	2	40	1	4	3	3	0	1	35
X	100000087	493547	41	45	1	44	4	2	0	15	0	2	0	1	3	1	36
X	100500110	493032	61	71	2	68	4	4	2	62	1	3	2	9	3	2	55
X	101000083	494548	15	4	0	2	0	0	2	5	0	0	0	1	0	2	11
X	101500015	494149	11	19	3	18	1	4	0	21	1	2	2	5	0	5	17
X	102000036	494239	49	51	2	49	4	3	1	25	0	2	0	2	2	3	48
X	102500051	493730	48	42	1	29	1	0	1	36	0	3	3	2	3	1	35
X	103000209	493535	57	33	1	30	2	0	0	22	0	1	0	3	2	4	42
X	103500314	494023	36	27	0	36	0	2	4	22	1	0	1	2	0	6	24
X	104000082	494573	1	2	0	3	0	0	0	0	0	0	0	0	0	0	3
X	104500097	494284	22	17	1	13	0	2	1	3	1	0	1	0	0	0	13
X	105000204	494478	9	14	0	12	0	1	1	9	0	0	0	1	0	0	7
X	105500076	494613	18	4	1	9	3	1	0	5	0	0	0	0	0	0	12
X	106000188	493169	28	29	0	30	0	3	2	24	0	0	1	2	1	2	31
X	106500157	493852	66	34	0	47	0	0	1	16	3	3	2	1	3	2	41
X	107000261	494645	0	6	0	5	0	0	1	1	0	0	0	0	0	0	3
X	107500110	494308	15	15	0	16	0	3	0	5	0	0	0	2	0	0	5
X	108000007	493964	11	11	0	21	0	0	0	6	1	0	2	0	0	0	9
X	108500353	494299	31	54	0	52	3	2	0	48	2	3	1	4	1	2	47
X	109000075	494667	14	15	0	9	0	1	0	7	0	1	0	0	0	0	5
X	109500070	493843	42	51	2	44	0	2	5	38	0	1	3	7	3	0	42
X	110000029	494161	31	20	0	36	0	1	0	23	0	2	2	0	1	2	21
X	110500014	493937	11	17	1	10	1	0	2	14	0	1	0	0	0	0	14
X	111000007	494042	13	18	0	22	0	1	0	12	0	0	1	0	0	2	27
X	111500039	494191	19	8	3	6	1	1	0	2	0	1	0	0	0	1	9
X	112000115	493667	0	8	0	3	0	1	0	3	0	0	2	0	2	0	3
X	112500109	493656	19	3	0	9	2	1	2	5	0	1	1	0	0	1	5
X	113000086	494528	8	15	2	10	0	0	2	5	0	0	0	1	0	0	5
X	113500146	493866	15	4	1	5	2	1	0	10	0	0	0	0	0	2	7
X	114000155	494070	26	11	0	25	0	1	0	6	0	1	0	0	0	1	9
X	114500082	494094	6	5	2	2	0	0	1	3	0	0	0	0	0	0	4
X	115000309	494416	16	7	2	7	1	1	0	16	2	1	0	0	4	1	7
X	115500147	494329	18	18	0	12	1	1	1	10	0	0	0	2	0	0	13
X	116000022	494194	18	11	0	13	0	0	1	5	0	3	0	1	0	2	7
X	116500049	495052	6	3	0	7	0	0	0	0	0	0	0	1	0	0	4
X	117000444	494960	16	8	1	7	0	1	1	6	0	2	0	1	2	1	11
X	117500239	494296	16	18	1	19	0	1	0	14	0	0	1	0	0	0	10
X	118000168	492413	18	13	0	13	0	5	2	8	0	0	1	1	1	1	8
X	118500020	493138	27	16	0	28	0	0	0	21	0	1	2	1	0	4	22
X	119000779	494974	1	1	0	4	0	0	0	2	0	0	0	0	0	0	2
X	119500256	493646	3	3	0	6	0	0	0	2	0	0	0	0	0	1	6
X	120000354	494386	34	20	1	10	1	2	1	5	0	0	0	0	0	0	10
X	120500052	493970	50	45	1	57	2	3	0	22	2	2	2	0	2	0	30
X	121000166	493856	32	28	0	36	1	4	1	24	0	2	3	1	2	2	25
X	121504178	497495	2	4	0	2	0	0	0	0	0	0	0	0	0	0	3
X	122000069	490203	11	11	0	13	0	1	0	6	0	0	0	0	0	3	5
X	122500039	492772	18	27	0	24	1	2	1	21	1	2	1	4	1	3	20
X	123000039	494053	27	20	0	19	0	0	0	14	0	0	1	0	0	3	17
X	123500008	494217	35	19	2	26	3	1	2	12	0	1	1	2	1	0	26
X	123500008	495684	35	14	0	18	0	4	1	11	0	0	0	1	5	7	11
